jobs 100
mach 20
init 0 52 63 100 16 31 53 51 61 24 19 54 70 37 98 35 3 38 23 85 73 88 81 96 74 2 45 34 79 65 20 21 91 56 33 44 58 99 69 80 67 75 17 76 10 43 82 8 41 18 1 36 46 90 15 71 29 93 28 86 89 50 83 60 84 11 92 48 26 22 42 13 97 57 59 12 72 94 64 6 62 87 47 32 68 40 14 66 95 7 30 4 55 27 25 39 5 77 49 9 78
best 496802
best 493024 step 1 time 1125 ms
best 485157 step 2 time 1560 ms
best 476571 step 4 time 1981 ms
best 472874 step 10 time 3512 ms
best 470983 step 11 time 3755 ms
best 466416 step 21 time 6624 ms
best 464749 step 36 time 11056 ms
best 463696 step 75 time 21611 ms
best 461668 step 76 time 21925 ms
best 461547 step 77 time 22262 ms
best 461179 step 198 time 52178 ms
best 461144 step 199 time 52465 ms
best 457649 step 208 time 55042 ms
best 457377 step 209 time 55425 ms
best 455330 step 232 time 61034 ms
best 453942 step 233 time 61195 ms
best 453595 step 237 time 62476 ms
best 452565 step 240 time 63302 ms
best 452190 step 242 time 63756 ms
best 451297 step 246 time 64800 ms
best 450211 step 2056 time 534182 ms
done 0 52 73 100 18 24 16 34 35 23 58 8 51 53 54 19 70 98 88 38 31 74 37 67 81 91 45 20 65 10 79 36 63 17 21 96 3 33 2 89 99 80 85 75 64 44 56 82 43 69 97 86 83 1 60 61 41 46 15 90 93 71 76 50 59 48 94 13 29 72 28 92 11 42 26 22 47 57 84 68 40 32 62 6 87 12 95 27 66 7 14 30 77 5 55 4 25 39 49 9 78
best 450211
time 950090 ms
seed 12
