jobs 100
mach 20
init 0 48 61 31 82 38 25 99 45 96 23 92 97 19 21 63 52 4 75 65 51 9 64 100 35 22 6 39 87 50 24 77 89 37 29 1 49 70 86 95 17 3 68 32 66 94 79 85 73 42 98 59 71 91 16 44 83 34 78 36 54 11 41 93 7 47 14 62 88 18 15 67 60 72 13 84 30 27 55 53 2 12 76 90 8 40 80 26 56 33 46 10 5 58 43 69 20 28 81 74 57
best 502184
best 498258 step 2 time 1162 ms
best 494849 step 3 time 1483 ms
best 490833 step 4 time 1681 ms
best 486004 step 5 time 1872 ms
best 483450 step 7 time 2460 ms
best 478377 step 10 time 3367 ms
best 470514 step 50 time 13782 ms
best 462444 step 53 time 15042 ms
best 462277 step 2484 time 665202 ms
done 0 69 25 48 31 92 4 38 97 75 23 19 21 65 99 82 63 9 45 64 24 89 29 77 87 100 73 52 32 95 35 68 39 86 49 96 6 51 16 71 1 70 22 44 50 66 94 60 59 83 78 37 36 85 42 79 17 91 14 41 18 11 93 62 88 98 47 7 34 3 13 72 84 53 90 30 27 2 15 55 61 20 76 12 40 80 8 67 26 56 54 46 10 43 58 5 33 81 28 74 57
best 462277
time 950074 ms
seed 12
