jobs 100
mach 20
init 0 26 14 12 18 86 72 82 69 29 33 80 64 63 54 24 89 42 43 79 25 97 49 56 13 93 59 53 61 92 5 99 7 17 77 90 9 88 40 52 68 78 20 55 57 100 85 44 71 84 8 45 6 95 1 39 38 37 50 30 11 81 58 46 19 73 87 4 28 60 66 10 83 96 98 15 65 67 16 51 76 3 62 27 47 23 94 70 32 35 75 31 34 41 48 36 91 22 21 74 2
best 567072
best 553167 step 1 time 757 ms
best 551116 step 2 time 971 ms
best 548879 step 3 time 1256 ms
best 544251 step 4 time 1491 ms
best 540091 step 7 time 2219 ms
best 538161 step 15 time 4584 ms
best 536127 step 17 time 5070 ms
best 534767 step 19 time 5589 ms
best 534355 step 21 time 6052 ms
best 527604 step 22 time 6357 ms
best 526605 step 42 time 11570 ms
best 525763 step 70 time 19556 ms
best 525649 step 71 time 19745 ms
best 523846 step 79 time 21478 ms
best 522452 step 81 time 22269 ms
best 520164 step 84 time 22834 ms
best 517267 step 96 time 26025 ms
best 516462 step 2102 time 539436 ms
best 515439 step 2104 time 539892 ms
done 0 33 26 24 52 78 86 14 12 29 18 72 64 11 69 63 54 79 82 42 80 97 57 17 49 53 61 25 7 90 89 43 27 6 9 56 85 92 59 5 13 99 68 81 15 100 8 40 28 88 50 77 84 3 95 39 73 45 44 55 71 4 93 1 30 37 38 20 46 23 58 19 67 96 16 83 51 87 47 66 76 65 70 60 32 98 94 62 10 75 91 31 41 48 34 36 21 22 35 74 2
best 515439
time 950116 ms
seed 12
