jobs 100
mach 20
init 0 23 34 62 45 75 52 37 17 98 21 90 73 9 80 71 60 29 77 42 25 87 68 44 88 70 79 66 27 19 81 84 95 11 5 18 10 50 69 12 16 85 55 40 61 53 89 86 59 36 1 97 22 64 58 82 2 47 51 39 65 94 78 83 32 49 76 63 24 30 56 54 33 26 91 15 99 3 6 67 35 8 20 92 100 72 41 14 13 7 96 46 74 31 38 28 4 93 57 48 43
best 590414
best 586636 step 5 time 1648 ms
best 573854 step 6 time 1904 ms
best 566600 step 7 time 2277 ms
best 566332 step 15 time 4325 ms
best 560722 step 16 time 4922 ms
best 551979 step 17 time 5310 ms
best 548875 step 34 time 10108 ms
best 547967 step 76 time 21053 ms
best 547657 step 78 time 21541 ms
best 547248 step 95 time 26008 ms
best 545388 step 141 time 37247 ms
best 541315 step 142 time 37611 ms
best 540779 step 377 time 97649 ms
best 536967 step 378 time 97845 ms
best 536488 step 439 time 113137 ms
best 536064 step 520 time 132918 ms
best 532065 step 534 time 136354 ms
best 531934 step 2084 time 546442 ms
done 0 23 62 1 45 17 75 37 21 80 52 32 55 16 25 34 71 98 44 12 40 60 9 66 29 27 82 61 19 42 79 11 84 68 88 77 87 89 50 81 85 39 69 70 51 49 94 64 53 65 18 59 58 2 90 73 97 22 67 86 83 5 10 95 56 91 36 76 63 24 99 26 41 78 6 35 33 30 92 31 13 47 8 54 100 20 74 14 15 7 96 46 48 3 28 4 93 72 43 57 38
best 531934
time 950055 ms
seed 12
