jobs 100
mach 20
init 0 56 62 55 14 3 66 84 27 94 81 24 74 16 83 10 33 38 29 71 64 68 97 11 23 91 21 15 26 96 75 92 67 80 98 54 93 52 19 100 46 63 70 36 6 17 95 25 76 49 9 57 34 13 41 82 12 18 79 78 69 4 30 77 50 1 51 35 2 88 32 39 72 61 53 73 43 42 59 87 5 58 37 8 31 86 48 60 7 20 45 28 40 44 90 65 85 89 99 22 47
best 599279
best 596423 step 3 time 2163 ms
best 594516 step 4 time 3585 ms
best 593980 step 6 time 4841 ms
best 586447 step 9 time 6211 ms
best 586367 step 10 time 6474 ms
best 585615 step 20 time 10640 ms
best 585116 step 24 time 12033 ms
best 583825 step 27 time 12997 ms
best 581154 step 29 time 13822 ms
best 568974 step 85 time 36324 ms
best 568807 step 1454 time 545637 ms
done 0 56 62 55 3 16 94 24 74 66 57 14 83 81 80 29 10 71 46 15 64 96 38 11 23 68 93 26 91 98 27 21 97 33 52 70 76 49 41 39 19 100 25 92 84 75 36 6 73 69 63 95 9 13 30 82 12 54 18 51 34 4 77 50 61 43 42 17 1 35 88 67 59 32 37 78 79 31 2 87 72 5 58 99 7 8 28 53 48 86 60 20 90 65 44 85 45 89 40 47 22
best 568807
time 950346 ms
seed 12
