jobs 100
mach 20
init 0 75 71 11 94 67 4 92 56 60 2 83 58 46 54 16 41 53 76 10 91 17 47 59 100 25 64 65 23 82 33 96 43 44 36 81 39 52 32 95 69 49 98 20 84 21 89 55 86 38 74 37 13 12 6 8 1 30 15 57 99 40 29 73 97 78 34 19 63 70 42 14 26 45 35 62 18 51 28 85 7 50 27 66 31 24 80 3 22 90 68 72 88 79 5 87 9 48 61 77 93
best 485993
best 476477 step 5 time 1530 ms
best 472178 step 6 time 2036 ms
best 471014 step 8 time 2528 ms
best 467519 step 11 time 3136 ms
best 463031 step 12 time 3415 ms
best 462683 step 117 time 31383 ms
best 460611 step 128 time 33604 ms
best 460526 step 129 time 33819 ms
best 458936 step 130 time 34049 ms
best 458791 step 131 time 34364 ms
best 458279 step 134 time 35195 ms
best 457935 step 742 time 194771 ms
best 457924 step 743 time 194854 ms
best 457906 step 1007 time 262900 ms
best 457294 step 1314 time 342999 ms
best 456436 step 2017 time 529507 ms
best 456098 step 2547 time 667795 ms
best 455894 step 3003 time 784155 ms
best 454979 step 3387 time 884851 ms
best 452752 step 3388 time 885266 ms
best 452516 step 3396 time 887303 ms
done 0 67 75 71 11 16 4 60 92 53 2 83 94 54 86 65 56 76 17 10 91 20 33 58 96 59 23 89 82 21 100 13 32 47 25 36 64 95 69 43 44 41 46 55 49 81 84 52 73 37 6 97 30 1 38 98 99 78 15 26 39 57 12 74 70 3 29 42 34 40 19 8 90 35 62 31 45 66 85 63 18 51 27 80 14 7 50 28 22 9 24 79 68 87 93 72 88 77 61 5 48
best 452516
time 950286 ms
seed 12
