jobs 100
mach 20
init 0 48 17 77 41 51 58 79 37 13 16 80 70 24 89 67 87 38 82 35 92 23 91 54 61 69 34 7 63 64 66 72 100 33 52 74 42 9 65 22 27 4 20 86 94 14 1 60 56 19 6 12 76 43 81 68 50 73 28 47 96 31 93 84 30 78 83 59 39 95 53 29 97 3 45 55 49 62 98 25 99 75 88 36 26 15 85 11 44 46 21 32 71 40 57 90 2 8 5 18 10
best 518469
best 505620 step 1 time 599 ms
best 504162 step 2 time 840 ms
best 501326 step 3 time 1383 ms
best 498101 step 8 time 2566 ms
best 497324 step 11 time 3426 ms
best 489788 step 13 time 4409 ms
best 484037 step 18 time 5981 ms
best 484006 step 19 time 6130 ms
best 481034 step 252 time 67168 ms
best 480150 step 254 time 67823 ms
best 480119 step 255 time 68093 ms
best 479888 step 256 time 68550 ms
best 479328 step 260 time 69439 ms
done 0 61 13 41 17 77 79 51 58 37 74 23 92 38 70 80 54 24 12 87 67 82 35 86 63 91 69 9 52 34 42 16 22 94 66 56 65 1 64 7 20 27 4 60 19 72 33 84 89 6 78 83 73 28 31 76 43 68 50 95 14 93 48 96 45 53 100 47 59 29 97 62 55 49 39 36 81 88 25 30 3 75 85 98 44 99 71 11 46 32 40 57 21 26 15 90 2 8 10 18 5
best 479328
time 950052 ms
seed 12
