jobs 100
mach 20
init 0 98 22 21 26 2 25 89 29 36 61 38 55 95 30 1 80 83 96 86 14 81 17 69 44 85 99 8 35 15 13 32 11 37 3 50 53 47 94 16 92 72 91 40 75 59 90 68 87 19 63 54 66 24 56 41 28 51 100 18 23 31 27 48 45 79 10 57 73 43 70 65 7 67 33 4 78 58 74 34 5 6 97 77 93 20 49 62 42 60 88 46 64 39 71 9 84 82 12 76 52
best 458680
best 457445 step 1 time 870 ms
best 455996 step 17 time 6816 ms
best 455613 step 19 time 7528 ms
best 449723 step 21 time 8245 ms
best 448608 step 42 time 16093 ms
best 447898 step 43 time 16594 ms
best 447519 step 69 time 24779 ms
best 447494 step 72 time 25374 ms
best 447191 step 76 time 26264 ms
best 444056 step 86 time 29577 ms
best 443411 step 114 time 39769 ms
best 442472 step 123 time 42941 ms
best 441005 step 125 time 43524 ms
best 440493 step 308 time 108166 ms
best 439549 step 315 time 110561 ms
best 438560 step 319 time 112072 ms
best 438069 step 320 time 112472 ms
best 437895 step 737 time 253663 ms
best 437382 step 869 time 298009 ms
best 434825 step 873 time 299682 ms
best 434744 step 874 time 300042 ms
best 434097 step 879 time 302299 ms
best 434025 step 2212 time 763484 ms
done 0 98 50 22 99 21 25 26 29 36 61 38 30 55 35 79 15 95 89 2 83 16 96 69 85 1 8 66 11 80 81 17 24 44 53 92 19 32 14 86 23 47 13 91 75 94 3 31 40 59 90 87 72 10 37 27 68 63 54 56 41 28 51 97 45 100 18 7 77 65 67 57 43 48 33 78 58 34 93 4 70 74 46 49 5 73 6 60 20 62 64 88 42 39 71 9 84 82 52 12 76
best 434025
time 950272 ms
seed 12
