jobs 100
mach 20
init 0 48 22 26 80 92 27 63 97 67 87 50 16 5 88 37 1 68 99 34 41 12 23 86 24 70 47 94 6 72 91 25 30 89 61 54 33 96 100 39 43 51 32 36 17 18 84 93 13 35 20 69 10 45 55 71 75 83 98 2 73 42 82 79 49 46 76 52 95 15 4 29 3 90 78 74 21 60 31 85 62 57 7 53 11 9 56 19 40 65 64 66 81 14 59 44 58 28 38 8 77
best 384246
best 377589 step 1 time 784 ms
best 371627 step 8 time 2379 ms
best 369347 step 9 time 2728 ms
best 368771 step 10 time 3143 ms
best 364300 step 11 time 3323 ms
best 364231 step 12 time 3478 ms
best 362990 step 28 time 7317 ms
best 362091 step 30 time 7799 ms
best 358738 step 181 time 44874 ms
best 358499 step 253 time 64052 ms
best 358150 step 262 time 66061 ms
best 357633 step 265 time 66871 ms
best 357130 step 294 time 74554 ms
best 354944 step 352 time 90103 ms
best 354730 step 379 time 97335 ms
best 354636 step 2940 time 780848 ms
best 353914 step 2945 time 782176 ms
best 353094 step 2952 time 784008 ms
best 351030 step 2961 time 786377 ms
best 349880 step 2962 time 786499 ms
best 349521 step 2964 time 787167 ms
done 0 72 22 26 92 80 97 27 63 67 87 99 88 41 70 50 68 16 5 91 13 24 47 86 98 25 23 34 33 96 6 37 1 93 61 30 89 94 100 12 55 51 32 39 17 43 42 36 54 20 69 10 84 18 71 45 83 2 82 3 29 75 95 21 15 79 46 73 52 35 49 62 4 85 90 76 7 53 48 56 60 78 9 59 40 74 31 64 11 19 81 66 57 65 38 44 14 28 8 58 77
best 349521
time 950158 ms
seed 12
