jobs 100
mach 20
init 0 94 61 37 45 27 17 54 68 40 80 25 44 62 8 3 34 63 79 81 24 71 2 97 38 42 41 33 32 5 92 95 70 78 47 1 55 64 39 76 14 82 53 50 65 73 77 67 10 75 43 6 69 19 87 15 60 49 21 83 11 90 98 31 16 86 100 46 35 88 20 4 84 48 58 52 72 93 56 23 28 29 74 51 89 99 26 30 18 7 13 22 85 96 36 91 57 12 66 9 59
best 552628
best 543113 step 1 time 1007 ms
best 542654 step 2 time 1144 ms
best 538613 step 4 time 2511 ms
best 537742 step 5 time 3015 ms
best 536769 step 6 time 3345 ms
best 536370 step 12 time 4834 ms
best 533072 step 14 time 5512 ms
best 529885 step 28 time 8390 ms
best 528614 step 66 time 17866 ms
best 524849 step 68 time 18470 ms
best 521472 step 82 time 21853 ms
best 516272 step 112 time 28739 ms
best 515062 step 385 time 96914 ms
best 513465 step 386 time 97112 ms
done 0 16 33 48 27 17 37 24 94 61 54 68 92 80 40 95 78 71 1 63 44 8 79 19 2 45 5 81 25 42 41 62 97 38 32 70 47 55 64 53 82 73 39 67 50 65 3 77 34 10 43 6 87 69 14 75 83 46 35 76 49 86 74 98 15 60 100 11 28 31 30 84 72 21 52 4 56 90 88 26 58 20 18 23 93 51 89 29 85 7 13 96 12 36 22 99 57 91 59 66 9
best 513465
time 950041 ms
seed 12
