jobs 50
mach 20
init 0 12 36 3 25 46 39 6 17 10 42 24 21 33 14 4 31 44 28 26 20 40 32 15 19 35 2 50 23 45 34 8 13 9 47 5 30 11 48 1 27 7 49 18 37 29 43 22 16 38 41
best 42536
best 37093 step 2 time 93 ms
best 36886 step 10 time 235 ms
best 36731 step 12 time 265 ms
best 36582 step 17 time 362 ms
best 36576 step 1848 time 33040 ms
best 36336 step 8683 time 157419 ms
done 0 12 36 3 10 25 22 46 6 42 39 24 17 14 31 4 44 21 33 26 28 32 20 15 40 23 45 2 50 35 19 8 9 34 47 1 5 13 30 48 27 38 7 49 18 37 11 43 29 16 41
best 36336
time 950012 ms
seed 12
