jobs 50
mach 20
init 0 2 44 42 22 45 25 6 18 36 14 21 29 30 37 32 23 3 41 34 1 7 33 10 16 48 4 38 5 9 35 17 15 19 12 49 47 20 13 40 39 28 31 11 46 24 50 8 26 27 43
best 20697
best 20552 step 2 time 81 ms
best 20249 step 21 time 486 ms
best 19505 step 28 time 610 ms
best 19373 step 32 time 661 ms
best 19366 step 307 time 5556 ms
best 19306 step 432 time 7722 ms
done 0 2 44 42 22 45 25 6 18 36 14 21 29 30 37 32 23 3 34 10 41 1 7 33 5 48 4 35 38 16 15 9 12 19 20 40 49 31 28 13 47 17 39 46 11 27 26 24 50 8 43
best 19306
time 950014 ms
seed 12
