jobs 50
mach 20
init 0 33 18 10 50 8 45 6 11 1 20 35 3 29 48 43 17 31 39 9 41 12 2 4 13 34 46 32 37 19 5 22 47 44 36 26 24 38 14 25 21 30 7 15 42 23 49 16 40 27 28
best 19082
best 19069 step 3 time 96 ms
best 17066 step 4 time 116 ms
best 15604 step 5 time 156 ms
best 15368 step 7 time 205 ms
best 12558 step 37 time 884 ms
best 12531 step 38 time 903 ms
best 12069 step 384 time 7526 ms
done 0 33 18 10 45 8 29 11 50 1 37 9 20 3 48 17 6 31 41 39 35 43 44 2 4 13 46 34 22 19 14 47 32 36 12 5 26 24 38 25 21 7 30 15 42 16 23 49 40 27 28
best 12069
time 950006 ms
seed 12
