jobs 50
mach 20
init 0 8 15 32 36 22 48 35 30 47 43 2 14 19 4 11 7 39 1 21 17 6 49 28 13 5 27 31 46 42 3 29 44 20 9 38 50 45 34 10 37 40 23 25 26 33 18 41 12 24 16
best 35458
best 33747 step 6 time 165 ms
best 33356 step 7 time 190 ms
best 33131 step 10 time 238 ms
best 32815 step 28 time 542 ms
best 32088 step 52 time 891 ms
best 31662 step 94 time 1580 ms
best 31606 step 5921 time 96291 ms
done 0 32 36 15 35 2 22 7 39 47 30 43 31 19 14 11 4 1 21 17 6 49 28 13 8 5 27 46 3 29 42 44 48 20 9 38 25 45 34 50 37 40 23 10 26 33 18 12 41 24 16
best 31606
time 950006 ms
seed 12
