jobs 60
mach 20
init 0 25 46 40 17 12 32 38 53 21 45 42 57 29 6 24 16 39 59 31 60 19 9 2 49 15 55 14 43 48 23 52 41 37 13 47 50 10 33 28 18 5 56 44 3 27 36 4 20 26 54 35 11 7 58 22 1 30 8 51 34
best 117894
best 99191 step 1 time 139 ms
best 98934 step 4 time 210 ms
best 97912 step 6 time 298 ms
best 97827 step 26 time 964 ms
best 97313 step 38 time 1341 ms
best 96030 step 63 time 2221 ms
best 95965 step 72 time 2435 ms
best 95962 step 111 time 3729 ms
best 95673 step 177 time 5898 ms
best 95480 step 241 time 7753 ms
best 94310 step 273 time 8833 ms
best 93716 step 636 time 21036 ms
done 0 20 46 25 32 38 12 40 9 17 21 31 45 42 57 53 49 3 29 16 15 59 13 14 55 24 43 2 60 19 39 48 23 52 41 37 50 47 18 5 10 33 28 6 58 56 44 26 54 35 4 11 7 27 36 1 30 22 8 34 51
best 93716
time 950019 ms
seed 12
