jobs 60
mach 20
init 0 49 22 6 29 7 17 40 34 20 39 9 47 27 60 1 26 58 11 12 59 23 38 53 14 19 16 4 55 33 45 46 31 35 57 8 15 28 30 18 36 2 56 54 10 44 25 13 3 32 5 43 51 52 24 37 21 41 42 48 50
best 146680
best 145461 step 1 time 165 ms
best 139145 step 2 time 254 ms
best 137153 step 15 time 717 ms
best 135166 step 18 time 861 ms
best 133980 step 24 time 1082 ms
best 132083 step 27 time 1196 ms
best 131663 step 665 time 23275 ms
best 131634 step 833 time 28899 ms
best 130623 step 1247 time 43023 ms
best 130611 step 3289 time 111427 ms
best 130549 step 5083 time 172681 ms
best 130082 step 5590 time 189086 ms
best 129764 step 9738 time 330656 ms
best 129682 step 20572 time 695181 ms
best 129661 step 25159 time 849459 ms
best 129657 step 25362 time 856353 ms
done 0 22 17 39 34 6 27 40 60 49 20 11 7 26 12 1 53 47 29 9 30 19 16 56 23 55 38 14 36 4 58 33 35 45 46 2 8 15 28 31 10 18 54 59 5 57 32 13 51 52 43 3 44 25 37 21 41 42 24 48 50
best 129657
time 950023 ms
seed 12
