jobs 60
mach 20
init 0 2 60 48 15 53 30 20 13 41 31 23 49 9 52 50 22 4 34 42 14 33 17 45 46 11 58 37 5 59 25 40 57 16 55 36 44 47 7 21 32 19 6 56 54 26 27 12 35 39 8 3 18 43 38 24 28 10 1 29 51
best 83660
best 83516 step 25 time 971 ms
best 81970 step 249 time 8817 ms
best 81946 step 252 time 8868 ms
best 81741 step 383 time 13477 ms
best 81510 step 393 time 13780 ms
best 81481 step 395 time 13827 ms
best 81409 step 398 time 13912 ms
best 80955 step 712 time 25435 ms
best 80903 step 1167 time 42694 ms
best 80710 step 1168 time 42754 ms
best 80341 step 1970 time 71121 ms
best 80179 step 1973 time 71231 ms
best 79745 step 1975 time 71281 ms
best 79568 step 2283 time 82093 ms
best 79512 step 3970 time 139567 ms
best 79275 step 3973 time 139652 ms
done 0 2 60 48 15 53 30 31 49 23 13 41 50 9 20 52 42 22 4 34 45 33 5 58 46 17 14 25 11 59 37 55 7 40 57 16 36 44 47 56 32 19 6 21 26 27 12 35 39 54 29 8 3 18 43 38 24 28 10 1 51
best 79275
time 950011 ms
seed 12
