jobs 60
mach 20
init 0 53 9 5 58 31 38 55 36 42 28 4 20 22 44 54 6 21 47 52 14 41 40 33 23 35 32 27 15 30 25 10 39 29 2 1 7 43 24 18 3 34 12 57 37 48 16 46 13 50 45 60 49 8 59 11 51 26 19 17 56
best 87179
best 85437 step 1 time 162 ms
best 85075 step 2 time 208 ms
best 84558 step 30 time 1038 ms
best 84335 step 96 time 3197 ms
best 84053 step 99 time 3287 ms
best 83960 step 459 time 14698 ms
best 83925 step 460 time 14749 ms
best 83915 step 3227 time 104331 ms
best 83604 step 3229 time 104412 ms
done 0 53 31 36 58 38 5 55 42 9 28 4 20 22 52 21 47 44 6 54 14 41 40 33 23 35 25 15 27 1 39 10 30 18 29 2 7 43 24 3 37 13 57 16 12 32 34 50 45 8 46 60 49 48 11 51 59 26 19 17 56
best 83604
time 950042 ms
seed 12
