jobs 70
mach 20
init 0 53 22 59 10 43 51 15 9 41 58 3 52 47 49 32 25 14 61 21 6 13 46 16 37 28 11 66 68 57 36 55 20 4 29 12 48 1 67 54 35 31 65 30 42 38 70 27 40 26 62 24 19 39 63 56 18 44 69 23 60 2 45 7 34 64 17 33 50 5 8
best 142426
best 137764 step 1 time 219 ms
best 134874 step 10 time 843 ms
best 132965 step 11 time 922 ms
best 129950 step 23 time 1732 ms
best 129109 step 97 time 6668 ms
best 127534 step 98 time 6761 ms
best 127308 step 129 time 8933 ms
best 124622 step 316 time 21227 ms
done 0 53 10 3 59 41 15 43 51 22 21 27 9 25 47 14 61 58 6 49 32 13 68 52 16 37 4 46 28 62 20 67 36 57 66 11 29 55 12 48 42 35 31 65 54 1 30 63 70 64 40 26 39 24 18 19 2 45 38 34 56 33 44 69 23 7 60 50 17 8 5
best 124622
time 950011 ms
seed 12
