jobs 70
mach 20
init 0 45 7 69 8 70 67 65 14 17 39 23 5 44 36 55 49 32 58 6 18 64 56 2 60 13 12 61 37 33 4 28 38 66 41 29 30 31 42 19 59 25 26 62 50 51 43 34 9 52 46 21 68 10 48 1 22 15 16 20 11 47 27 63 54 40 24 53 3 35 57
best 155472
best 150651 step 2 time 318 ms
best 150115 step 3 time 374 ms
best 148510 step 6 time 576 ms
best 144962 step 7 time 709 ms
best 143175 step 9 time 877 ms
best 142777 step 12 time 1046 ms
best 142501 step 13 time 1104 ms
best 141724 step 44 time 3234 ms
best 141473 step 138 time 10122 ms
best 140707 step 175 time 12727 ms
best 140229 step 179 time 13112 ms
best 139262 step 198 time 14702 ms
best 138679 step 365 time 26901 ms
best 137765 step 644 time 47120 ms
best 137726 step 851 time 61387 ms
best 137669 step 853 time 61487 ms
best 136869 step 864 time 62217 ms
best 135404 step 867 time 62436 ms
best 135314 step 1296 time 92488 ms
best 134513 step 10901 time 779139 ms
done 0 45 7 69 36 55 67 17 39 46 32 65 14 23 44 5 2 49 13 70 56 12 6 60 25 58 59 8 22 37 4 61 28 38 64 43 33 41 19 42 30 18 29 26 51 50 62 31 68 52 34 10 9 21 15 66 16 48 20 1 54 11 47 27 63 57 24 53 3 40 35
best 134513
time 950075 ms
seed 12
