jobs 70
mach 20
init 0 47 25 53 27 70 16 20 56 4 50 64 32 55 2 38 28 41 12 68 11 22 15 7 34 42 13 54 14 3 33 30 26 52 10 35 1 36 39 57 21 45 37 6 44 66 67 60 9 59 8 62 63 17 24 61 69 43 46 65 29 48 51 40 31 5 18 23 58 19 49
best 163892
best 155308 step 1 time 250 ms
best 155230 step 13 time 1066 ms
best 154235 step 16 time 1352 ms
best 148804 step 20 time 1618 ms
best 148638 step 102 time 8390 ms
best 147973 step 104 time 8625 ms
best 147761 step 111 time 9098 ms
best 147533 step 155 time 12619 ms
best 146954 step 165 time 13408 ms
best 146834 step 166 time 13480 ms
best 146685 step 175 time 14178 ms
best 146562 step 178 time 14489 ms
best 146428 step 197 time 15825 ms
best 146338 step 198 time 15886 ms
best 145939 step 454 time 37660 ms
best 145907 step 675 time 56450 ms
best 145270 step 712 time 59477 ms
best 144641 step 3141 time 265210 ms
done 0 47 34 32 55 16 27 53 70 56 38 28 20 3 11 2 15 41 50 64 54 26 22 68 13 25 12 7 21 4 42 14 1 65 10 30 52 33 36 35 45 57 37 6 8 44 51 59 9 39 67 24 17 62 66 60 61 63 31 46 18 29 48 40 69 43 23 19 58 49 5
best 144641
time 950045 ms
seed 12
