jobs 70
mach 20
init 0 23 22 66 12 27 32 50 48 38 36 63 61 64 51 44 13 24 34 46 20 8 16 45 41 65 9 3 67 11 54 43 6 25 53 2 68 26 58 31 40 29 33 57 42 70 19 56 37 49 39 52 28 4 47 1 7 62 18 21 30 60 55 5 14 59 15 69 35 10 17
best 181891
best 175986 step 1 time 210 ms
best 172890 step 4 time 496 ms
best 171786 step 5 time 581 ms
best 170243 step 55 time 3810 ms
best 169758 step 84 time 6300 ms
best 167182 step 87 time 6458 ms
best 166591 step 88 time 6578 ms
best 161539 step 89 time 6786 ms
best 158318 step 96 time 7276 ms
done 0 23 12 22 67 36 24 50 27 38 32 29 8 13 48 63 61 64 66 51 43 34 3 44 16 41 45 65 37 11 54 53 6 25 9 2 68 26 58 42 20 31 33 46 56 19 70 7 49 57 40 18 39 52 28 4 47 1 55 62 14 21 5 30 60 15 10 69 35 59 17
best 158318
time 950033 ms
seed 12
