jobs 80
mach 20
init 0 77 22 54 7 67 18 14 64 42 33 39 38 19 58 23 66 80 71 51 75 49 26 34 72 5 27 79 40 47 16 63 50 11 35 21 69 46 1 48 56 15 3 74 45 52 6 4 61 9 25 78 60 68 17 43 29 62 37 41 31 8 28 36 59 20 73 65 53 57 13 70 10 2 12 76 32 55 24 44 30
best 246340
best 243882 step 1 time 344 ms
best 243769 step 2 time 428 ms
best 242267 step 3 time 523 ms
best 240643 step 4 time 628 ms
best 237923 step 5 time 712 ms
best 237803 step 6 time 913 ms
best 235452 step 11 time 1472 ms
best 234456 step 15 time 1792 ms
best 230450 step 16 time 1968 ms
best 228746 step 17 time 2075 ms
best 226645 step 20 time 2486 ms
best 224867 step 66 time 7763 ms
best 224147 step 75 time 8565 ms
best 223761 step 77 time 8743 ms
best 221958 step 150 time 17557 ms
best 220668 step 152 time 17697 ms
best 220662 step 153 time 17819 ms
best 220111 step 159 time 18417 ms
best 219952 step 543 time 60689 ms
best 219259 step 706 time 78849 ms
best 219023 step 2324 time 260726 ms
best 218988 step 2325 time 260792 ms
best 218651 step 4976 time 555494 ms
done 0 67 22 54 16 7 49 39 77 5 18 64 23 58 66 19 42 80 14 38 51 75 34 3 72 33 69 27 63 40 26 74 11 50 47 46 48 6 68 56 1 60 35 62 52 37 45 79 41 78 29 4 61 9 31 65 15 59 21 73 8 36 25 53 17 57 28 43 13 71 20 10 12 70 76 2 24 44 55 32 30
best 218651
time 950037 ms
seed 12
