jobs 80
mach 20
init 0 19 24 45 78 42 75 1 44 56 63 41 20 14 61 12 46 7 66 22 3 31 27 33 76 71 10 60 49 11 17 69 79 4 57 34 53 59 30 73 72 48 29 26 32 35 5 28 77 15 25 9 16 51 74 8 21 67 80 2 39 50 68 64 40 58 62 54 38 23 18 70 47 36 43 6 13 55 37 65 52
best 191384
best 190091 step 4 time 828 ms
best 188807 step 6 time 1089 ms
best 188089 step 7 time 1266 ms
best 186763 step 11 time 1648 ms
best 184345 step 12 time 1734 ms
best 183500 step 15 time 2195 ms
best 182621 step 45 time 6910 ms
best 179220 step 99 time 13646 ms
best 178387 step 145 time 20580 ms
best 178267 step 146 time 20777 ms
best 177474 step 337 time 48038 ms
best 177387 step 572 time 79633 ms
best 176986 step 574 time 80112 ms
best 176307 step 3771 time 537983 ms
best 175700 step 5096 time 725498 ms
best 175486 step 5097 time 725599 ms
best 174293 step 5788 time 824753 ms
done 0 19 3 24 45 42 1 63 75 78 14 56 7 22 29 61 20 46 12 49 41 17 31 10 76 44 60 59 33 27 71 69 21 79 66 57 34 72 48 53 4 11 30 26 32 15 77 5 73 35 28 51 50 39 9 74 8 16 67 80 70 2 40 25 64 68 62 54 18 36 38 58 43 23 37 55 13 6 47 52 65
best 174293
time 950147 ms
seed 12
