jobs 80
mach 20
init 0 12 70 45 1 2 13 68 55 26 71 8 9 54 50 34 6 7 74 72 67 47 37 22 43 48 23 46 17 32 78 53 40 35 25 27 29 39 33 65 49 61 16 75 66 52 36 38 18 51 4 60 5 15 14 42 21 73 57 56 20 3 58 41 64 79 31 80 59 19 63 76 28 24 62 30 11 77 44 69 10
best 195983
best 192714 step 1 time 299 ms
best 190532 step 2 time 457 ms
best 189768 step 4 time 842 ms
best 188712 step 9 time 1402 ms
best 187879 step 10 time 1523 ms
best 185726 step 11 time 1627 ms
best 184958 step 12 time 1797 ms
best 184542 step 16 time 2107 ms
best 184022 step 17 time 2215 ms
best 183114 step 38 time 4506 ms
best 181030 step 39 time 4634 ms
best 180881 step 74 time 9074 ms
best 180203 step 76 time 9287 ms
best 179788 step 79 time 9526 ms
best 179690 step 83 time 9909 ms
best 178193 step 86 time 10289 ms
best 178188 step 102 time 12283 ms
best 177719 step 110 time 13407 ms
best 176139 step 111 time 13536 ms
best 176069 step 112 time 13589 ms
best 176050 step 705 time 83003 ms
best 175839 step 706 time 83139 ms
best 172582 step 707 time 83313 ms
done 0 55 2 1 45 13 43 68 67 71 70 34 54 6 7 8 72 74 47 22 48 46 37 26 36 50 51 27 29 17 32 23 39 25 40 53 33 61 65 35 9 4 49 52 15 5 66 75 38 3 78 18 16 60 21 42 56 14 57 58 73 64 63 80 76 11 20 28 79 41 19 59 24 69 77 62 30 44 12 10 31
best 172582
time 950030 ms
seed 12
