jobs 80
mach 20
init 0 68 20 71 9 65 25 76 26 54 60 56 75 24 27 14 46 70 10 66 43 33 41 72 2 39 34 15 22 64 61 47 31 5 38 18 11 17 50 59 57 53 49 52 40 80 51 35 13 69 42 12 44 62 74 45 23 1 28 37 16 48 30 4 3 78 36 19 6 67 32 55 8 73 58 77 21 63 29 79 7
best 253453
best 252303 step 1 time 289 ms
best 248406 step 2 time 389 ms
best 243268 step 3 time 508 ms
best 243206 step 4 time 702 ms
best 236508 step 6 time 1360 ms
best 235816 step 12 time 2277 ms
best 233303 step 13 time 2464 ms
best 232316 step 295 time 40794 ms
best 232298 step 304 time 42105 ms
best 230158 step 306 time 42362 ms
best 228794 step 500 time 68544 ms
best 228341 step 501 time 68692 ms
best 228183 step 505 time 69192 ms
best 227650 step 753 time 104407 ms
best 227619 step 772 time 106921 ms
best 227479 step 2753 time 380365 ms
best 226853 step 2759 time 381278 ms
best 226435 step 2872 time 395638 ms
best 226299 step 4608 time 634870 ms
done 0 20 71 68 60 65 54 9 25 26 24 76 27 22 39 70 10 43 72 14 46 66 35 42 2 41 33 61 64 34 56 47 50 38 51 18 31 5 13 59 11 53 17 49 15 52 69 57 75 40 4 45 80 48 23 62 12 16 74 1 30 78 37 44 3 28 6 55 36 32 67 77 21 58 19 8 63 29 73 79 7
best 226299
time 950058 ms
seed 12
