jobs 80
mach 20
init 0 66 25 47 17 29 2 18 41 57 14 53 62 19 4 71 42 58 70 65 12 11 38 52 50 26 79 55 1 63 37 6 22 21 76 74 13 75 77 30 15 28 73 59 23 35 54 20 78 39 72 61 60 3 24 40 33 10 67 34 80 31 64 44 27 7 36 8 43 49 46 5 32 9 69 16 56 51 68 45 48
best 263289
best 262486 step 1 time 531 ms
best 261269 step 2 time 670 ms
best 260910 step 3 time 828 ms
best 260698 step 4 time 923 ms
best 257345 step 6 time 1205 ms
best 257328 step 7 time 1273 ms
best 253125 step 8 time 1409 ms
best 250803 step 9 time 1567 ms
best 248686 step 12 time 1842 ms
best 246582 step 13 time 1970 ms
best 244820 step 882 time 104060 ms
best 244730 step 921 time 108197 ms
best 243197 step 1431 time 167203 ms
best 242856 step 3602 time 418730 ms
best 241723 step 3603 time 418879 ms
done 0 66 25 19 29 2 18 57 14 53 47 17 62 12 42 58 71 50 4 38 41 11 65 52 22 76 63 20 21 15 73 79 55 70 37 59 6 72 75 77 74 28 26 61 30 33 39 10 78 54 23 35 13 60 3 7 1 24 34 40 27 67 36 64 31 44 9 46 49 8 32 80 69 43 68 5 56 16 51 45 48
best 241723
time 950145 ms
seed 12
