jobs 80
mach 20
init 0 38 56 47 31 59 17 54 21 64 3 60 57 32 15 18 72 50 71 34 29 67 4 62 43 66 23 7 74 49 2 41 36 52 19 13 14 8 30 44 22 45 42 75 76 69 28 73 68 53 63 78 40 39 48 46 77 20 55 58 25 33 11 16 35 61 27 10 80 79 51 24 26 65 12 5 9 6 1 37 70
best 299391
best 295271 step 1 time 413 ms
best 295251 step 2 time 494 ms
best 295158 step 4 time 737 ms
best 294226 step 5 time 905 ms
best 293871 step 6 time 1025 ms
best 293778 step 7 time 1080 ms
best 293124 step 15 time 1841 ms
best 290344 step 18 time 2432 ms
best 287102 step 92 time 11440 ms
best 286340 step 543 time 70382 ms
best 285975 step 544 time 70549 ms
best 285151 step 885 time 112801 ms
best 284790 step 895 time 113992 ms
best 284701 step 917 time 116466 ms
best 282923 step 930 time 118205 ms
best 282186 step 934 time 118717 ms
best 281755 step 1964 time 250955 ms
best 281591 step 1965 time 251063 ms
done 0 38 56 47 57 59 17 50 31 21 32 15 3 60 29 18 67 64 72 54 66 71 4 62 7 8 49 2 27 41 34 43 74 25 23 11 13 14 69 44 73 30 36 48 63 52 42 39 22 45 76 75 46 68 40 28 19 58 55 33 53 35 65 77 20 78 24 61 16 12 10 80 1 51 6 79 26 5 9 37 70
best 281591
time 950043 ms
seed 12
