jobs 90
mach 20
init 0 36 78 83 75 60 72 15 6 71 34 31 61 66 39 57 51 10 82 84 12 56 86 11 13 21 67 58 46 2 35 20 50 52 90 26 48 28 32 33 3 44 4 37 69 77 87 88 65 54 29 8 53 27 30 17 16 22 89 80 14 55 42 23 63 25 76 85 49 62 7 79 41 73 81 18 47 68 59 43 45 24 70 1 9 19 64 5 74 38 40
best 348055
best 345464 step 1 time 544 ms
best 335377 step 2 time 848 ms
best 333197 step 8 time 1770 ms
best 316171 step 10 time 2171 ms
best 315518 step 99 time 17903 ms
best 314178 step 127 time 22668 ms
best 314158 step 128 time 22757 ms
best 313046 step 174 time 30251 ms
best 312883 step 175 time 30470 ms
best 311584 step 438 time 73606 ms
best 311497 step 439 time 73726 ms
best 311367 step 450 time 75482 ms
best 309770 step 720 time 119337 ms
best 308337 step 2900 time 477687 ms
done 0 12 60 55 72 78 66 6 34 61 87 83 82 8 11 2 56 15 39 46 52 71 57 51 21 67 88 31 35 20 50 13 10 32 48 28 58 44 90 4 75 26 33 42 53 22 69 77 30 65 54 86 27 89 3 17 29 37 14 80 16 23 84 63 36 25 85 49 62 68 76 79 59 41 73 81 9 7 19 43 18 47 5 64 45 24 38 1 70 74 40
best 308337
time 950201 ms
seed 12
