jobs 90
mach 20
init 0 23 12 66 1 55 9 78 81 16 80 7 61 44 65 17 53 27 57 33 36 56 26 43 37 42 60 6 76 11 35 58 49 63 83 82 84 85 31 59 45 2 32 64 50 39 8 52 77 10 18 3 14 70 47 48 4 75 19 62 71 73 68 24 67 46 28 90 38 15 25 69 51 86 21 87 88 13 5 30 34 74 41 89 29 79 22 54 72 20 40
best 363342
best 348225 step 1 time 532 ms
best 344844 step 2 time 731 ms
best 343893 step 17 time 3146 ms
best 339426 step 19 time 3643 ms
best 339004 step 107 time 17730 ms
best 338738 step 115 time 18905 ms
best 338637 step 116 time 19040 ms
best 332146 step 117 time 19266 ms
best 329915 step 122 time 20248 ms
best 328799 step 1275 time 209309 ms
best 328156 step 1885 time 311763 ms
best 327435 step 1888 time 312465 ms
best 327369 step 1889 time 312541 ms
best 325771 step 1894 time 313186 ms
best 324038 step 2268 time 375000 ms
best 323796 step 2269 time 375084 ms
done 0 23 12 66 78 16 1 55 9 7 81 61 44 82 11 80 65 17 53 56 64 57 76 43 85 6 27 42 84 37 10 60 49 2 36 26 31 83 63 35 45 33 18 3 14 39 50 58 77 32 52 75 48 8 70 71 46 19 47 4 67 73 59 62 24 90 51 86 74 28 13 87 88 68 5 25 69 29 15 38 34 21 89 30 41 54 72 20 40 79 22
best 323796
time 950121 ms
seed 12
