jobs 90
mach 20
init 0 3 36 43 7 71 58 49 54 90 11 85 74 6 29 12 48 46 66 24 44 79 15 21 20 28 38 76 41 17 57 70 68 27 81 22 37 62 34 83 87 31 26 88 33 61 75 23 60 25 63 35 84 5 2 50 53 45 18 72 51 56 13 69 59 30 80 39 67 47 16 55 19 89 77 73 78 10 42 8 14 9 1 4 82 65 64 86 32 52 40
best 432345
best 432017 step 1 time 639 ms
best 430891 step 5 time 1428 ms
best 429012 step 6 time 1552 ms
best 427347 step 8 time 1928 ms
best 426120 step 18 time 3527 ms
best 421453 step 19 time 3771 ms
best 418920 step 20 time 4018 ms
best 416687 step 21 time 4121 ms
best 416239 step 22 time 4232 ms
best 414223 step 27 time 4930 ms
best 413223 step 29 time 5180 ms
best 411332 step 30 time 5378 ms
best 410422 step 37 time 6729 ms
best 408041 step 65 time 10890 ms
best 407117 step 66 time 11163 ms
best 401675 step 75 time 12445 ms
best 399180 step 2301 time 391297 ms
best 398339 step 2304 time 391784 ms
done 0 48 49 54 11 58 36 7 71 85 74 12 24 21 6 70 79 20 46 84 38 41 29 27 44 15 43 31 28 90 76 3 17 18 61 22 37 60 81 75 83 87 34 68 26 45 2 33 62 72 23 25 63 67 47 57 51 19 53 50 66 30 89 56 5 13 69 88 35 10 59 80 16 73 14 78 39 42 8 55 77 82 40 32 52 1 9 4 65 64 86
best 398339
time 950023 ms
seed 12
