jobs 90
mach 20
init 0 12 51 26 11 65 7 42 61 6 27 19 34 76 84 50 45 22 29 32 60 52 59 40 15 17 58 75 10 77 13 56 70 69 35 80 2 88 8 73 1 71 54 81 72 30 74 55 67 24 87 79 16 49 66 78 39 9 85 43 14 37 48 63 90 68 46 41 44 23 31 53 86 89 20 57 25 5 4 3 62 21 36 82 18 64 33 38 47 28 83
best 434721
best 427516 step 1 time 649 ms
best 421795 step 3 time 1177 ms
best 415974 step 7 time 1963 ms
best 415689 step 11 time 2715 ms
best 412819 step 13 time 3141 ms
best 411469 step 14 time 3666 ms
best 411214 step 15 time 3785 ms
best 410430 step 16 time 3917 ms
best 409078 step 231 time 44720 ms
best 408718 step 233 time 45042 ms
best 407432 step 407 time 78723 ms
best 406706 step 478 time 90332 ms
best 406541 step 492 time 93252 ms
best 401969 step 493 time 93498 ms
done 0 12 51 34 35 26 42 6 70 52 61 7 45 27 65 19 11 60 43 15 75 50 84 17 58 59 56 32 16 2 77 76 69 55 67 40 68 10 1 29 78 88 8 73 9 71 24 74 37 54 81 72 30 39 48 49 46 41 87 44 22 90 14 23 66 80 63 4 85 86 53 13 79 31 20 89 57 25 5 3 18 21 36 33 82 64 62 83 38 47 28
best 401969
time 950101 ms
seed 12
