jobs 90
mach 20
init 0 70 55 51 1 42 27 28 78 90 54 89 60 10 8 64 73 29 36 81 32 52 39 63 2 49 69 30 37 48 14 3 11 12 57 31 40 47 83 34 7 80 13 41 5 25 53 71 88 86 9 26 77 23 17 68 4 24 35 58 16 56 67 62 46 65 33 66 76 45 74 87 43 44 82 19 61 18 21 79 59 22 84 15 6 85 50 72 20 38 75
best 421310
best 420654 step 3 time 1325 ms
best 412381 step 4 time 1656 ms
best 410969 step 11 time 3284 ms
best 409248 step 12 time 3526 ms
best 408932 step 13 time 3723 ms
best 407198 step 44 time 8634 ms
best 406986 step 134 time 24929 ms
best 405899 step 135 time 25051 ms
best 405356 step 136 time 25221 ms
best 403867 step 181 time 33451 ms
best 403660 step 858 time 155957 ms
best 403185 step 2901 time 525700 ms
best 402535 step 2902 time 525944 ms
best 401704 step 4078 time 741081 ms
best 400771 step 4079 time 741239 ms
done 0 55 16 39 54 51 42 90 28 8 69 53 78 1 36 10 34 27 47 64 60 73 2 81 89 29 49 30 63 48 12 11 52 37 14 68 41 31 88 9 7 40 5 70 71 25 74 80 83 13 86 32 26 23 77 4 45 82 24 35 58 17 62 56 57 76 65 46 3 66 87 33 43 67 84 19 61 85 44 59 18 6 38 21 72 79 15 22 20 50 75
best 400771
time 950100 ms
seed 12
