jobs 90
mach 20
init 0 5 52 30 88 13 57 65 44 53 63 42 75 43 1 7 61 20 76 4 55 81 68 80 66 60 64 77 51 22 72 3 73 8 67 87 2 39 24 46 49 50 31 27 19 90 37 32 25 70 10 47 17 86 40 69 11 78 82 71 56 38 79 36 89 28 12 33 26 16 15 21 23 74 34 85 14 58 48 54 83 29 6 35 62 41 18 59 9 84 45
best 316698
best 314384 step 1 time 617 ms
best 314070 step 2 time 789 ms
best 311477 step 3 time 1051 ms
best 308710 step 4 time 1245 ms
best 305295 step 5 time 1442 ms
best 304925 step 6 time 1690 ms
best 300924 step 7 time 2102 ms
best 300192 step 12 time 2989 ms
best 299986 step 18 time 4199 ms
best 299981 step 19 time 4331 ms
best 295781 step 20 time 4662 ms
best 295341 step 23 time 5079 ms
best 295014 step 70 time 15223 ms
best 294951 step 71 time 15462 ms
best 293312 step 101 time 20560 ms
best 293034 step 251 time 48955 ms
best 292916 step 267 time 51869 ms
best 292192 step 317 time 61791 ms
best 291901 step 710 time 136212 ms
best 291079 step 712 time 136505 ms
best 289589 step 713 time 136686 ms
best 288859 step 716 time 137061 ms
done 0 5 52 13 88 64 65 66 57 30 75 44 53 61 20 76 77 7 81 42 4 1 51 55 2 43 67 60 63 32 68 80 39 3 50 24 73 22 8 90 87 27 19 70 31 17 46 49 10 25 40 69 47 37 56 38 82 86 15 89 21 79 58 12 85 33 28 72 11 78 26 71 48 83 36 14 23 74 16 34 35 54 29 59 6 62 9 84 45 18 41
best 288859
time 950161 ms
seed 12
