jobs 90
mach 20
init 0 21 26 1 73 75 20 53 83 59 60 28 70 39 54 55 72 8 44 45 18 22 35 49 42 77 25 13 30 19 52 69 63 68 89 64 29 43 86 14 48 17 6 57 4 7 9 27 50 67 36 74 40 62 87 65 23 32 16 31 33 66 88 5 41 38 85 82 34 79 10 80 81 12 76 47 24 84 78 3 15 61 37 71 51 11 2 90 46 56 58
best 418397
best 415083 step 1 time 962 ms
best 406036 step 3 time 1323 ms
best 404637 step 4 time 1540 ms
best 402396 step 7 time 2294 ms
best 401848 step 8 time 2551 ms
best 398922 step 10 time 3043 ms
best 398356 step 11 time 3251 ms
best 398147 step 14 time 4060 ms
best 396373 step 15 time 4342 ms
best 396274 step 45 time 10007 ms
best 395434 step 57 time 12684 ms
best 392581 step 66 time 14411 ms
best 389762 step 105 time 22014 ms
best 389364 step 109 time 23038 ms
best 389103 step 117 time 24515 ms
best 383508 step 118 time 24702 ms
best 383494 step 709 time 148125 ms
best 378821 step 4403 time 885555 ms
done 0 47 26 9 53 1 70 75 20 83 55 49 59 18 28 73 35 72 39 64 30 40 68 45 44 8 43 77 32 69 7 89 29 42 13 54 63 21 25 52 17 6 57 16 4 48 14 67 27 74 87 50 88 65 62 31 66 86 23 36 22 38 33 19 60 41 82 10 34 79 12 85 80 81 84 3 15 61 5 51 24 76 37 78 90 11 2 46 56 71 58
best 378821
time 950176 ms
seed 12
