jobs 90
mach 20
init 0 52 57 85 14 33 50 12 2 46 24 67 54 48 81 45 34 21 71 10 78 42 75 32 43 17 87 28 39 68 25 37 79 4 59 26 18 40 5 69 82 11 22 86 19 23 70 88 61 63 6 1 29 13 27 49 55 53 58 80 31 77 56 76 15 90 89 35 65 47 83 8 73 20 72 16 3 44 41 36 64 38 7 62 66 60 84 74 51 9 30
best 408021
best 407252 step 1 time 474 ms
best 397248 step 2 time 743 ms
best 394795 step 8 time 2175 ms
best 392664 step 9 time 2466 ms
best 386490 step 11 time 2853 ms
best 381279 step 17 time 4137 ms
best 379631 step 18 time 4406 ms
best 377991 step 22 time 5090 ms
best 377895 step 30 time 6739 ms
best 377535 step 52 time 10814 ms
best 377526 step 54 time 11241 ms
best 377428 step 55 time 11424 ms
best 377267 step 111 time 22912 ms
best 375282 step 112 time 23100 ms
best 373514 step 115 time 23579 ms
best 373443 step 117 time 23891 ms
best 372770 step 157 time 31037 ms
best 372602 step 217 time 43654 ms
best 372046 step 2102 time 409683 ms
best 371098 step 2206 time 430588 ms
best 371026 step 2208 time 430817 ms
best 370624 step 2494 time 485430 ms
best 370009 step 4490 time 865375 ms
best 368758 step 4721 time 910197 ms
done 0 52 85 12 57 20 78 2 33 21 10 43 67 42 24 81 54 14 45 34 88 48 32 46 28 17 71 5 75 23 4 79 40 27 69 37 87 26 68 18 31 11 19 39 82 22 86 1 70 61 29 50 6 55 80 25 49 63 77 56 76 59 15 53 90 47 58 65 73 35 41 89 72 13 66 8 3 36 83 62 44 64 7 74 38 84 16 60 51 9 30
best 368758
time 950063 ms
seed 12
