jobs 90
mach 20
init 0 35 46 45 26 32 75 90 43 29 64 63 79 25 13 61 39 50 44 70 66 80 1 60 82 24 17 2 56 41 76 87 20 47 49 88 48 51 8 23 57 58 37 77 7 62 3 19 53 15 89 36 30 72 52 86 71 84 73 85 16 28 27 34 38 83 55 5 21 14 40 74 68 18 6 11 9 67 10 78 42 33 69 81 54 65 59 4 22 31 12
best 369268
best 365616 step 3 time 998 ms
best 365348 step 7 time 1655 ms
best 365294 step 8 time 1791 ms
best 364991 step 9 time 1994 ms
best 364070 step 17 time 3758 ms
best 363185 step 24 time 5062 ms
best 362760 step 34 time 6815 ms
best 357864 step 41 time 7977 ms
best 356291 step 147 time 28202 ms
best 353831 step 150 time 28944 ms
best 350990 step 259 time 48856 ms
best 349893 step 300 time 56943 ms
best 349717 step 1377 time 259526 ms
best 349124 step 1380 time 260341 ms
best 348920 step 1381 time 260465 ms
best 348250 step 3821 time 714998 ms
best 347111 step 3822 time 715248 ms
done 0 35 46 13 32 50 75 90 89 45 43 26 80 79 29 64 1 61 63 70 39 66 24 41 49 5 88 82 17 20 44 27 47 19 25 8 58 76 56 87 23 57 62 48 51 52 7 37 3 72 15 85 77 84 83 2 36 60 28 73 16 53 30 86 71 11 34 21 10 55 38 74 33 14 68 18 6 9 4 67 78 42 40 69 65 54 59 22 31 12 81
best 347111
time 950090 ms
seed 12
