jobs 90
mach 20
init 0 42 35 76 53 4 17 12 62 46 80 69 7 31 77 55 33 65 25 52 89 27 44 36 30 57 9 32 5 90 72 45 28 54 14 83 13 73 6 1 58 64 79 26 70 78 67 29 66 39 37 81 50 2 85 87 3 60 48 61 43 84 10 88 15 75 41 34 24 63 20 8 71 59 11 21 47 74 51 38 82 19 16 18 40 49 68 22 86 23 56
best 378772
best 370251 step 2 time 1193 ms
best 370231 step 3 time 1253 ms
best 362878 step 4 time 1565 ms
best 355946 step 6 time 1921 ms
best 354040 step 7 time 2032 ms
best 353803 step 13 time 3328 ms
best 353636 step 16 time 3677 ms
best 353082 step 31 time 7266 ms
best 350256 step 33 time 7661 ms
best 349145 step 76 time 14890 ms
best 347810 step 86 time 16734 ms
best 346464 step 205 time 36912 ms
best 346449 step 425 time 74853 ms
best 346268 step 480 time 83802 ms
best 346056 step 699 time 118758 ms
best 345532 step 700 time 118910 ms
best 343829 step 706 time 120186 ms
best 343653 step 716 time 121703 ms
best 341688 step 1235 time 210677 ms
best 339374 step 1345 time 227865 ms
best 338960 step 4705 time 800572 ms
best 338682 step 5377 time 911266 ms
done 0 69 46 76 42 35 12 31 62 4 65 53 89 30 58 25 54 9 55 33 80 27 77 17 44 36 57 37 13 52 32 5 28 45 88 64 6 1 26 66 83 67 72 79 14 81 70 78 90 85 29 50 73 48 39 2 87 24 3 60 15 43 7 20 61 34 74 41 8 71 84 10 59 63 49 75 51 11 21 47 22 19 40 16 38 82 23 18 68 86 56
best 338682
time 950045 ms
seed 12
