jobs 100
mach 20
init 0 64 69 26 24 39 72 12 80 61 82 18 25 27 29 57 63 33 54 11 43 17 53 89 7 42 79 86 56 49 81 13 77 85 71 88 28 78 52 9 23 100 59 8 92 4 68 1 84 99 97 40 44 55 93 5 50 90 37 20 6 45 3 95 14 73 96 30 58 15 19 67 38 51 87 46 83 47 66 10 98 60 65 70 32 41 16 76 75 94 22 62 36 31 91 48 34 21 35 2 74
best 562607
best 559779 step 1 time 896 ms
best 551318 step 3 time 1477 ms
best 547554 step 5 time 1955 ms
best 544826 step 6 time 2211 ms
best 539468 step 7 time 2454 ms
best 537468 step 8 time 2629 ms
best 535806 step 9 time 2983 ms
best 532956 step 16 time 4899 ms
best 530527 step 17 time 5134 ms
best 529262 step 20 time 5674 ms
best 528768 step 32 time 8221 ms
best 527016 step 58 time 14962 ms
best 525264 step 125 time 33540 ms
best 523810 step 126 time 33759 ms
best 522818 step 541 time 145543 ms
best 521787 step 542 time 145719 ms
best 520899 step 544 time 146304 ms
best 520718 step 638 time 171353 ms
best 520042 step 1745 time 453529 ms
done 0 33 26 24 52 78 86 12 14 72 29 64 80 69 11 82 18 97 61 42 63 54 89 79 43 17 56 25 49 53 57 6 85 7 77 88 5 13 9 90 40 68 93 59 15 100 4 99 92 8 81 28 50 73 39 1 20 44 55 71 19 37 84 3 65 95 47 58 23 45 83 67 32 46 30 96 87 98 60 38 51 66 10 16 76 94 70 41 27 62 75 31 22 91 48 36 34 21 35 2 74
best 520042
time 950145 ms
seed 8
