jobs 100
mach 20
init 0 72 26 92 80 27 63 97 67 71 50 22 87 68 99 37 12 41 23 16 88 70 86 91 98 93 61 47 25 94 6 13 33 24 30 89 100 96 34 55 36 39 32 17 51 84 18 54 69 43 75 10 1 20 45 83 46 82 52 2 73 21 60 15 79 85 42 95 62 29 49 5 90 11 76 3 9 4 35 56 31 64 78 19 40 57 7 53 59 74 48 81 65 44 58 14 66 28 38 8 77
best 379088
best 374805 step 1 time 719 ms
best 368325 step 2 time 1044 ms
best 367951 step 14 time 4558 ms
best 366041 step 15 time 4726 ms
best 365984 step 17 time 5219 ms
best 365246 step 24 time 6790 ms
best 362405 step 27 time 7695 ms
best 360556 step 33 time 9013 ms
best 357497 step 35 time 9470 ms
best 355980 step 67 time 17997 ms
best 355194 step 175 time 46933 ms
best 353666 step 176 time 47245 ms
best 353511 step 1976 time 526750 ms
best 352668 step 2620 time 695444 ms
best 351518 step 2622 time 695918 ms
done 0 72 22 26 92 63 80 97 27 67 71 13 87 50 16 41 5 88 68 70 91 93 47 96 1 23 34 86 33 99 25 61 52 6 30 89 100 12 51 95 24 69 55 39 98 17 32 43 84 54 20 36 18 45 94 75 10 37 42 35 2 83 82 21 15 79 46 73 49 62 60 3 29 76 4 85 90 7 31 53 78 48 56 11 19 9 59 74 81 57 40 65 44 64 58 66 28 38 8 14 77
best 351518
time 950005 ms
seed 8
