jobs 100
mach 20
init 0 48 13 41 17 79 51 74 42 70 37 58 24 67 38 92 54 80 87 82 91 77 12 35 63 69 9 61 34 86 16 94 64 23 66 56 65 22 4 20 19 33 6 72 27 60 83 95 1 84 28 78 89 52 100 68 50 43 47 76 32 7 96 14 39 49 45 53 59 31 93 81 88 29 97 3 55 75 73 36 98 99 71 15 25 62 11 85 30 2 44 46 40 57 21 26 18 90 8 10 5
best 522286
best 514682 step 1 time 850 ms
best 509763 step 3 time 1522 ms
best 506710 step 7 time 2690 ms
best 504825 step 8 time 3049 ms
best 504335 step 9 time 3230 ms
best 503619 step 10 time 3358 ms
best 501322 step 11 time 3566 ms
best 496555 step 22 time 6725 ms
best 495809 step 24 time 7076 ms
best 494663 step 25 time 7401 ms
best 491321 step 27 time 8119 ms
best 490744 step 28 time 8372 ms
best 486029 step 33 time 9624 ms
best 480300 step 34 time 9991 ms
best 476510 step 247 time 65673 ms
done 0 61 13 41 17 77 79 51 58 37 74 47 38 70 80 92 24 89 67 87 54 84 9 12 23 82 35 86 63 91 69 14 94 34 16 56 65 52 4 66 19 64 20 22 7 42 33 6 1 60 72 27 76 31 73 28 96 50 100 43 97 68 62 39 29 78 93 48 88 83 59 49 55 81 99 45 53 95 44 75 36 30 11 32 3 85 46 98 25 26 15 71 40 57 21 2 90 5 8 10 18
best 476510
time 950178 ms
seed 8
