jobs 100
mach 20
init 0 98 22 61 80 21 25 99 26 29 55 15 36 95 2 30 90 35 17 83 96 11 69 1 85 16 37 51 8 66 13 44 89 14 86 32 50 53 94 19 40 47 23 38 91 24 87 75 92 72 4 63 31 68 56 18 41 28 3 59 10 27 48 54 81 79 97 33 45 65 7 78 34 100 77 43 57 58 74 70 67 49 46 73 42 60 5 88 93 20 62 6 84 39 71 9 64 82 52 76 12
best 461272
best 459741 step 2 time 1011 ms
best 459236 step 4 time 1716 ms
best 455788 step 5 time 1992 ms
best 453168 step 13 time 4112 ms
best 451497 step 21 time 6808 ms
best 451342 step 22 time 6881 ms
best 450528 step 26 time 8160 ms
best 450290 step 36 time 10695 ms
best 442746 step 37 time 11084 ms
best 442479 step 38 time 11531 ms
best 442378 step 39 time 11922 ms
best 441800 step 47 time 14401 ms
best 441589 step 48 time 14698 ms
best 440525 step 49 time 14877 ms
best 439693 step 156 time 44486 ms
best 437663 step 290 time 79040 ms
best 435381 step 298 time 81254 ms
best 435305 step 299 time 81572 ms
best 435273 step 301 time 82164 ms
best 435223 step 511 time 137726 ms
best 434706 step 518 time 139295 ms
best 431677 step 660 time 174067 ms
done 0 98 22 99 21 25 26 29 61 36 38 95 30 2 89 80 79 35 15 55 17 24 83 96 11 69 85 1 16 14 8 32 50 53 37 13 44 18 40 91 75 92 19 47 23 10 27 87 94 31 3 66 63 86 59 81 56 28 68 54 41 43 45 72 57 51 100 33 58 48 65 7 90 67 4 70 46 97 77 78 5 74 34 93 20 49 6 62 64 73 42 39 60 84 82 88 12 76 71 9 52
best 431677
time 950070 ms
seed 8
