jobs 100
mach 20
init 0 67 92 71 20 75 33 56 11 16 94 4 60 2 10 96 53 83 13 32 41 47 91 76 17 59 54 58 100 65 23 64 82 21 25 36 95 43 69 39 81 73 49 84 55 44 6 86 37 52 30 1 38 74 78 34 97 12 46 18 98 99 42 62 15 57 29 70 89 14 26 63 45 85 8 27 51 50 19 7 40 3 24 80 87 66 31 35 28 22 90 9 79 68 5 72 88 77 61 48 93
best 492308
best 489658 step 1 time 1106 ms
best 485179 step 2 time 1474 ms
best 475586 step 3 time 1906 ms
best 474135 step 4 time 2073 ms
best 473405 step 15 time 4723 ms
best 469738 step 21 time 6261 ms
best 468947 step 24 time 7197 ms
best 463653 step 52 time 14836 ms
best 463081 step 61 time 16998 ms
best 460316 step 62 time 17313 ms
best 460050 step 63 time 17559 ms
best 459840 step 98 time 26757 ms
best 459606 step 203 time 53902 ms
best 458992 step 204 time 54105 ms
best 458480 step 549 time 146847 ms
best 456770 step 650 time 173745 ms
best 453568 step 651 time 174148 ms
best 453480 step 655 time 175270 ms
best 452500 step 2629 time 698470 ms
done 0 67 75 71 11 16 4 60 92 53 2 83 94 54 86 41 65 56 76 17 10 91 20 33 58 96 59 23 100 47 64 21 73 82 25 43 32 95 69 44 36 6 49 84 81 55 98 97 46 37 39 38 57 78 99 15 12 13 1 30 52 89 29 40 26 34 8 3 74 45 19 70 42 35 63 62 18 85 90 50 51 27 80 14 66 28 31 7 9 22 24 61 48 68 87 93 72 88 79 5 77
best 452500
time 950133 ms
seed 8
