jobs 100
mach 20
init 0 63 18 23 24 98 65 52 53 19 10 51 35 1 54 16 34 31 56 38 88 96 20 8 85 2 45 33 74 37 17 3 79 58 21 73 44 99 36 91 100 86 80 69 83 75 41 70 67 90 76 82 43 81 71 46 29 50 15 89 92 60 61 48 28 59 93 94 26 11 84 42 72 22 40 13 62 6 97 47 12 68 57 64 32 14 95 27 66 7 30 25 39 55 4 49 87 5 77 78 9
best 494240
best 489316 step 1 time 755 ms
best 482305 step 2 time 1104 ms
best 478988 step 3 time 1390 ms
best 471960 step 6 time 1967 ms
best 471394 step 7 time 2222 ms
best 470324 step 8 time 2507 ms
best 468486 step 11 time 2994 ms
best 467328 step 13 time 3655 ms
best 466397 step 14 time 3854 ms
best 465117 step 15 time 4103 ms
best 464330 step 21 time 5408 ms
best 462109 step 35 time 9250 ms
best 459770 step 36 time 9478 ms
best 458853 step 39 time 10243 ms
best 458812 step 41 time 10893 ms
best 454455 step 43 time 11447 ms
best 453860 step 2587 time 665597 ms
best 452899 step 2797 time 718754 ms
best 452178 step 2900 time 745850 ms
done 0 52 73 100 16 18 24 23 35 8 53 51 88 38 19 70 98 54 34 31 2 45 20 56 74 37 67 81 91 65 10 3 79 58 17 21 96 33 36 63 99 80 85 75 69 43 82 44 76 28 89 90 71 46 15 86 83 29 93 92 1 61 60 72 41 22 47 84 50 40 59 11 42 48 64 26 6 30 13 62 32 27 97 12 68 57 94 66 7 14 95 87 5 55 4 25 39 49 77 9 78
best 452178
time 950134 ms
seed 8
