jobs 100
mach 20
init 0 48 75 25 23 92 31 21 38 82 99 45 96 19 91 24 65 51 64 63 9 4 6 98 100 22 77 35 39 29 89 50 66 87 32 97 49 52 95 73 1 70 86 16 71 94 36 41 60 85 68 59 37 17 93 79 62 2 44 11 42 47 7 83 34 72 3 13 40 84 14 61 80 53 18 67 78 88 27 90 30 8 56 26 55 46 76 20 15 43 5 54 10 12 58 28 33 81 69 74 57
best 498978
best 495502 step 6 time 2024 ms
best 494243 step 10 time 2877 ms
best 493773 step 12 time 3493 ms
best 492723 step 17 time 4755 ms
best 487949 step 21 time 5888 ms
best 485350 step 23 time 6706 ms
best 482165 step 24 time 6940 ms
best 477457 step 25 time 7330 ms
best 476511 step 52 time 13962 ms
best 472940 step 76 time 20816 ms
best 471672 step 129 time 33945 ms
best 469785 step 154 time 40688 ms
best 465653 step 216 time 57012 ms
best 465400 step 219 time 57912 ms
best 462251 step 401 time 105313 ms
done 0 69 25 48 31 92 4 38 97 75 23 19 21 65 99 9 100 35 63 1 45 89 64 22 24 86 77 51 96 39 6 73 32 29 95 83 68 79 52 87 70 49 60 50 66 71 94 44 36 82 37 85 59 2 42 17 91 14 41 62 11 18 88 93 7 47 72 16 98 34 3 13 27 40 84 54 56 15 67 76 78 61 30 8 20 53 10 12 55 90 80 26 43 46 5 28 33 81 58 74 57
best 462251
time 950497 ms
seed 8
