jobs 100
mach 20
init 0 89 30 27 92 17 61 95 37 45 34 68 25 71 80 63 54 42 8 41 79 55 24 94 33 38 81 32 5 64 19 1 47 70 2 44 77 65 97 39 40 50 53 6 67 73 35 3 75 43 83 14 60 87 62 76 10 69 82 90 78 46 49 21 52 98 48 31 72 84 15 100 11 28 88 51 56 74 58 86 4 16 93 29 23 26 20 18 7 22 13 85 96 12 36 99 57 91 59 66 9
best 566209
best 564259 step 2 time 883 ms
best 562090 step 3 time 1136 ms
best 553077 step 5 time 1630 ms
best 546402 step 6 time 2086 ms
best 545768 step 7 time 2337 ms
best 544437 step 10 time 2956 ms
best 538346 step 11 time 3334 ms
best 535615 step 13 time 3786 ms
best 534417 step 14 time 4067 ms
best 533039 step 15 time 4339 ms
best 532583 step 18 time 5207 ms
best 532580 step 21 time 6145 ms
best 530252 step 22 time 6519 ms
best 529918 step 23 time 6650 ms
best 527543 step 26 time 7263 ms
best 524188 step 27 time 7544 ms
best 522514 step 31 time 8483 ms
best 521142 step 135 time 34022 ms
best 517784 step 241 time 61617 ms
done 0 16 33 30 27 61 79 37 2 25 54 78 68 92 80 40 71 95 8 17 45 81 94 82 24 55 63 44 42 5 41 62 97 32 70 64 38 1 47 39 53 65 73 77 67 50 6 83 14 10 19 43 87 76 49 48 69 98 3 34 52 90 35 75 31 15 46 88 86 4 60 100 21 11 58 28 84 72 51 89 29 74 23 93 7 56 26 85 20 18 12 13 22 96 36 99 57 59 66 9 91
best 517784
time 950048 ms
seed 8
