jobs 100
mach 20
init 0 56 62 55 3 74 66 39 81 16 94 24 64 57 10 76 83 15 71 97 68 11 91 29 96 23 75 26 21 33 12 54 41 80 19 52 100 98 70 14 38 43 49 82 27 92 13 6 50 46 93 61 63 36 25 9 73 84 77 69 18 51 4 59 30 95 34 42 67 1 35 78 79 2 31 88 32 17 8 58 37 5 20 87 72 7 53 45 48 86 28 60 90 65 44 40 85 89 99 22 47
best 614296
best 612959 step 1 time 1007 ms
best 594051 step 2 time 1715 ms
best 590600 step 3 time 2163 ms
best 588606 step 6 time 3311 ms
best 585387 step 7 time 3722 ms
best 577266 step 8 time 4038 ms
best 576963 step 764 time 257486 ms
best 576038 step 765 time 257882 ms
best 573750 step 766 time 258584 ms
best 569863 step 1106 time 374189 ms
best 569663 step 2487 time 831238 ms
best 567436 step 2489 time 832145 ms
done 0 56 62 55 94 15 24 46 66 57 74 16 81 83 3 64 10 71 14 91 68 97 11 23 75 80 29 84 33 27 26 98 52 21 54 38 30 49 19 100 25 76 96 70 92 18 41 13 6 73 51 9 17 82 12 1 63 77 34 43 93 4 36 69 88 67 59 95 79 42 2 50 39 32 61 44 78 58 37 8 31 45 48 87 35 72 5 60 7 53 86 20 90 65 85 28 89 99 40 22 47
best 567436
time 950199 ms
seed 8
