jobs 100
mach 20
init 0 23 62 1 52 37 17 32 34 98 16 75 21 44 90 71 12 88 66 25 45 70 29 95 61 27 97 68 79 51 40 80 77 84 81 89 50 73 19 86 69 42 11 94 87 53 85 55 59 65 22 82 26 18 64 20 76 5 60 9 83 30 10 39 58 78 24 56 36 6 33 2 49 35 63 67 31 15 92 47 91 99 8 41 54 100 7 74 14 13 96 46 4 3 28 93 72 43 57 38 48
best 577415
best 573338 step 1 time 1097 ms
best 569099 step 2 time 1369 ms
best 567307 step 3 time 1783 ms
best 567100 step 6 time 2715 ms
best 565521 step 7 time 3127 ms
best 564752 step 8 time 3370 ms
best 561643 step 9 time 3659 ms
best 557214 step 10 time 4024 ms
best 553504 step 15 time 5592 ms
best 551851 step 16 time 6034 ms
best 549845 step 21 time 7633 ms
best 547231 step 22 time 8001 ms
best 547133 step 39 time 14451 ms
best 545577 step 40 time 14952 ms
best 544720 step 41 time 15206 ms
best 543468 step 57 time 20129 ms
best 542018 step 147 time 51292 ms
best 540470 step 151 time 52670 ms
best 538187 step 153 time 53175 ms
best 538014 step 397 time 134013 ms
best 535926 step 403 time 135795 ms
best 535273 step 405 time 136053 ms
best 534878 step 407 time 136617 ms
best 534619 step 1269 time 390045 ms
best 534383 step 1270 time 390401 ms
best 534289 step 1991 time 625188 ms
done 0 23 62 1 45 17 75 37 16 52 21 32 55 25 90 71 27 34 42 66 88 44 12 60 61 29 98 77 87 50 81 80 84 40 19 11 70 79 68 69 18 51 39 82 64 26 95 59 94 85 53 2 73 22 97 56 89 9 83 5 58 76 49 10 33 86 65 47 6 24 78 36 20 35 63 15 67 91 99 30 92 8 41 54 100 13 74 14 96 46 31 57 4 7 48 3 28 93 72 43 38
best 534289
time 950427 ms
seed 8
