jobs 50
mach 20
init 0 33 10 8 45 18 11 50 37 9 3 29 1 20 6 48 17 39 41 35 43 31 13 2 4 12 46 34 22 19 47 32 44 28 26 36 24 38 25 21 30 7 14 5 15 42 23 49 40 27 16
best 17584
best 15182 step 2 time 129 ms
best 15106 step 7 time 194 ms
best 14563 step 8 time 229 ms
best 14457 step 10 time 280 ms
best 14395 step 11 time 303 ms
best 12376 step 15 time 380 ms
best 12081 step 21 time 464 ms
best 12069 step 365 time 6751 ms
done 0 33 18 10 45 8 29 11 50 1 37 9 20 3 48 17 6 31 41 39 35 43 44 2 4 13 46 34 22 19 14 47 32 36 12 5 26 24 38 25 21 7 30 15 42 16 23 49 40 27 28
best 12069
time 950004 ms
seed 8
