jobs 50
mach 20
init 0 46 16 28 38 35 47 32 42 20 31 21 43 12 26 11 48 36 44 17 45 33 6 10 14 9 25 50 23 18 7 40 15 2 19 8 3 13 41 22 49 27 4 29 37 39 1 5 24 34 30
best 28962
best 27004 step 2 time 116 ms
best 24461 step 4 time 156 ms
best 24351 step 57 time 1177 ms
best 24150 step 62 time 1286 ms
best 24135 step 294 time 6064 ms
best 23976 step 448 time 9195 ms
best 23948 step 505 time 10393 ms
best 23946 step 1133 time 23530 ms
best 23936 step 2881 time 59041 ms
best 23770 step 6768 time 138494 ms
done 0 46 43 16 35 38 47 32 42 20 31 48 21 33 12 26 11 36 45 28 6 44 17 10 9 14 23 19 25 7 40 15 2 8 18 50 13 41 49 39 22 27 1 4 29 37 3 24 34 30 5
best 23770
time 950009 ms
seed 8
