jobs 70
mach 20
init 0 38 11 13 69 61 29 9 14 68 64 25 44 59 46 12 15 20 58 22 63 40 7 24 70 31 66 60 54 34 23 67 3 17 33 36 10 47 65 18 6 4 51 52 42 27 8 57 53 5 41 1 16 26 32 55 48 50 37 21 35 56 62 45 39 30 28 2 19 49 43
best 210648
best 210447 step 1 time 234 ms
best 210156 step 9 time 722 ms
best 205883 step 12 time 969 ms
best 205696 step 50 time 3593 ms
best 205497 step 54 time 3808 ms
best 205164 step 55 time 3861 ms
best 203057 step 64 time 4337 ms
best 202830 step 70 time 4729 ms
best 199837 step 71 time 4826 ms
best 199415 step 230 time 15635 ms
best 198290 step 469 time 31789 ms
best 198288 step 470 time 31903 ms
best 197577 step 751 time 50533 ms
best 197456 step 1174 time 77832 ms
best 197152 step 1175 time 77859 ms
best 197047 step 2963 time 198064 ms
best 195724 step 3154 time 210137 ms
best 195451 step 3156 time 210218 ms
best 195177 step 3157 time 210248 ms
done 0 38 61 64 11 25 29 14 12 17 63 13 60 69 59 15 46 68 66 58 44 20 9 22 40 6 70 31 54 24 67 7 23 3 41 10 47 65 34 33 51 36 4 18 32 52 42 27 55 8 57 16 5 45 1 53 48 37 35 56 26 50 21 39 30 62 2 28 49 19 43
best 195177
time 950049 ms
seed 8
