jobs 70
mach 20
init 0 47 52 64 53 16 32 38 3 50 27 70 20 41 26 28 56 22 55 2 68 21 1 54 15 42 25 13 12 4 7 34 39 11 30 10 33 36 14 35 44 45 57 67 37 6 9 63 59 17 8 62 66 24 60 61 69 43 46 29 51 65 48 40 31 18 23 58 19 5 49
best 161443
best 161315 step 3 time 398 ms
best 154403 step 4 time 583 ms
best 154401 step 7 time 719 ms
best 153789 step 8 time 790 ms
best 153721 step 9 time 836 ms
best 152372 step 10 time 930 ms
best 151627 step 16 time 1363 ms
best 151603 step 18 time 1485 ms
best 150046 step 19 time 1570 ms
best 149822 step 20 time 1631 ms
best 149412 step 45 time 3549 ms
best 148734 step 55 time 4389 ms
best 148109 step 62 time 4898 ms
best 146498 step 75 time 5830 ms
best 146315 step 76 time 5934 ms
best 145735 step 178 time 13473 ms
best 145026 step 2183 time 157973 ms
best 144808 step 2191 time 158538 ms
done 0 47 34 32 55 16 27 53 70 20 56 38 3 11 28 4 41 50 64 54 26 2 12 68 13 22 15 7 42 14 39 1 65 10 30 52 33 36 35 57 21 45 44 37 67 6 25 63 9 59 8 62 17 66 24 61 69 48 31 46 51 18 29 43 60 40 58 19 23 49 5
best 144808
time 950024 ms
seed 8
