jobs 70
mach 20
init 0 27 44 14 31 35 25 66 9 65 4 51 52 12 56 53 21 10 32 34 39 68 47 17 19 36 50 59 2 23 7 38 46 64 62 22 24 30 61 67 1 41 16 18 15 69 57 6 70 43 20 54 5 60 29 33 40 63 58 49 8 13 48 3 11 37 26 55 28 45 42
best 133139
best 132896 step 3 time 329 ms
best 130374 step 5 time 427 ms
best 129240 step 6 time 490 ms
best 128907 step 7 time 589 ms
best 127569 step 13 time 951 ms
best 125291 step 29 time 2244 ms
best 124402 step 30 time 2338 ms
best 122317 step 35 time 2686 ms
best 122181 step 80 time 6334 ms
best 120820 step 113 time 9135 ms
best 120518 step 114 time 9246 ms
best 120406 step 116 time 9441 ms
best 119153 step 118 time 9689 ms
best 119055 step 139 time 11361 ms
best 118216 step 140 time 11415 ms
best 116098 step 144 time 11767 ms
done 0 8 35 25 31 4 32 9 68 46 12 65 14 53 51 2 21 56 19 10 23 47 39 34 1 17 50 7 36 22 64 59 38 30 41 6 24 62 67 61 18 15 16 69 66 57 60 58 70 27 43 20 54 5 40 29 33 63 52 49 44 13 3 48 11 37 26 55 28 45 42
best 116098
time 950056 ms
seed 8
