jobs 70
mach 20
init 0 24 27 64 38 15 18 10 16 34 26 42 6 41 65 54 56 17 13 62 50 14 45 59 25 53 57 12 30 23 20 63 31 58 55 69 9 36 11 44 29 7 47 66 43 19 33 22 8 4 28 52 49 68 2 60 1 39 5 32 21 67 70 51 35 61 46 48 37 3 40
best 154999
best 153902 step 1 time 245 ms
best 153432 step 3 time 421 ms
best 150475 step 4 time 492 ms
best 150222 step 5 time 580 ms
best 148245 step 22 time 1649 ms
best 146338 step 25 time 1780 ms
best 145787 step 41 time 2820 ms
best 144307 step 42 time 2898 ms
best 143609 step 44 time 3044 ms
best 142381 step 47 time 3223 ms
best 142283 step 48 time 3284 ms
best 141594 step 60 time 4001 ms
best 141362 step 798 time 56734 ms
best 141352 step 1757 time 124798 ms
best 141239 step 1762 time 125143 ms
best 140781 step 1915 time 136023 ms
best 140530 step 2918 time 205205 ms
best 139645 step 2921 time 205375 ms
done 0 24 27 64 38 15 18 10 20 6 41 56 26 17 42 13 31 34 54 65 45 62 50 59 52 14 25 53 57 12 69 30 11 63 8 16 55 9 58 36 44 47 66 29 19 7 33 22 68 23 43 4 49 28 1 39 32 21 67 5 70 35 2 51 60 61 3 48 37 40 46
best 139645
time 950027 ms
seed 8
