jobs 70
mach 20
init 0 45 7 69 55 49 17 39 46 65 14 67 23 44 5 32 36 18 2 13 70 56 12 6 25 58 8 28 4 60 37 61 38 64 59 22 33 41 31 29 50 66 30 42 62 16 19 43 51 9 52 68 21 10 34 48 54 15 26 20 1 11 47 27 63 3 40 24 53 35 57
best 140519
best 139060 step 1 time 232 ms
best 138219 step 2 time 327 ms
best 138188 step 4 time 433 ms
best 138100 step 12 time 926 ms
best 136913 step 16 time 1128 ms
best 136832 step 22 time 1356 ms
best 136410 step 736 time 50127 ms
best 136378 step 737 time 50167 ms
best 135557 step 879 time 60313 ms
best 135378 step 5020 time 344763 ms
best 135002 step 5021 time 344827 ms
best 134910 step 6097 time 420139 ms
best 134243 step 6824 time 470003 ms
best 134034 step 10936 time 747467 ms
done 0 45 69 55 49 39 67 7 17 46 65 32 36 44 14 23 2 31 13 70 56 12 6 60 25 59 58 8 28 38 37 22 64 61 33 4 43 41 19 29 18 30 66 51 42 50 62 34 5 9 52 68 21 26 10 15 16 48 20 1 54 11 47 27 63 35 24 53 3 57 40
best 134034
time 950031 ms
seed 8
