jobs 70
mach 20
init 0 53 21 3 59 41 10 22 43 58 15 25 9 49 28 14 27 6 61 47 52 16 37 46 32 13 51 4 20 36 55 29 48 57 11 68 66 31 12 1 65 30 54 42 35 70 67 64 40 26 39 38 24 63 56 19 60 2 62 34 18 33 44 69 23 7 45 50 8 17 5
best 139220
best 138729 step 1 time 180 ms
best 132949 step 2 time 270 ms
best 132660 step 3 time 334 ms
best 132028 step 42 time 2914 ms
best 130030 step 58 time 4150 ms
best 129629 step 60 time 4268 ms
best 129147 step 144 time 9824 ms
best 128738 step 145 time 9865 ms
best 128600 step 147 time 9979 ms
best 128443 step 233 time 15752 ms
best 127212 step 250 time 17057 ms
best 126864 step 330 time 22329 ms
best 126807 step 331 time 22392 ms
best 126588 step 334 time 22550 ms
best 126531 step 509 time 34053 ms
best 125794 step 1578 time 106611 ms
best 125413 step 1984 time 132411 ms
done 0 53 59 22 28 25 41 21 15 43 9 10 51 3 47 52 61 58 6 49 32 13 68 14 16 37 46 48 62 4 20 36 55 29 31 11 35 66 57 30 12 65 54 42 1 67 38 70 27 40 26 39 24 18 19 63 2 56 44 69 23 7 45 60 34 64 17 33 50 5 8
best 125413
time 950015 ms
seed 8
