jobs 80
mach 20
init 0 66 58 53 25 41 47 18 57 71 29 14 2 62 12 11 19 17 42 50 1 15 65 38 23 4 22 63 73 79 55 70 37 59 74 6 13 75 30 72 21 35 76 20 61 39 52 28 78 54 60 33 26 77 3 40 10 36 64 31 67 7 34 24 46 49 27 5 32 9 44 8 69 80 43 56 68 16 51 45 48
best 260213
best 259569 step 7 time 1033 ms
best 258614 step 13 time 1809 ms
best 258611 step 16 time 2111 ms
best 257222 step 17 time 2279 ms
best 252883 step 18 time 2463 ms
best 250756 step 21 time 2786 ms
best 249587 step 27 time 3412 ms
best 248878 step 42 time 4892 ms
best 246544 step 44 time 5148 ms
best 245855 step 45 time 5247 ms
best 245852 step 46 time 5331 ms
best 245803 step 170 time 19551 ms
best 245689 step 171 time 19702 ms
best 245399 step 590 time 69176 ms
best 244754 step 592 time 69317 ms
best 244497 step 2998 time 352944 ms
best 244279 step 3671 time 435099 ms
best 242942 step 3678 time 435907 ms
best 242810 step 3679 time 436017 ms
done 0 66 25 19 29 2 18 41 47 57 14 53 17 62 12 42 58 71 50 65 70 4 38 11 23 52 22 73 76 79 63 20 37 21 72 59 6 15 13 75 74 28 61 30 39 77 35 7 1 78 33 3 54 60 24 26 55 40 34 10 67 36 80 64 31 9 49 27 46 44 8 69 43 5 32 51 48 68 56 16 45
best 242810
time 950043 ms
seed 8
