jobs 80
mach 20
init 0 55 2 1 45 13 70 19 67 71 43 68 34 6 7 72 74 47 54 65 50 22 26 32 48 46 37 23 33 78 39 53 17 25 40 35 64 27 29 51 16 15 52 49 8 66 75 38 61 21 36 18 60 41 42 56 73 4 80 14 58 9 57 20 3 79 63 28 62 5 76 11 59 12 69 44 24 77 30 10 31
best 192856
best 187255 step 2 time 462 ms
best 183248 step 3 time 610 ms
best 179505 step 28 time 4170 ms
best 178885 step 40 time 5971 ms
best 178872 step 176 time 24050 ms
best 178495 step 178 time 24326 ms
best 178278 step 211 time 28668 ms
best 178014 step 212 time 28808 ms
best 177412 step 288 time 38599 ms
best 177306 step 297 time 39971 ms
best 176549 step 298 time 40290 ms
best 176241 step 321 time 43168 ms
best 175482 step 520 time 71166 ms
best 175297 step 521 time 71284 ms
best 174727 step 2567 time 347649 ms
best 173586 step 2911 time 394658 ms
best 173525 step 2912 time 394751 ms
best 173457 step 4940 time 660536 ms
best 173312 step 6459 time 866885 ms
best 173311 step 6460 time 867019 ms
best 172630 step 6464 time 867462 ms
best 170840 step 6988 time 936527 ms
done 0 55 2 1 45 13 43 68 67 71 70 34 6 54 7 74 8 72 47 22 48 78 37 26 50 46 32 23 17 51 27 29 18 9 39 25 40 53 35 65 33 61 4 49 52 15 5 66 75 38 3 16 36 60 57 31 14 42 21 56 41 64 20 58 73 79 63 80 76 11 69 77 59 19 28 62 30 44 24 12 10
best 170840
time 950159 ms
seed 8
