jobs 80
mach 20
init 0 5 9 52 75 28 48 74 49 24 35 39 36 11 44 10 23 32 21 60 4 18 31 43 68 13 33 1 61 69 59 25 12 7 34 62 73 64 14 22 57 70 26 45 16 17 8 29 51 66 20 6 46 2 56 38 50 15 76 42 37 72 30 58 71 63 55 80 41 78 47 3 79 65 77 53 40 19 54 67 27
best 204504
best 203859 step 1 time 417 ms
best 203342 step 2 time 534 ms
best 203213 step 5 time 749 ms
best 200603 step 7 time 1062 ms
best 194563 step 8 time 1236 ms
best 193748 step 9 time 1282 ms
best 191485 step 106 time 11680 ms
best 191450 step 107 time 11767 ms
best 190234 step 198 time 21745 ms
best 190168 step 199 time 21879 ms
best 189045 step 205 time 22481 ms
best 188569 step 206 time 22584 ms
best 188548 step 1293 time 140173 ms
best 187927 step 1351 time 145542 ms
best 187795 step 1352 time 145665 ms
best 187639 step 1651 time 177383 ms
best 187437 step 4418 time 471437 ms
done 0 5 9 52 75 28 32 49 60 48 35 39 74 36 21 18 44 31 59 61 11 10 68 4 23 13 64 33 24 1 70 25 7 34 62 12 43 69 17 14 73 46 45 57 26 8 51 66 55 16 37 6 50 20 2 76 30 29 72 22 80 58 56 38 42 15 41 78 47 63 71 3 79 53 65 77 19 54 40 67 27
best 187437
time 950016 ms
seed 8
