jobs 80
mach 20
init 0 20 71 68 65 43 9 25 54 35 42 24 2 26 14 76 72 70 10 64 22 66 46 39 41 56 60 59 61 47 5 51 34 27 53 17 50 38 18 31 52 11 57 80 49 12 40 33 15 48 69 44 37 62 45 28 74 1 4 13 30 75 23 16 78 3 32 36 55 77 67 58 21 6 19 8 29 63 73 79 7
best 253904
best 253099 step 1 time 292 ms
best 246340 step 3 time 536 ms
best 246319 step 4 time 636 ms
best 245318 step 5 time 791 ms
best 241427 step 6 time 939 ms
best 241382 step 7 time 1067 ms
best 239686 step 9 time 1232 ms
best 237896 step 13 time 1519 ms
best 234962 step 18 time 2080 ms
best 234931 step 19 time 2171 ms
best 232912 step 38 time 4716 ms
best 232884 step 48 time 5849 ms
best 230596 step 53 time 6674 ms
best 229140 step 54 time 6784 ms
best 229085 step 72 time 9081 ms
best 228762 step 80 time 9835 ms
best 227831 step 522 time 60661 ms
best 226685 step 604 time 69926 ms
best 226611 step 605 time 69996 ms
best 225010 step 606 time 70201 ms
done 0 68 20 71 26 46 54 9 24 75 65 25 76 27 22 39 70 10 43 72 14 66 35 42 2 41 60 61 64 34 56 47 50 38 51 33 18 31 5 59 11 53 17 49 15 57 13 52 69 40 4 45 48 23 62 80 12 28 74 1 37 44 30 3 78 16 55 36 32 67 73 6 77 19 8 21 63 58 29 79 7
best 225010
time 950010 ms
seed 8
