jobs 80
mach 20
init 0 47 26 53 5 18 25 2 15 1 48 21 59 76 45 30 3 77 72 44 31 78 55 4 67 43 57 28 32 80 12 9 16 40 39 79 73 29 74 69 11 19 75 63 22 50 65 62 71 51 14 64 17 27 70 66 36 24 68 35 42 56 60 41 46 52 34 33 6 13 8 20 10 7 58 37 49 23 38 54 61
best 232371
best 230149 step 3 time 652 ms
best 228169 step 9 time 1584 ms
best 222414 step 17 time 2605 ms
best 222352 step 37 time 5043 ms
best 221932 step 81 time 10468 ms
best 221760 step 106 time 13924 ms
best 219119 step 131 time 17164 ms
best 218724 step 192 time 24879 ms
best 218704 step 275 time 34673 ms
best 217103 step 277 time 34937 ms
best 216061 step 2288 time 290242 ms
best 215177 step 3509 time 447091 ms
best 214813 step 3632 time 462150 ms
best 214210 step 3825 time 488464 ms
best 213783 step 4407 time 560604 ms
best 212729 step 4426 time 562836 ms
best 212715 step 4427 time 562946 ms
done 0 47 5 26 21 72 53 1 15 59 48 25 2 18 45 30 3 67 44 31 80 69 79 43 77 76 71 4 55 29 12 57 16 32 40 22 73 39 9 11 74 27 19 75 50 63 65 78 51 17 14 28 60 62 70 66 49 68 42 36 24 64 13 41 7 52 56 46 35 20 33 8 10 58 34 37 6 23 54 38 61
best 212715
time 950084 ms
seed 8
