jobs 80
mach 20
init 0 77 67 60 3 14 54 7 42 39 16 22 5 23 58 66 19 80 64 18 38 51 75 72 33 34 40 26 63 69 46 50 47 79 68 27 61 35 41 48 11 74 56 36 21 45 1 78 6 4 25 62 49 52 9 31 73 8 37 29 57 20 15 65 53 59 76 17 43 28 13 71 10 12 70 2 55 30 24 44 32
best 236461
best 234489 step 1 time 324 ms
best 234486 step 2 time 411 ms
best 232041 step 4 time 638 ms
best 230582 step 7 time 1022 ms
best 229409 step 9 time 1240 ms
best 227159 step 15 time 2126 ms
best 226713 step 61 time 7453 ms
best 224799 step 67 time 8059 ms
best 220200 step 69 time 8308 ms
best 219948 step 512 time 58000 ms
best 219045 step 1949 time 213927 ms
best 218292 step 4501 time 496888 ms
best 217611 step 5343 time 592343 ms
done 0 67 22 54 7 16 23 18 64 39 42 14 51 77 19 5 58 66 80 49 75 60 38 34 72 33 63 40 26 69 3 74 11 50 47 46 48 1 68 35 25 56 36 21 45 6 4 62 61 78 52 37 41 9 29 73 8 27 15 79 53 31 65 17 57 43 28 59 20 13 71 10 12 70 76 2 24 32 55 44 30
best 217611
time 950127 ms
seed 8
