jobs 80
mach 20
init 0 39 47 3 31 59 17 29 38 50 64 57 32 34 72 15 67 7 54 21 71 4 62 56 41 2 43 60 66 73 49 18 52 8 13 27 44 69 30 22 48 23 74 36 14 63 42 45 76 75 46 55 78 40 1 19 35 61 11 53 58 28 51 25 33 77 20 65 68 10 80 79 26 6 24 16 12 5 9 37 70
best 310723
best 302090 step 1 time 507 ms
best 298190 step 3 time 754 ms
best 297624 step 4 time 938 ms
best 296825 step 28 time 4142 ms
best 294014 step 38 time 5226 ms
best 293746 step 41 time 5562 ms
best 293531 step 44 time 5928 ms
best 291251 step 46 time 6148 ms
best 290908 step 133 time 16478 ms
best 290603 step 167 time 20545 ms
best 289129 step 170 time 20864 ms
best 287492 step 175 time 21363 ms
best 284634 step 212 time 26490 ms
best 284167 step 214 time 26669 ms
best 284109 step 843 time 100132 ms
best 284050 step 887 time 106220 ms
best 282253 step 1541 time 183440 ms
done 0 38 56 47 31 59 57 50 17 29 21 32 15 3 34 18 67 64 72 54 66 71 4 62 7 60 49 2 43 74 41 23 19 78 13 44 69 14 8 30 36 48 63 52 42 22 45 73 53 35 76 75 39 77 40 46 25 58 55 33 27 28 68 10 80 11 20 61 26 65 16 12 51 79 5 24 6 1 9 37 70
best 282253
time 950001 ms
seed 8
