jobs 80
mach 20
init 0 47 79 28 22 58 77 74 80 69 59 37 36 7 55 6 75 61 11 56 62 38 14 70 27 33 26 71 16 54 18 42 53 40 43 45 30 24 9 12 52 21 8 32 49 66 63 67 60 51 65 5 34 17 57 4 72 50 23 64 46 35 2 10 13 15 48 39 1 41 76 29 25 20 31 3 73 78 68 44 19
best 320122
best 317944 step 2 time 355 ms
best 312047 step 3 time 512 ms
best 303034 step 17 time 2136 ms
best 300436 step 36 time 4381 ms
best 300403 step 66 time 7535 ms
best 298209 step 67 time 7650 ms
best 297792 step 139 time 15959 ms
best 297159 step 143 time 16407 ms
best 295544 step 144 time 16570 ms
best 294799 step 165 time 18808 ms
best 294691 step 173 time 19704 ms
best 293351 step 179 time 20558 ms
best 293020 step 181 time 20768 ms
best 291301 step 232 time 26385 ms
best 291284 step 237 time 26936 ms
best 289796 step 251 time 28362 ms
best 289052 step 252 time 28457 ms
best 288071 step 2049 time 229270 ms
best 287633 step 2053 time 229660 ms
best 286534 step 2056 time 229916 ms
best 286235 step 2058 time 230067 ms
best 286203 step 2064 time 230813 ms
done 0 47 79 36 59 23 77 28 56 80 37 12 61 58 75 7 55 6 71 45 40 70 11 16 27 14 38 26 69 18 54 51 43 42 53 30 33 21 8 52 32 13 66 60 49 63 5 67 65 24 22 9 62 4 72 10 74 34 17 64 35 2 15 50 46 41 76 25 48 29 57 20 39 3 73 78 31 1 44 68 19
best 286203
time 950098 ms
seed 8
