jobs 90
mach 20
init 0 36 78 12 11 15 72 6 60 83 82 75 56 34 61 55 66 39 8 71 52 57 10 48 88 86 13 31 51 46 2 50 58 20 67 42 90 33 26 4 35 32 44 28 65 29 54 53 22 21 77 69 89 87 25 3 14 27 37 80 17 16 84 30 63 85 73 49 23 76 62 5 41 81 9 18 47 68 7 79 24 1 38 45 19 43 64 59 40 70 74
best 345503
best 336876 step 1 time 591 ms
best 336805 step 2 time 691 ms
best 332344 step 10 time 1988 ms
best 325844 step 12 time 2298 ms
best 325566 step 13 time 2400 ms
best 323976 step 17 time 2991 ms
best 323731 step 18 time 3234 ms
best 322235 step 19 time 3487 ms
best 321603 step 35 time 6084 ms
best 318443 step 52 time 8492 ms
best 318438 step 65 time 10382 ms
best 316893 step 74 time 11875 ms
best 316698 step 75 time 12031 ms
best 314418 step 76 time 12283 ms
best 314276 step 77 time 12410 ms
best 313485 step 234 time 37798 ms
best 312218 step 237 time 38291 ms
best 312191 step 241 time 38667 ms
best 306711 step 728 time 119112 ms
done 0 12 60 78 55 75 72 15 6 71 11 83 56 34 88 61 31 66 51 82 46 57 2 87 52 67 10 20 50 21 35 13 39 32 58 44 42 90 28 4 33 48 26 80 65 69 77 29 54 53 84 22 27 89 14 3 37 63 8 16 23 86 30 17 25 85 49 73 36 62 5 41 7 76 81 68 79 38 45 47 19 43 24 9 18 64 59 1 40 74 70
best 306711
time 950204 ms
seed 8
