jobs 90
mach 20
init 0 5 88 52 13 57 65 44 30 63 42 75 53 66 1 61 20 76 81 7 80 55 4 51 64 77 67 60 43 2 39 3 50 32 24 73 31 22 68 8 90 87 27 70 72 46 48 69 37 25 86 40 47 19 17 33 11 85 21 79 12 82 89 49 56 38 26 10 15 23 28 14 71 58 78 74 16 36 34 35 83 29 59 6 62 84 54 9 41 18 45
best 303081
best 301430 step 2 time 939 ms
best 300854 step 3 time 1061 ms
best 297274 step 4 time 1362 ms
best 296922 step 5 time 1500 ms
best 294236 step 15 time 3563 ms
best 293610 step 16 time 3663 ms
best 292034 step 18 time 4093 ms
best 291371 step 19 time 4287 ms
best 290408 step 904 time 145815 ms
best 289908 step 906 time 146229 ms
best 289819 step 907 time 146354 ms
best 289719 step 908 time 146415 ms
best 289590 step 909 time 146480 ms
done 0 5 52 30 88 13 57 72 66 65 75 44 53 61 76 42 1 20 7 77 67 60 43 51 4 64 2 3 81 63 68 80 39 55 50 24 73 22 8 32 90 87 86 31 27 19 70 46 49 16 37 10 25 40 21 69 47 12 78 82 89 14 71 17 79 85 26 38 28 56 48 36 33 58 34 15 23 74 11 35 83 29 6 62 84 54 9 41 18 59 45
best 289590
time 950176 ms
seed 8
