jobs 90
mach 20
init 0 52 85 22 2 12 57 31 33 77 45 24 34 21 14 46 67 27 28 71 54 5 88 81 42 25 37 39 43 48 32 69 75 87 68 10 4 78 90 23 26 18 17 82 79 59 11 40 29 70 13 80 86 61 49 63 19 50 6 1 58 55 76 56 73 15 89 41 47 53 20 35 72 8 36 65 7 51 44 83 66 74 64 16 3 60 84 9 62 30 38
best 397728
best 386242 step 1 time 589 ms
best 385133 step 2 time 693 ms
best 383766 step 19 time 2914 ms
best 380229 step 37 time 6328 ms
best 375745 step 46 time 7988 ms
best 375380 step 378 time 63677 ms
best 375068 step 379 time 63988 ms
best 373352 step 647 time 109221 ms
best 373158 step 648 time 109294 ms
best 372154 step 649 time 109448 ms
best 371698 step 712 time 121759 ms
best 371655 step 714 time 121975 ms
best 369922 step 835 time 141874 ms
done 0 52 85 12 57 2 33 77 14 20 67 31 42 24 81 54 88 45 10 48 39 5 46 78 21 68 71 43 32 87 34 40 75 79 69 37 23 26 18 11 19 22 86 82 27 4 70 1 59 17 61 29 63 28 6 80 25 50 15 53 13 55 58 49 90 47 35 73 56 65 41 76 66 72 89 8 3 36 83 16 44 64 38 7 62 60 84 74 51 30 9
best 369922
time 950101 ms
seed 8
