jobs 90
mach 20
init 0 35 46 45 32 75 79 43 26 80 50 90 5 64 24 13 61 60 89 66 39 20 25 1 63 82 49 27 56 76 88 41 70 52 47 8 51 87 19 23 57 37 3 58 62 48 36 29 77 7 30 84 72 17 15 85 28 73 16 53 71 34 86 44 74 14 68 10 55 9 67 2 83 33 40 38 6 21 11 65 18 42 81 4 78 69 54 22 31 59 12
best 370296
best 361909 step 1 time 792 ms
best 361683 step 2 time 1146 ms
best 360420 step 36 time 7134 ms
best 360192 step 37 time 7296 ms
best 358209 step 38 time 7426 ms
best 356035 step 94 time 17062 ms
best 354023 step 95 time 17198 ms
best 353071 step 97 time 17663 ms
best 350980 step 107 time 19606 ms
best 347269 step 109 time 19858 ms
best 347153 step 111 time 20069 ms
best 346365 step 1289 time 232451 ms
best 346276 step 1290 time 232560 ms
best 345211 step 1291 time 232742 ms
done 0 35 46 13 32 75 90 27 50 45 43 26 80 63 60 79 1 64 61 29 44 39 70 66 25 24 88 82 17 76 56 20 49 41 89 52 47 8 51 87 23 57 62 48 58 37 3 19 85 7 77 36 15 34 84 16 5 71 72 74 28 73 21 2 30 86 55 10 14 83 33 53 42 68 40 38 11 6 9 4 67 65 18 78 81 69 54 22 59 31 12
best 345211
time 950024 ms
seed 8
