jobs 90
mach 20
init 0 48 49 11 36 90 58 71 7 74 54 21 6 70 79 12 24 41 46 38 88 20 15 3 17 29 76 22 43 84 27 60 31 44 68 81 83 62 33 61 75 28 37 87 45 34 26 53 56 63 72 2 25 85 23 80 51 57 19 66 78 18 10 50 69 59 35 30 47 13 67 5 39 42 16 89 55 77 73 14 32 52 40 8 9 4 1 64 86 82 65
best 426174
best 418455 step 1 time 638 ms
best 414850 step 10 time 2041 ms
best 409414 step 12 time 2461 ms
best 408662 step 23 time 4201 ms
best 408191 step 185 time 32696 ms
best 406470 step 222 time 38790 ms
best 406155 step 227 time 39495 ms
best 406022 step 237 time 41427 ms
best 405875 step 829 time 140529 ms
best 404802 step 830 time 140720 ms
best 404384 step 839 time 141980 ms
best 403510 step 972 time 162543 ms
best 403016 step 973 time 162710 ms
best 401343 step 1085 time 181040 ms
best 400124 step 1086 time 181246 ms
best 400104 step 3341 time 563142 ms
best 399107 step 3343 time 563502 ms
best 398194 step 3351 time 564801 ms
best 397638 step 3353 time 565090 ms
done 0 48 49 54 85 58 12 24 11 7 71 74 36 21 6 70 46 79 20 84 38 41 29 27 44 15 43 3 90 18 76 31 68 83 81 17 28 61 57 62 22 51 75 37 26 72 33 2 23 87 60 25 34 67 5 47 50 45 63 19 66 30 53 69 56 88 35 80 39 78 10 13 59 89 16 55 77 73 42 8 86 14 4 82 65 9 32 52 1 64 40
best 397638
time 950010 ms
seed 8
