jobs 90
mach 20
init 0 45 42 69 30 35 4 89 25 46 65 12 76 73 53 55 77 33 28 13 44 57 52 31 27 54 80 72 17 81 32 62 67 48 36 64 6 1 26 66 29 79 58 70 78 37 20 90 85 14 83 5 50 39 9 3 7 2 87 43 60 15 61 88 75 74 41 24 84 59 34 10 63 51 71 8 21 47 38 11 68 19 40 16 18 82 49 22 86 56 23
best 374948
best 371844 step 1 time 518 ms
best 370673 step 2 time 684 ms
best 367538 step 6 time 1253 ms
best 366371 step 7 time 1479 ms
best 365050 step 10 time 2029 ms
best 361142 step 11 time 2252 ms
best 354888 step 12 time 2410 ms
best 350077 step 14 time 2968 ms
best 349986 step 31 time 6247 ms
best 349945 step 34 time 6625 ms
best 348884 step 59 time 10612 ms
best 346452 step 65 time 11409 ms
best 346421 step 66 time 11519 ms
best 346391 step 67 time 11644 ms
best 346307 step 68 time 11828 ms
best 345696 step 69 time 11976 ms
best 345231 step 70 time 12142 ms
best 345177 step 71 time 12260 ms
best 344612 step 72 time 12421 ms
best 343975 step 185 time 31361 ms
best 343008 step 524 time 86265 ms
best 341950 step 895 time 144602 ms
best 341921 step 945 time 152509 ms
best 341188 step 946 time 152592 ms
best 339673 step 1767 time 286177 ms
done 0 42 69 35 53 76 77 5 17 12 46 31 62 65 4 89 25 54 9 33 55 27 58 80 44 30 36 57 52 37 32 13 67 28 88 45 1 14 6 64 26 83 72 90 79 70 66 78 3 29 85 48 50 73 39 2 87 43 60 15 20 61 81 7 59 74 41 84 24 34 71 8 75 51 11 10 63 21 19 47 38 40 16 86 18 82 22 49 68 23 56
best 339673
time 950112 ms
seed 8
