jobs 90
mach 20
init 0 23 12 85 78 1 46 55 9 81 16 80 44 7 65 17 56 27 60 57 37 53 75 82 64 42 43 76 10 84 26 63 83 49 58 35 33 2 36 45 11 77 3 71 18 50 52 31 87 39 48 8 70 6 25 61 59 62 19 74 28 32 47 67 73 4 24 90 14 13 5 66 51 38 68 41 88 30 86 89 69 20 15 34 21 29 40 22 54 72 79
best 359229
best 350524 step 4 time 1572 ms
best 350295 step 6 time 2022 ms
best 344006 step 7 time 2323 ms
best 342757 step 9 time 2618 ms
best 342520 step 19 time 4722 ms
best 338392 step 20 time 4925 ms
best 335462 step 23 time 5398 ms
best 328645 step 25 time 5790 ms
best 327836 step 125 time 26725 ms
best 327298 step 2812 time 585735 ms
done 0 23 66 78 12 85 1 55 7 9 81 16 44 53 65 61 6 17 11 56 64 57 26 82 27 42 10 60 80 63 37 43 58 76 36 84 49 2 83 35 45 33 3 39 32 47 50 77 71 52 75 31 8 48 70 87 18 13 67 73 59 90 62 24 51 46 25 4 19 28 74 14 68 5 86 88 21 69 30 29 38 34 15 41 54 89 72 79 20 40 22
best 327298
time 950007 ms
seed 8
