jobs 90
mach 20
init 0 12 51 34 45 65 78 42 61 6 27 11 26 80 10 15 75 19 39 52 56 84 50 17 40 58 59 7 87 77 32 16 2 35 66 22 8 60 69 55 43 71 24 1 74 85 9 49 29 37 48 14 67 72 41 73 76 54 88 68 30 90 46 81 13 70 63 53 44 79 20 31 89 57 23 5 25 36 3 4 33 18 86 64 62 21 82 38 47 28 83
best 442590
best 439051 step 1 time 670 ms
best 433928 step 2 time 903 ms
best 429103 step 3 time 1197 ms
best 425195 step 9 time 2329 ms
best 420941 step 15 time 3460 ms
best 416170 step 16 time 3800 ms
best 413906 step 17 time 4030 ms
best 411714 step 28 time 5864 ms
best 411423 step 38 time 7704 ms
best 409966 step 45 time 8852 ms
best 408115 step 49 time 9576 ms
best 407469 step 87 time 16550 ms
best 405196 step 382 time 71683 ms
best 405112 step 383 time 71831 ms
best 404884 step 2788 time 509293 ms
done 0 12 51 11 35 26 42 70 61 7 6 27 65 19 45 15 60 50 56 32 84 17 58 59 43 34 77 10 88 2 75 52 69 55 39 29 40 8 66 1 71 73 72 78 30 74 76 16 67 37 54 24 9 81 22 90 41 49 48 85 14 20 46 87 68 80 63 79 53 86 89 13 57 23 31 5 4 25 36 3 33 44 62 21 18 82 64 38 47 28 83
best 404884
time 950202 ms
seed 8
