jobs 90
mach 20
init 0 59 55 39 27 28 16 42 1 90 54 60 10 71 73 78 51 8 64 81 36 89 52 32 2 40 48 49 63 31 12 41 14 68 9 29 47 30 34 26 70 17 11 83 13 80 25 5 74 88 86 23 77 45 82 4 24 7 76 58 37 35 53 66 56 57 87 65 33 43 3 67 84 19 69 61 46 21 62 18 85 44 72 79 15 20 6 38 22 50 75
best 436523
best 433037 step 1 time 582 ms
best 426433 step 3 time 910 ms
best 421362 step 7 time 1564 ms
best 420164 step 15 time 2800 ms
best 420000 step 16 time 2950 ms
best 419782 step 17 time 3156 ms
best 418382 step 19 time 3598 ms
best 414395 step 25 time 4758 ms
best 414268 step 35 time 6572 ms
best 410984 step 44 time 8264 ms
best 403422 step 58 time 10888 ms
best 401517 step 194 time 35811 ms
best 400624 step 196 time 36106 ms
done 0 55 16 47 64 51 8 42 28 78 90 54 60 10 73 1 81 39 27 89 30 53 36 52 63 34 49 2 69 37 68 12 41 14 11 88 31 29 83 32 70 71 13 40 80 25 57 5 48 3 26 23 62 24 35 86 9 77 56 4 7 76 67 43 17 66 82 18 19 58 61 74 87 15 65 46 33 44 45 79 59 85 21 38 84 22 20 6 72 50 75
best 400624
time 950166 ms
seed 8
