jobs 90
mach 20
init 0 9 47 55 1 70 75 20 53 83 18 28 73 32 26 68 35 74 60 39 54 40 45 87 43 77 64 89 49 25 36 52 63 86 42 13 7 17 8 72 44 57 30 21 6 4 48 69 50 29 22 16 14 67 62 38 65 82 23 31 33 66 41 59 34 10 27 88 19 80 78 79 85 84 81 3 12 76 5 51 11 15 61 37 71 24 2 90 46 56 58
best 405028
best 403353 step 1 time 559 ms
best 401881 step 2 time 742 ms
best 398095 step 5 time 1406 ms
best 394870 step 19 time 3993 ms
best 394002 step 20 time 4145 ms
best 393422 step 22 time 4406 ms
best 392748 step 24 time 4685 ms
best 391487 step 33 time 5939 ms
best 390673 step 34 time 6161 ms
best 388115 step 37 time 6749 ms
best 386461 step 39 time 7070 ms
best 386279 step 600 time 102330 ms
best 386042 step 605 time 103179 ms
best 385954 step 910 time 158192 ms
best 385744 step 1241 time 214443 ms
best 384911 step 1242 time 214580 ms
best 382318 step 1244 time 215047 ms
best 382298 step 1245 time 215166 ms
best 382244 step 1474 time 254479 ms
done 0 47 26 53 1 73 75 20 64 55 32 83 18 70 39 68 35 59 8 45 30 44 40 43 28 77 49 42 7 89 13 29 72 25 87 36 21 16 69 17 54 63 22 9 57 6 74 50 4 48 14 67 65 62 81 31 66 88 86 23 19 52 82 34 27 84 38 60 33 10 41 78 12 51 5 79 85 80 61 37 71 3 11 24 2 76 90 46 56 58 15
best 382244
time 950037 ms
seed 8
