jobs 100
mach 20
init 0 86 61 79 63 27 17 33 2 37 95 44 68 24 54 80 40 45 94 19 8 34 73 71 25 55 92 42 41 1 38 5 78 64 70 47 32 62 97 39 65 10 76 6 81 50 77 67 69 3 82 53 43 87 83 14 60 35 75 21 49 98 48 31 46 28 84 15 100 30 11 58 16 29 52 90 72 93 7 56 23 26 18 88 4 74 20 13 51 89 22 96 99 85 36 57 12 66 91 59 9
best 549432
best 546724 step 1 time 823 ms
best 545543 step 2 time 1031 ms
best 538883 step 5 time 1638 ms
best 537620 step 7 time 2011 ms
best 533386 step 8 time 2279 ms
best 533242 step 9 time 2429 ms
best 531212 step 10 time 2659 ms
best 529977 step 33 time 7612 ms
best 529588 step 71 time 16951 ms
best 529411 step 72 time 17276 ms
best 527791 step 119 time 31361 ms
best 527348 step 120 time 31665 ms
best 527343 step 127 time 33123 ms
best 525636 step 266 time 67865 ms
best 524322 step 400 time 100930 ms
best 523760 step 767 time 193771 ms
best 522459 step 770 time 194681 ms
best 521310 step 793 time 200298 ms
best 519501 step 794 time 200452 ms
best 518740 step 796 time 200970 ms
best 518037 step 804 time 203415 ms
best 515687 step 807 time 204074 ms
done 0 16 33 30 27 17 61 37 25 95 54 78 71 68 92 80 40 44 42 8 94 79 24 55 63 2 45 73 5 41 62 97 32 70 1 47 38 81 64 53 39 65 77 34 50 82 76 6 14 67 87 10 69 3 19 43 100 83 75 48 11 31 15 60 58 46 86 35 49 52 72 28 84 88 4 56 21 98 90 26 93 51 89 29 74 23 20 18 7 13 96 99 57 22 85 12 36 59 66 91 9
best 515687
time 950145 ms
seed 7
