jobs 100
mach 20
init 0 67 75 94 4 60 92 89 11 32 56 2 54 83 46 16 53 86 64 76 71 100 65 20 47 17 25 33 59 23 58 36 21 82 95 43 81 69 10 49 41 84 73 91 55 13 52 37 6 57 44 1 30 15 12 98 38 96 78 39 99 40 34 97 26 74 63 70 3 29 42 35 62 18 19 8 14 45 51 66 27 90 80 22 28 85 50 24 31 7 68 9 72 79 5 87 48 61 93 88 77
best 491419
best 485276 step 1 time 1061 ms
best 470258 step 2 time 1526 ms
best 469547 step 4 time 1969 ms
best 467845 step 11 time 4363 ms
best 465629 step 12 time 4679 ms
best 464414 step 16 time 5825 ms
best 463310 step 18 time 6232 ms
best 460772 step 20 time 6669 ms
best 459403 step 82 time 22797 ms
best 458278 step 114 time 31113 ms
best 457876 step 119 time 32256 ms
best 455712 step 150 time 40714 ms
best 454789 step 2162 time 570954 ms
best 453183 step 2262 time 597610 ms
best 451100 step 3245 time 860494 ms
best 450421 step 3248 time 861357 ms
done 0 67 75 71 11 16 4 60 92 53 2 65 56 96 94 54 86 89 83 17 10 20 39 33 58 59 23 100 76 64 82 47 91 25 21 46 32 95 69 43 44 36 41 49 81 73 84 55 98 97 52 37 6 1 38 57 99 42 15 74 12 78 34 13 30 70 26 29 40 19 8 63 45 35 27 62 18 51 7 50 85 90 80 66 14 3 24 31 68 28 22 79 87 9 48 61 93 72 88 5 77
best 450421
time 950002 ms
seed 7
