jobs 100
mach 20
init 0 66 26 22 21 61 99 25 89 29 36 15 11 37 95 30 90 69 38 35 14 80 83 8 59 55 85 1 17 32 31 53 96 40 2 75 47 94 50 16 51 92 13 87 72 27 81 3 63 19 34 68 91 86 24 58 56 41 23 18 28 100 4 10 74 65 54 43 57 44 79 70 73 7 33 97 45 77 5 93 67 78 71 20 98 48 46 49 6 60 39 42 62 64 52 76 82 88 9 84 12
best 467441
best 465985 step 1 time 663 ms
best 465936 step 3 time 1089 ms
best 452573 step 5 time 1664 ms
best 452393 step 6 time 1839 ms
best 451472 step 17 time 4545 ms
best 446659 step 23 time 6168 ms
best 446574 step 35 time 9939 ms
best 443637 step 43 time 11816 ms
best 443511 step 44 time 12087 ms
best 442703 step 54 time 14644 ms
best 439944 step 59 time 15920 ms
best 439872 step 60 time 16118 ms
best 439470 step 127 time 34844 ms
best 437764 step 128 time 35170 ms
best 437564 step 187 time 50878 ms
best 433755 step 1158 time 309221 ms
best 433245 step 3189 time 849068 ms
done 0 98 22 30 21 25 26 29 36 16 61 55 99 35 15 95 69 38 81 50 89 80 83 11 96 2 85 14 44 8 53 66 59 32 17 75 91 31 40 86 24 23 92 47 13 37 18 3 54 19 63 1 90 41 68 87 56 94 28 10 27 79 45 72 57 51 100 58 48 70 7 78 77 97 33 65 74 5 43 34 93 4 67 49 46 73 6 60 20 62 64 88 42 39 71 9 84 82 52 12 76
best 433245
time 950196 ms
seed 7
