jobs 100
mach 20
init 0 6 26 22 99 27 63 67 80 87 97 92 33 71 50 41 12 88 68 34 1 23 70 91 16 5 86 13 25 47 96 61 72 55 30 89 15 75 51 100 37 94 32 93 17 84 54 39 36 18 3 98 45 10 42 20 69 24 2 82 43 46 79 73 52 29 95 21 4 85 35 83 49 11 57 7 53 56 90 78 48 60 31 62 9 76 40 74 65 64 66 59 44 81 19 28 38 8 58 77 14
best 405123
best 394786 step 1 time 657 ms
best 383039 step 2 time 947 ms
best 374820 step 3 time 1491 ms
best 373864 step 4 time 1813 ms
best 371249 step 7 time 2706 ms
best 368709 step 8 time 2981 ms
best 365324 step 27 time 7845 ms
best 364402 step 34 time 9929 ms
best 363729 step 35 time 10074 ms
best 360174 step 51 time 14142 ms
best 359959 step 66 time 18118 ms
best 359879 step 70 time 19186 ms
best 358063 step 71 time 19344 ms
best 356328 step 325 time 84489 ms
best 353430 step 545 time 144887 ms
best 352303 step 787 time 208007 ms
best 352232 step 882 time 235424 ms
best 349909 step 883 time 235759 ms
done 0 72 22 26 92 63 80 97 27 67 87 50 16 37 12 99 41 5 88 68 70 91 93 47 23 34 86 25 61 52 6 33 96 1 51 89 55 13 30 24 39 94 100 17 43 32 84 54 20 69 36 18 71 42 45 10 98 83 3 82 2 73 75 15 79 95 4 62 29 35 90 46 21 60 85 76 49 74 7 53 48 56 78 11 9 59 31 64 19 40 81 66 57 77 65 38 44 14 28 8 58
best 349909
time 950163 ms
seed 7
