jobs 100
mach 20
init 0 78 65 58 17 79 77 41 13 37 74 67 23 80 70 54 24 12 38 16 87 86 51 82 91 69 9 35 61 34 63 100 94 72 64 20 4 14 7 22 66 19 33 42 89 52 60 1 28 6 84 56 96 92 53 43 97 68 50 95 76 73 31 93 27 88 49 45 59 75 29 55 47 39 83 48 15 3 85 62 81 36 98 44 46 99 30 25 26 11 32 21 71 40 57 90 2 8 5 18 10
best 523471
best 520807 step 1 time 880 ms
best 498734 step 3 time 1614 ms
best 494093 step 4 time 1858 ms
best 488557 step 32 time 8891 ms
best 487728 step 197 time 49635 ms
best 487623 step 335 time 84871 ms
best 487357 step 339 time 86007 ms
best 487133 step 340 time 86174 ms
best 486366 step 415 time 103788 ms
best 485821 step 417 time 104052 ms
best 485366 step 430 time 107382 ms
best 483864 step 777 time 194064 ms
best 483405 step 846 time 212024 ms
best 483052 step 849 time 212765 ms
best 482076 step 852 time 213704 ms
best 481219 step 856 time 214500 ms
best 480534 step 1319 time 330122 ms
best 480409 step 1409 time 353141 ms
best 478602 step 1410 time 353457 ms
best 476592 step 3186 time 796103 ms
best 475348 step 3187 time 796446 ms
done 0 61 48 77 79 41 51 37 58 17 67 13 92 74 38 70 80 86 24 23 82 12 54 16 35 22 66 63 91 69 42 9 87 52 14 94 34 56 93 64 20 4 19 84 65 88 33 6 1 60 72 27 7 89 47 96 68 31 76 43 50 81 83 73 78 28 3 55 49 45 53 100 95 59 29 97 36 62 39 25 99 75 85 15 98 11 71 40 30 57 46 44 21 2 90 32 8 26 5 18 10
best 475348
time 950183 ms
seed 7
