jobs 100
mach 20
init 0 56 62 74 10 55 81 3 71 24 57 14 66 83 59 16 91 29 68 11 23 38 52 46 15 21 64 96 94 80 27 75 98 67 41 92 19 100 25 97 33 49 76 26 63 70 82 6 54 93 9 69 13 4 36 77 95 34 18 79 17 30 42 1 51 88 2 73 84 12 32 39 58 61 37 5 78 43 50 8 86 72 53 31 7 60 35 48 87 28 44 40 20 89 45 90 65 85 99 47 22
best 611900
best 608900 step 1 time 1031 ms
best 607242 step 3 time 1582 ms
best 605394 step 5 time 2063 ms
best 592364 step 9 time 3442 ms
best 589795 step 11 time 4114 ms
best 584566 step 14 time 4924 ms
best 579103 step 16 time 5570 ms
best 572580 step 24 time 8084 ms
best 572332 step 344 time 111422 ms
best 569174 step 919 time 306882 ms
done 0 56 62 55 94 15 24 46 66 57 74 16 81 83 3 39 14 71 29 96 10 75 80 84 11 64 23 68 21 33 38 52 27 91 26 98 93 25 54 41 63 49 76 97 19 100 92 95 82 6 70 18 51 4 30 9 77 34 61 13 73 79 69 42 17 36 88 32 78 50 5 12 31 2 58 37 8 1 67 43 89 59 35 87 60 72 7 86 90 65 28 53 45 48 85 40 20 99 44 22 47
best 569174
time 950025 ms
seed 7
