jobs 100
mach 20
init 0 23 62 45 84 90 75 37 21 17 98 16 12 80 1 32 55 25 34 71 27 44 60 61 29 52 87 68 88 79 81 19 42 76 11 66 50 18 40 64 77 39 82 69 94 85 9 2 59 58 51 36 22 70 83 26 86 53 65 47 5 6 95 56 73 10 89 97 33 20 78 24 99 49 31 63 67 35 91 15 100 30 92 8 48 54 41 14 13 7 3 74 96 46 28 4 93 72 43 57 38
best 567480
best 547605 step 5 time 2055 ms
best 546472 step 6 time 2417 ms
best 544191 step 8 time 2912 ms
best 543882 step 12 time 3795 ms
best 542270 step 14 time 4463 ms
best 541400 step 272 time 75681 ms
best 538824 step 273 time 75970 ms
best 536795 step 275 time 76552 ms
best 535791 step 572 time 158233 ms
best 534807 step 614 time 169796 ms
best 532044 step 615 time 170070 ms
best 531610 step 616 time 170261 ms
done 0 23 62 1 45 17 75 37 21 80 52 32 55 25 34 71 98 88 87 16 12 44 60 61 77 29 42 27 79 40 66 68 19 50 11 39 18 69 82 85 84 70 51 26 90 64 2 59 89 9 83 5 97 81 58 49 86 22 53 95 65 47 56 91 36 73 94 6 20 10 33 78 54 15 24 99 76 30 67 31 63 8 35 100 14 13 41 92 7 96 46 74 48 93 72 3 28 4 43 38 57
best 531610
time 950003 ms
seed 7
