jobs 100
mach 20
init 0 63 52 53 19 16 24 23 18 10 51 35 31 58 70 98 64 38 88 1 2 54 81 96 3 73 85 65 79 17 91 45 100 99 69 34 74 21 56 8 20 67 75 80 92 76 33 44 82 37 46 15 29 71 93 28 86 50 83 36 60 61 89 43 94 90 72 11 41 26 22 84 68 97 42 48 57 40 59 13 12 62 27 66 6 95 7 47 32 25 30 55 4 14 39 5 77 49 87 78 9
best 497554
best 492825 step 1 time 919 ms
best 487915 step 2 time 1241 ms
best 476587 step 4 time 1877 ms
best 476201 step 6 time 2546 ms
best 472033 step 7 time 2744 ms
best 467129 step 8 time 2937 ms
best 465584 step 9 time 3416 ms
best 465335 step 10 time 3828 ms
best 465184 step 11 time 4035 ms
best 464079 step 12 time 4233 ms
best 463560 step 13 time 4497 ms
best 459621 step 21 time 6190 ms
best 459333 step 22 time 6424 ms
best 457844 step 259 time 67361 ms
best 457223 step 260 time 67507 ms
best 456517 step 408 time 106518 ms
best 454126 step 424 time 110087 ms
best 453195 step 431 time 111623 ms
best 452553 step 1483 time 381069 ms
best 451796 step 2038 time 521927 ms
best 451760 step 2039 time 522084 ms
best 448773 step 2388 time 610810 ms
best 448081 step 2392 time 611298 ms
best 447721 step 2393 time 611423 ms
done 0 52 73 65 100 18 24 16 58 8 51 23 36 53 19 35 70 1 54 98 34 88 38 31 37 67 81 96 3 10 45 91 79 20 74 21 63 33 17 2 89 99 80 85 75 44 69 90 43 82 61 56 71 46 15 76 86 83 29 92 60 93 28 59 11 6 48 41 26 94 47 50 64 22 42 27 97 84 95 13 57 12 32 72 62 68 40 66 7 14 30 25 4 39 49 87 5 55 77 78 9
best 447721
time 950238 ms
seed 7
