jobs 100
mach 20
init 0 26 52 33 39 24 12 42 86 72 80 82 61 29 57 64 11 63 43 79 54 18 56 89 7 25 78 88 81 97 93 13 49 77 53 69 90 40 92 59 15 100 5 99 9 68 1 20 6 55 50 8 84 95 28 30 3 85 71 37 73 45 27 44 38 87 47 46 17 58 96 19 67 16 14 65 51 60 66 23 76 83 10 98 4 70 94 32 36 62 41 75 31 34 21 35 91 48 74 22 2
best 561439
best 558190 step 1 time 618 ms
best 549407 step 3 time 902 ms
best 549331 step 4 time 1026 ms
best 547435 step 5 time 1500 ms
best 544106 step 8 time 2500 ms
best 541214 step 16 time 4980 ms
best 538068 step 19 time 5714 ms
best 537654 step 22 time 6440 ms
best 534450 step 25 time 7153 ms
best 532948 step 44 time 11790 ms
best 530230 step 45 time 12215 ms
best 529702 step 101 time 26728 ms
best 526031 step 102 time 26898 ms
best 524983 step 103 time 27208 ms
best 523955 step 104 time 27621 ms
best 520559 step 108 time 28774 ms
done 0 33 26 24 52 78 86 14 72 69 80 82 12 61 29 64 42 11 63 54 79 25 7 90 89 43 17 53 49 97 57 39 99 13 77 56 40 92 5 9 88 68 1 100 18 59 4 15 84 44 95 55 8 71 93 50 37 73 45 3 85 81 28 30 20 58 19 60 6 65 47 23 46 83 67 96 38 87 51 94 66 10 27 16 98 70 62 31 76 41 75 32 2 48 34 36 21 35 91 74 22
best 520559
time 950096 ms
seed 7
