jobs 100
mach 20
init 0 69 15 92 48 25 100 4 75 99 45 38 96 19 97 82 21 63 65 51 9 91 64 24 23 6 68 79 22 29 39 86 16 83 95 35 50 1 66 31 73 87 52 94 77 59 49 71 85 44 37 70 47 93 62 32 36 3 13 60 41 11 89 2 42 17 67 72 98 34 14 61 7 84 56 53 78 18 88 90 80 26 10 20 12 55 30 8 76 27 40 46 43 5 54 58 33 28 81 74 57
best 499743
best 498650 step 1 time 771 ms
best 484196 step 3 time 1799 ms
best 481691 step 4 time 2226 ms
best 480858 step 5 time 2573 ms
best 480426 step 7 time 3224 ms
best 477564 step 24 time 7796 ms
best 474221 step 57 time 16141 ms
best 472605 step 58 time 16288 ms
best 466528 step 299 time 82383 ms
best 466527 step 300 time 82521 ms
best 466094 step 301 time 82862 ms
best 464765 step 384 time 103976 ms
best 462711 step 1143 time 301507 ms
done 0 69 25 48 31 75 92 97 23 19 38 77 21 65 99 63 100 9 4 24 68 79 64 52 35 51 87 45 32 96 95 39 86 16 29 71 89 49 73 1 70 22 60 50 66 17 59 44 36 82 94 85 37 98 62 34 91 3 41 83 6 14 47 42 11 67 93 72 7 2 15 13 54 18 88 90 80 30 84 53 8 76 20 10 27 12 56 78 55 61 40 46 33 26 43 5 58 28 81 74 57
best 462711
time 950222 ms
seed 7
