jobs 50
mach 20
init 0 15 35 47 2 32 36 22 7 30 4 43 19 17 1 14 21 11 28 39 3 6 49 13 8 5 27 31 48 42 29 50 9 26 46 38 25 45 34 37 10 40 23 44 20 33 18 12 41 24 16
best 36465
best 36321 step 1 time 49 ms
best 33141 step 2 time 72 ms
best 32947 step 11 time 213 ms
best 32199 step 28 time 532 ms
best 31636 step 126 time 2094 ms
best 31606 step 1807 time 28718 ms
done 0 32 36 15 35 2 22 7 39 47 30 43 31 19 14 11 4 1 21 17 6 49 28 13 8 5 27 46 3 29 42 44 48 20 9 38 25 45 34 50 37 40 23 10 26 33 18 12 41 24 16
best 31606
time 950013 ms
seed 7
