jobs 50
mach 20
init 0 6 41 40 29 25 33 26 24 1 27 32 10 28 2 23 21 37 48 3 12 34 11 42 44 22 31 19 15 17 50 5 16 36 4 35 30 39 38 18 45 8 20 14 43 46 9 7 13 49 47
best 25178
best 21832 step 1 time 76 ms
best 20349 step 3 time 128 ms
best 20205 step 4 time 144 ms
best 19808 step 5 time 171 ms
best 19579 step 10 time 312 ms
best 18849 step 53 time 1342 ms
best 18724 step 54 time 1370 ms
best 18364 step 61 time 1486 ms
best 17891 step 1229 time 28605 ms
best 17839 step 4904 time 113256 ms
best 17831 step 15790 time 369134 ms
best 17759 step 34520 time 795328 ms
done 0 6 40 29 25 41 10 33 26 1 24 32 48 44 27 28 42 13 12 23 21 34 11 3 17 37 38 22 19 5 31 15 36 50 16 4 35 2 30 39 18 46 45 20 8 14 43 9 7 49 47
best 17759
time 950032 ms
seed 7
