jobs 50
mach 20
init 0 46 16 38 35 47 32 20 43 42 21 31 26 11 12 36 48 33 45 6 44 17 28 23 10 9 14 25 40 3 15 2 18 8 50 7 13 41 49 27 22 37 39 4 29 1 19 5 24 34 30
best 27173
best 25369 step 1 time 68 ms
best 25331 step 2 time 77 ms
best 25040 step 3 time 106 ms
best 24284 step 4 time 158 ms
best 24148 step 69 time 1526 ms
best 24062 step 71 time 1573 ms
best 23887 step 545 time 11290 ms
best 23770 step 574 time 11914 ms
done 0 46 43 16 35 38 47 32 42 20 31 48 21 33 12 26 11 36 45 28 6 44 17 10 9 14 23 19 25 7 40 15 2 8 18 50 13 41 49 39 22 27 1 4 29 37 3 24 34 30 5
best 23770
time 950009 ms
seed 7
