jobs 50
mach 20
init 0 2 48 25 42 22 44 45 6 18 36 14 21 29 30 37 32 23 3 34 41 1 7 33 10 4 5 38 16 35 15 9 12 19 40 49 31 28 47 13 26 17 39 24 11 46 8 50 20 27 43
best 21761
best 21104 step 6 time 192 ms
best 21032 step 7 time 228 ms
best 20259 step 11 time 299 ms
best 20199 step 16 time 410 ms
best 19408 step 31 time 706 ms
best 19349 step 93 time 1860 ms
best 19306 step 105 time 2082 ms
done 0 2 44 42 22 45 25 6 18 36 14 21 29 30 37 32 23 3 34 10 41 1 7 33 5 48 4 35 38 16 15 9 12 19 20 40 49 31 28 13 47 17 39 46 11 27 26 24 50 8 43
best 19306
time 950002 ms
seed 7
