jobs 50
mach 20
init 0 33 18 10 45 8 20 11 50 1 17 3 29 9 48 6 31 41 39 35 43 44 2 4 13 34 46 22 19 12 5 32 47 37 36 26 24 38 14 25 21 7 30 15 42 16 23 49 40 27 28
best 13921
best 13588 step 40 time 842 ms
best 13372 step 55 time 1186 ms
best 12846 step 58 time 1252 ms
best 12832 step 65 time 1393 ms
best 12792 step 84 time 1773 ms
best 12495 step 89 time 1843 ms
best 12418 step 91 time 1898 ms
best 12081 step 96 time 1971 ms
best 12069 step 97 time 1997 ms
done 0 33 18 10 45 8 29 11 50 1 37 9 20 3 48 17 6 31 41 39 35 43 44 2 4 13 46 34 22 19 14 47 32 36 12 5 26 24 38 25 21 7 30 15 42 16 23 49 40 27 28
best 12069
time 950003 ms
seed 7
