jobs 60
mach 20
init 0 3 49 11 46 54 1 43 36 35 48 20 37 38 7 16 18 57 55 24 5 29 8 13 50 32 26 25 53 31 12 45 41 15 58 27 14 9 17 33 44 30 42 28 40 2 59 47 22 51 19 10 56 6 23 4 21 60 39 52 34
best 74832
best 69731 step 1 time 239 ms
best 67880 step 20 time 1211 ms
best 67084 step 34 time 1817 ms
best 66905 step 106 time 5084 ms
best 66759 step 290 time 13612 ms
best 65810 step 310 time 14465 ms
best 65507 step 477 time 21743 ms
best 65496 step 478 time 21775 ms
best 65283 step 1093 time 48909 ms
best 65183 step 1556 time 69556 ms
best 64937 step 2093 time 92801 ms
best 64845 step 2094 time 92862 ms
best 64672 step 2096 time 92935 ms
best 64551 step 8005 time 357136 ms
best 64458 step 14534 time 644373 ms
best 64077 step 20699 time 917716 ms
done 0 3 43 46 49 54 11 1 36 35 48 20 38 7 37 8 57 16 55 18 28 13 24 29 5 31 50 26 45 12 53 25 32 58 41 15 9 27 44 14 30 33 4 42 40 17 6 2 59 47 22 23 52 56 10 39 21 60 34 51 19
best 64077
time 950032 ms
seed 7
