jobs 60
mach 20
init 0 28 58 31 52 36 38 5 55 44 53 42 4 22 47 20 9 54 14 23 6 21 40 33 41 25 35 15 27 30 39 10 18 29 2 1 7 43 24 3 37 13 57 12 32 34 50 8 16 11 45 46 60 48 49 59 51 26 19 17 56
best 89832
best 88850 step 5 time 264 ms
best 88650 step 6 time 323 ms
best 88622 step 9 time 425 ms
best 87392 step 10 time 468 ms
best 87148 step 16 time 670 ms
best 86697 step 17 time 697 ms
best 86350 step 20 time 769 ms
best 86136 step 105 time 3207 ms
best 85583 step 163 time 4959 ms
best 85035 step 164 time 4980 ms
best 84802 step 631 time 20167 ms
best 84065 step 714 time 23141 ms
best 84043 step 715 time 23176 ms
best 83986 step 880 time 28290 ms
best 83604 step 2320 time 75237 ms
done 0 53 31 36 58 38 5 55 42 9 28 4 20 22 52 21 47 44 6 54 14 41 40 33 23 35 25 15 27 1 39 10 30 18 29 2 7 43 24 3 37 13 57 16 12 32 34 50 45 8 46 60 49 48 11 51 59 26 19 17 56
best 83604
time 950010 ms
seed 7
