jobs 60
mach 20
init 0 2 60 48 53 30 15 45 4 49 5 13 22 50 9 31 52 34 41 42 55 14 46 23 37 33 17 11 20 59 58 25 40 35 7 57 16 36 56 47 32 19 6 21 26 27 44 12 54 8 3 18 43 38 39 28 24 29 10 1 51
best 84786
best 81851 step 2 time 202 ms
best 81823 step 3 time 271 ms
best 81697 step 4 time 351 ms
best 81572 step 64 time 2535 ms
best 81324 step 65 time 2574 ms
best 81303 step 361 time 13821 ms
best 80390 step 362 time 13862 ms
best 80365 step 363 time 13882 ms
best 79772 step 422 time 15938 ms
best 79573 step 427 time 16061 ms
best 79221 step 441 time 16563 ms
best 79158 step 13575 time 493628 ms
best 79090 step 19836 time 721348 ms
done 0 2 60 48 15 53 30 31 49 23 13 41 50 22 42 9 52 34 14 45 4 33 5 58 46 17 11 37 55 59 20 25 40 44 7 57 16 36 56 47 32 19 6 21 26 27 10 35 54 8 12 3 18 43 39 38 24 28 29 51 1
best 79090
time 950035 ms
seed 7
