jobs 60
mach 20
init 0 47 9 16 34 2 39 31 37 17 56 48 26 7 38 28 55 59 33 52 41 22 35 11 1 30 29 36 32 14 4 15 8 13 5 60 40 20 57 24 42 6 51 25 18 27 19 3 46 10 58 12 21 43 23 49 54 45 50 53 44
best 77268
best 75613 step 2 time 210 ms
best 73400 step 7 time 455 ms
best 73026 step 10 time 532 ms
best 72209 step 12 time 667 ms
best 71476 step 243 time 11189 ms
best 71053 step 537 time 23846 ms
best 70576 step 1896 time 84250 ms
best 70459 step 2366 time 105047 ms
best 69952 step 2393 time 106093 ms
best 69944 step 2442 time 108153 ms
best 69827 step 5192 time 230147 ms
best 69341 step 10516 time 468313 ms
done 0 52 30 16 34 2 9 56 47 26 55 17 21 48 33 31 28 22 41 39 36 59 11 42 14 35 1 38 29 32 6 8 13 7 5 60 20 4 15 57 24 46 51 25 18 27 19 54 3 37 10 43 40 58 12 23 49 45 50 53 44
best 69341
time 950023 ms
seed 7
