jobs 60
mach 20
init 0 22 6 40 7 34 11 49 12 20 17 1 9 47 29 52 39 26 60 16 59 30 19 23 36 58 14 27 4 38 35 33 45 46 8 15 56 28 31 55 18 10 2 3 54 5 57 13 37 43 53 25 51 42 24 44 32 21 41 50 48
best 144562
best 144045 step 1 time 100 ms
best 143828 step 5 time 194 ms
best 139574 step 7 time 261 ms
best 137758 step 9 time 370 ms
best 137740 step 11 time 453 ms
best 135952 step 23 time 912 ms
best 135592 step 38 time 1467 ms
best 133244 step 42 time 1564 ms
best 133105 step 134 time 5187 ms
best 132805 step 496 time 20189 ms
best 130715 step 497 time 20217 ms
best 130428 step 550 time 22416 ms
best 130309 step 853 time 34945 ms
best 130101 step 855 time 35016 ms
best 129672 step 858 time 35124 ms
best 128904 step 4628 time 187487 ms
done 0 22 7 34 39 6 27 40 11 49 20 17 26 60 1 9 47 29 16 12 58 59 23 38 53 14 30 19 36 4 35 33 45 46 56 15 2 28 8 55 31 10 18 54 5 25 3 44 13 52 43 57 37 32 21 51 42 24 41 50 48
best 128904
time 950002 ms
seed 7
