jobs 70
mach 20
init 0 13 53 47 34 45 56 42 54 26 5 37 49 17 57 67 60 69 33 11 68 7 44 52 24 15 22 59 23 10 16 6 32 35 14 9 12 30 4 63 61 8 70 40 28 25 65 21 58 50 19 46 41 38 43 64 51 1 55 20 31 39 27 18 62 36 48 29 3 2 66
best 150875
best 150264 step 3 time 341 ms
best 149416 step 4 time 417 ms
best 148100 step 6 time 564 ms
best 146730 step 26 time 1651 ms
best 146549 step 28 time 1749 ms
best 144276 step 29 time 1836 ms
best 144254 step 30 time 1911 ms
best 143774 step 35 time 2286 ms
best 143422 step 179 time 11745 ms
best 143300 step 183 time 12003 ms
best 143273 step 187 time 12228 ms
best 141624 step 188 time 12335 ms
best 140784 step 532 time 34747 ms
best 140653 step 787 time 51458 ms
best 139933 step 797 time 52115 ms
best 139730 step 5986 time 391186 ms
best 139719 step 13296 time 866621 ms
best 139630 step 13297 time 866698 ms
best 139221 step 13304 time 867231 ms
best 139165 step 13305 time 867287 ms
done 0 23 56 42 45 34 17 53 15 26 5 37 10 13 57 60 33 55 67 11 7 44 52 69 24 49 22 21 68 32 16 59 12 6 30 9 8 47 43 35 28 70 40 4 63 25 14 58 50 61 65 19 46 54 41 38 39 64 27 20 51 18 31 1 36 62 66 48 29 3 2
best 139165
time 950072 ms
seed 7
