jobs 70
mach 20
init 0 45 70 69 55 7 17 39 46 65 14 67 23 2 44 49 32 36 13 56 29 6 58 60 59 66 8 61 5 28 38 64 37 33 4 41 19 12 18 30 51 43 31 42 50 62 20 15 25 68 52 1 10 9 21 34 48 26 22 16 35 54 47 27 63 11 40 24 53 3 57
best 147707
best 144900 step 1 time 273 ms
best 144264 step 6 time 564 ms
best 143804 step 7 time 617 ms
best 141703 step 8 time 708 ms
best 140078 step 10 time 886 ms
best 140008 step 11 time 1018 ms
best 139844 step 307 time 26106 ms
best 139616 step 340 time 28682 ms
best 139590 step 341 time 28768 ms
best 139259 step 394 time 32805 ms
best 138025 step 399 time 33270 ms
best 137178 step 402 time 33441 ms
best 137083 step 608 time 51393 ms
best 136995 step 634 time 53486 ms
best 135078 step 637 time 53732 ms
best 133995 step 3491 time 290580 ms
done 0 45 7 69 55 17 39 6 67 65 32 44 36 14 23 5 31 70 56 2 58 46 49 13 66 60 59 8 12 22 37 4 61 28 38 64 43 33 41 30 18 29 19 51 50 42 25 26 62 68 52 9 10 21 16 34 48 20 15 1 54 11 47 27 63 35 24 53 3 57 40
best 133995
time 950093 ms
seed 7
