jobs 70
mach 20
init 0 6 14 60 3 18 35 55 43 57 62 5 9 21 58 42 64 11 50 69 15 56 70 13 38 52 30 53 54 44 17 63 41 2 28 29 22 40 19 8 67 26 65 32 34 47 68 20 31 45 4 46 59 1 10 51 16 66 27 36 24 61 39 25 33 12 48 23 49 37 7
best 140036
best 139606 step 1 time 176 ms
best 137690 step 3 time 353 ms
best 135702 step 5 time 504 ms
best 134303 step 8 time 672 ms
best 134233 step 46 time 2977 ms
best 134032 step 48 time 3039 ms
best 132543 step 49 time 3114 ms
best 132320 step 51 time 3356 ms
best 130721 step 60 time 4069 ms
best 130153 step 61 time 4120 ms
best 130058 step 62 time 4173 ms
best 129108 step 242 time 15735 ms
best 128915 step 244 time 15838 ms
best 128760 step 246 time 16025 ms
best 127965 step 1054 time 67448 ms
best 127470 step 1728 time 110926 ms
best 127173 step 2760 time 180678 ms
best 126701 step 6071 time 393490 ms
done 0 6 58 54 60 9 3 18 35 62 43 55 70 14 57 69 11 5 21 38 64 50 42 51 13 56 8 15 30 53 17 52 44 1 63 2 41 22 67 29 28 40 31 26 68 19 34 47 59 20 65 32 46 4 66 36 24 61 39 27 16 10 25 45 33 48 7 49 12 23 37
best 126701
time 950082 ms
seed 7
