jobs 70
mach 20
init 0 24 27 64 18 10 38 26 42 6 15 41 17 19 20 13 56 54 65 45 50 57 59 53 30 14 12 31 34 69 25 58 63 36 11 55 9 7 16 23 43 47 44 29 22 62 52 28 33 66 68 8 4 49 32 60 67 5 39 2 1 21 51 35 70 61 3 48 37 40 46
best 157538
best 155259 step 9 time 875 ms
best 154689 step 10 time 972 ms
best 153329 step 11 time 1113 ms
best 149247 step 13 time 1278 ms
best 147027 step 18 time 1668 ms
best 145932 step 21 time 1871 ms
best 143015 step 29 time 2241 ms
best 141676 step 92 time 6475 ms
best 139923 step 93 time 6568 ms
best 139840 step 5147 time 362467 ms
best 139808 step 5148 time 362528 ms
done 0 24 27 64 38 15 18 10 20 6 41 56 26 17 42 13 31 34 54 65 45 62 50 59 52 14 25 53 57 12 69 30 11 63 8 16 55 9 58 36 44 47 66 29 19 7 33 67 68 22 23 4 21 28 43 49 39 1 5 51 32 60 35 2 70 61 3 48 37 40 46
best 139808
time 950041 ms
seed 7
