jobs 70
mach 20
init 0 25 33 9 4 68 35 65 27 14 12 51 46 53 21 31 56 32 1 50 66 10 47 19 39 38 36 59 22 30 64 41 17 23 2 7 62 67 34 24 52 18 61 8 16 6 69 57 43 20 54 70 29 5 60 40 15 63 58 49 44 26 48 11 37 13 3 28 42 55 45
best 142082
best 138612 step 2 time 350 ms
best 137873 step 3 time 470 ms
best 133717 step 6 time 690 ms
best 133561 step 7 time 727 ms
best 132920 step 11 time 1053 ms
best 132844 step 16 time 1417 ms
best 130925 step 18 time 1572 ms
best 125654 step 19 time 1691 ms
best 125420 step 46 time 3986 ms
best 125149 step 48 time 4199 ms
best 122139 step 59 time 5217 ms
best 121772 step 64 time 5610 ms
best 120166 step 67 time 5865 ms
best 118818 step 68 time 6039 ms
best 118481 step 147 time 12978 ms
best 117220 step 1212 time 101979 ms
best 117219 step 4129 time 343031 ms
best 116859 step 5677 time 472460 ms
best 116431 step 5878 time 489691 ms
best 116380 step 7240 time 606037 ms
done 0 8 41 35 31 12 4 68 9 46 65 14 51 53 52 25 21 56 10 32 2 23 47 39 34 1 17 50 19 7 36 22 60 64 59 38 30 6 24 62 61 16 18 67 15 69 66 57 58 70 43 44 20 54 5 29 49 63 27 11 33 40 55 37 13 48 3 26 28 45 42
best 116380
time 950012 ms
seed 7
