jobs 70
mach 20
init 0 11 61 59 14 25 64 13 29 52 17 46 68 69 12 44 20 9 55 7 24 23 22 34 63 40 6 60 38 67 58 66 15 10 3 51 36 8 47 65 37 4 18 32 42 27 53 54 57 70 41 1 16 33 5 56 31 26 21 48 50 35 45 30 39 62 2 19 28 49 43
best 216545
best 214450 step 2 time 319 ms
best 213633 step 7 time 718 ms
best 211090 step 8 time 829 ms
best 210682 step 18 time 1578 ms
best 210380 step 20 time 1827 ms
best 209011 step 21 time 1908 ms
best 207313 step 29 time 2402 ms
best 205023 step 31 time 2529 ms
best 204866 step 33 time 2605 ms
best 202418 step 53 time 3826 ms
best 198623 step 54 time 3906 ms
best 198498 step 175 time 11445 ms
best 197686 step 825 time 54880 ms
best 197448 step 890 time 58857 ms
best 197141 step 3844 time 255037 ms
best 196269 step 3853 time 255634 ms
best 195687 step 5033 time 333873 ms
done 0 38 11 13 61 14 12 17 68 64 25 63 44 29 60 69 23 59 9 20 22 46 58 55 15 67 40 7 54 24 41 10 66 3 65 34 33 51 36 47 18 6 4 52 42 27 70 8 57 32 53 31 50 1 5 37 16 48 56 26 21 39 35 45 30 62 28 2 19 49 43
best 195687
time 950020 ms
seed 7
