jobs 80
mach 20
init 0 67 22 54 16 7 49 39 77 18 64 5 23 19 66 42 58 80 14 3 72 51 75 38 33 34 26 1 60 63 69 50 35 11 40 47 8 21 46 79 25 74 56 52 9 45 6 4 62 78 29 41 48 61 68 36 27 57 53 31 65 15 12 59 73 37 76 17 43 28 13 71 20 10 2 30 70 24 32 55 44
best 231933
best 225139 step 1 time 489 ms
best 225105 step 2 time 574 ms
best 224554 step 4 time 879 ms
best 223940 step 115 time 12982 ms
best 223889 step 119 time 13326 ms
best 223138 step 209 time 23806 ms
best 222063 step 259 time 29630 ms
best 221391 step 318 time 35889 ms
best 220268 step 410 time 46217 ms
best 219879 step 1139 time 129021 ms
best 219782 step 1140 time 129136 ms
best 219748 step 1141 time 129222 ms
best 219256 step 1167 time 131835 ms
best 218061 step 2953 time 325562 ms
best 217785 step 7637 time 837589 ms
best 217430 step 7638 time 837679 ms
done 0 67 22 54 7 39 16 77 18 42 14 5 23 58 66 19 64 38 51 80 49 75 72 60 3 34 26 63 69 27 40 11 50 47 48 6 74 68 46 56 61 33 21 1 35 45 15 4 62 78 65 52 37 41 9 29 73 25 53 31 79 17 8 28 36 59 20 43 57 12 71 10 70 76 2 24 13 44 55 32 30
best 217430
time 950082 ms
seed 7
