jobs 80
mach 20
init 0 55 70 45 1 43 67 36 71 16 68 8 34 6 2 72 54 7 74 13 47 22 37 26 50 46 32 4 27 48 23 53 17 9 39 25 40 35 29 33 61 65 51 49 66 52 15 75 38 3 78 18 60 57 42 21 41 5 73 64 56 20 14 79 80 58 19 59 63 76 28 11 77 31 62 44 30 69 24 12 10
best 181250
best 179974 step 1 time 606 ms
best 179902 step 2 time 754 ms
best 179370 step 75 time 11563 ms
best 177673 step 89 time 13721 ms
best 176400 step 125 time 19267 ms
best 175811 step 129 time 19777 ms
best 175232 step 331 time 49722 ms
best 175156 step 951 time 138134 ms
best 173511 step 988 time 144099 ms
best 171790 step 5623 time 827560 ms
best 171652 step 5624 time 827652 ms
done 0 55 2 1 45 70 67 71 13 43 68 26 34 6 74 54 7 8 72 47 22 78 36 37 50 51 23 48 46 53 17 32 39 25 40 27 29 33 61 65 35 9 4 49 52 15 5 66 75 38 3 16 60 21 56 18 42 58 73 64 63 14 57 30 19 41 20 79 31 80 59 76 11 69 10 77 28 62 24 12 44
best 171652
time 950069 ms
seed 7
