jobs 80
mach 20
init 0 66 27 25 41 53 29 18 47 71 58 2 57 62 4 17 14 42 50 11 6 12 21 76 38 19 22 79 63 55 70 37 15 23 13 59 30 52 73 61 75 74 28 65 39 35 7 1 78 54 60 72 26 77 33 8 67 24 40 3 20 34 80 10 64 31 46 44 9 36 32 49 69 43 68 5 16 56 51 45 48
best 270688
best 268178 step 1 time 288 ms
best 262066 step 2 time 446 ms
best 260244 step 3 time 516 ms
best 260234 step 4 time 588 ms
best 257089 step 5 time 685 ms
best 253698 step 10 time 1141 ms
best 253142 step 29 time 3237 ms
best 250580 step 30 time 3369 ms
best 250513 step 38 time 4210 ms
best 247197 step 39 time 4320 ms
best 247041 step 40 time 4409 ms
best 246929 step 731 time 81326 ms
best 246555 step 1381 time 154906 ms
best 246349 step 1405 time 157336 ms
best 246099 step 1406 time 157406 ms
best 245716 step 1407 time 157573 ms
best 245286 step 1410 time 157908 ms
best 244067 step 1516 time 170113 ms
best 243986 step 1517 time 170179 ms
best 243327 step 4994 time 560869 ms
best 243194 step 7839 time 881712 ms
done 0 66 25 19 29 2 18 47 57 14 53 17 42 62 12 58 71 50 4 38 41 11 65 52 63 22 21 76 20 79 1 55 70 37 15 73 59 6 75 74 72 77 28 13 39 3 30 35 78 54 23 33 61 60 26 7 67 24 34 40 10 36 64 31 8 80 49 27 44 9 43 46 5 32 69 48 68 56 16 51 45
best 243194
time 950070 ms
seed 7
