jobs 80
mach 20
init 0 19 45 42 24 78 75 1 56 63 14 49 20 61 46 41 7 66 12 33 31 27 69 44 22 29 57 60 3 17 34 79 10 4 72 71 30 67 48 53 76 15 26 32 50 73 77 62 28 35 11 8 21 39 74 9 16 80 51 2 5 59 40 64 68 25 70 38 23 18 36 54 58 43 55 6 13 47 37 65 52
best 194783
best 193841 step 1 time 365 ms
best 190691 step 3 time 676 ms
best 189096 step 4 time 844 ms
best 185987 step 7 time 1255 ms
best 184890 step 13 time 2013 ms
best 184606 step 14 time 2157 ms
best 182977 step 39 time 4920 ms
best 182435 step 68 time 8464 ms
best 182221 step 109 time 13830 ms
best 177746 step 119 time 14937 ms
best 177401 step 809 time 97604 ms
best 177235 step 1147 time 137773 ms
best 176993 step 4238 time 521975 ms
best 176701 step 4239 time 522059 ms
best 176606 step 4242 time 522416 ms
best 175666 step 4243 time 522511 ms
done 0 19 3 24 45 42 46 1 76 63 75 78 14 49 61 12 20 41 66 7 22 27 56 44 31 60 33 10 11 69 17 29 35 79 4 57 34 53 72 71 30 48 26 5 15 77 38 73 32 28 51 50 39 9 16 74 8 59 21 67 80 2 40 25 64 62 47 68 18 54 58 43 36 23 70 6 13 55 37 65 52
best 175666
time 950047 ms
seed 7
