jobs 80
mach 20
init 0 21 26 25 1 5 15 72 53 48 59 69 43 80 45 30 3 77 44 31 18 32 62 78 55 67 4 76 40 2 22 79 73 39 9 29 12 74 47 11 19 17 16 75 71 50 57 14 65 27 51 63 28 70 66 52 36 24 64 68 60 41 33 6 46 42 56 13 35 20 10 7 8 58 34 37 49 23 38 54 61
best 231659
best 229963 step 1 time 466 ms
best 228250 step 3 time 752 ms
best 226563 step 10 time 1612 ms
best 224901 step 11 time 1684 ms
best 223260 step 18 time 2527 ms
best 223066 step 23 time 2992 ms
best 222484 step 25 time 3209 ms
best 222447 step 26 time 3294 ms
best 217362 step 27 time 3548 ms
best 217028 step 33 time 4178 ms
best 216879 step 60 time 6815 ms
best 215359 step 873 time 111759 ms
best 215321 step 874 time 111828 ms
best 215281 step 876 time 112171 ms
best 215120 step 1844 time 236930 ms
best 215025 step 1847 time 237245 ms
best 214385 step 1855 time 237983 ms
best 214004 step 1857 time 238181 ms
done 0 47 5 26 21 72 53 1 15 59 25 48 2 18 45 30 3 67 44 31 79 43 77 76 32 4 69 55 80 73 9 29 12 39 27 74 40 28 63 22 16 71 50 11 19 75 57 14 65 51 36 24 17 62 70 78 66 64 49 68 41 42 7 13 56 52 46 60 33 6 35 20 8 10 58 34 37 23 38 54 61
best 214004
time 950013 ms
seed 7
