jobs 80
mach 20
init 0 68 20 26 12 71 65 25 9 43 54 75 24 76 27 14 70 35 56 66 47 46 59 42 2 41 64 39 61 72 10 34 60 31 50 38 51 5 11 57 33 17 22 18 40 69 53 80 52 49 16 15 62 13 37 44 4 45 23 30 48 28 74 3 55 1 36 32 21 6 67 77 19 78 58 8 73 63 29 79 7
best 256702
best 256516 step 1 time 622 ms
best 252256 step 2 time 737 ms
best 247839 step 6 time 1092 ms
best 246750 step 9 time 1524 ms
best 243093 step 20 time 2829 ms
best 242215 step 24 time 3276 ms
best 239735 step 27 time 3685 ms
best 238881 step 28 time 3787 ms
best 236051 step 32 time 4259 ms
best 236040 step 33 time 4338 ms
best 235448 step 34 time 4494 ms
best 233301 step 46 time 5801 ms
best 232434 step 266 time 31780 ms
best 231800 step 267 time 31866 ms
best 231571 step 466 time 55736 ms
best 230392 step 467 time 55839 ms
best 228914 step 474 time 56692 ms
best 227208 step 475 time 56815 ms
best 226873 step 476 time 57033 ms
best 226858 step 477 time 57118 ms
best 226705 step 986 time 116422 ms
best 226100 step 1384 time 163110 ms
best 225461 step 3734 time 434270 ms
done 0 68 20 71 46 60 65 26 9 25 24 70 27 22 54 14 76 39 43 72 53 10 66 35 42 2 41 61 64 34 56 47 50 38 51 33 18 31 5 59 11 17 49 15 75 52 69 57 40 4 12 80 45 28 1 48 23 62 13 44 37 78 16 30 3 36 74 55 32 6 67 58 77 19 8 73 21 63 29 79 7
best 225461
time 950003 ms
seed 7
