jobs 90
mach 20
init 0 69 31 88 5 76 30 53 35 42 4 89 25 33 73 62 44 55 13 54 80 27 46 57 52 37 58 9 65 64 17 12 6 32 66 28 26 79 45 72 83 67 14 1 34 90 50 77 70 61 78 39 29 2 87 43 36 3 60 15 85 20 81 74 7 48 41 24 84 63 51 75 21 59 71 8 10 68 19 47 38 11 18 82 49 40 22 86 16 23 56
best 381827
best 380256 step 2 time 1101 ms
best 375324 step 3 time 1251 ms
best 374080 step 6 time 1841 ms
best 371590 step 8 time 2020 ms
best 368932 step 9 time 2130 ms
best 366024 step 11 time 2421 ms
best 365608 step 12 time 2527 ms
best 363028 step 13 time 2690 ms
best 362543 step 14 time 2891 ms
best 358564 step 15 time 3104 ms
best 355070 step 16 time 3289 ms
best 352196 step 17 time 3581 ms
best 349566 step 46 time 8525 ms
best 347780 step 54 time 9846 ms
best 347182 step 55 time 9962 ms
best 346545 step 170 time 31339 ms
best 346335 step 171 time 31477 ms
best 341712 step 221 time 39941 ms
best 341638 step 222 time 40008 ms
best 341614 step 223 time 40192 ms
best 341356 step 2267 time 369014 ms
best 341301 step 2769 time 448052 ms
best 339199 step 3234 time 524083 ms
best 338944 step 3237 time 524458 ms
best 338638 step 3238 time 524712 ms
done 0 42 69 35 76 53 89 58 30 12 31 62 46 65 4 25 54 9 55 33 80 27 77 5 44 57 36 32 17 67 72 37 48 52 28 6 14 26 45 83 1 66 3 79 13 81 70 61 78 90 85 29 64 87 39 2 43 60 50 88 73 7 59 15 75 34 74 20 41 24 84 10 63 51 11 47 71 8 21 82 38 19 40 16 86 18 22 49 68 23 56
best 338638
time 950029 ms
seed 7
