jobs 90
mach 20
init 0 5 52 13 30 57 65 44 55 75 66 81 53 32 80 67 63 76 72 1 42 64 4 60 43 77 8 39 7 51 3 73 87 88 2 22 50 24 68 61 20 86 31 46 27 19 70 90 10 47 40 25 21 69 89 34 26 12 78 82 79 85 11 28 56 38 49 33 37 16 71 17 48 74 14 58 6 15 23 83 36 29 35 59 84 62 41 18 54 9 45
best 312806
best 311450 step 1 time 772 ms
best 308287 step 2 time 1020 ms
best 305514 step 4 time 1576 ms
best 305111 step 10 time 2601 ms
best 303364 step 13 time 2912 ms
best 303076 step 14 time 3032 ms
best 302963 step 15 time 3206 ms
best 299970 step 17 time 3472 ms
best 299099 step 41 time 6933 ms
best 299058 step 42 time 7151 ms
best 298980 step 65 time 10709 ms
best 296621 step 66 time 10790 ms
best 295774 step 67 time 11037 ms
best 295128 step 104 time 17142 ms
best 294830 step 129 time 21237 ms
best 294681 step 130 time 21368 ms
best 294656 step 132 time 21684 ms
best 294177 step 138 time 22739 ms
best 291974 step 268 time 44992 ms
best 288769 step 938 time 154197 ms
done 0 5 30 13 88 65 52 66 57 44 42 64 81 75 53 1 61 20 55 76 7 77 67 60 43 2 51 4 63 80 39 32 73 3 50 24 31 22 8 90 87 86 27 19 70 72 46 68 49 25 10 40 69 21 37 47 12 78 82 79 85 89 26 38 56 17 36 33 58 71 14 15 28 48 11 23 74 16 34 41 83 29 6 59 35 62 84 18 54 9 45
best 288769
time 950085 ms
seed 7
