jobs 90
mach 20
init 0 12 52 85 67 57 2 21 33 31 24 11 81 42 10 14 71 5 78 54 4 48 32 87 34 37 68 43 45 19 46 75 27 69 26 82 88 18 22 79 23 6 70 17 28 39 90 86 40 13 1 55 61 29 50 15 65 49 63 76 59 73 58 80 53 47 56 25 77 35 89 3 41 66 83 72 8 20 7 62 44 64 36 16 60 84 74 38 51 9 30
best 397031
best 395711 step 1 time 653 ms
best 394170 step 3 time 912 ms
best 393489 step 6 time 1499 ms
best 390546 step 7 time 1738 ms
best 389098 step 9 time 1983 ms
best 388275 step 11 time 2283 ms
best 386598 step 12 time 2601 ms
best 383995 step 13 time 2738 ms
best 382117 step 15 time 3268 ms
best 380109 step 24 time 4618 ms
best 379232 step 26 time 5198 ms
best 378018 step 27 time 5399 ms
best 376616 step 260 time 45795 ms
best 373198 step 332 time 57951 ms
best 369768 step 530 time 92862 ms
best 368238 step 4789 time 807369 ms
best 368210 step 4791 time 807604 ms
done 0 52 85 57 22 2 12 33 90 14 67 45 42 24 81 71 28 27 54 5 46 88 48 32 43 10 37 87 63 34 11 40 75 23 4 79 82 69 26 18 78 86 31 17 68 21 25 39 70 19 1 59 61 55 29 6 77 49 76 50 15 53 56 73 58 65 80 20 41 47 89 35 72 13 66 8 3 36 44 64 83 16 74 38 7 51 9 62 60 84 30
best 368210
time 950118 ms
seed 7
