jobs 90
mach 20
init 0 23 66 78 12 1 55 9 81 7 46 11 16 44 53 65 57 56 37 17 26 82 27 42 43 85 6 84 80 64 8 60 36 76 63 49 58 35 10 45 18 3 47 2 77 50 52 33 59 75 71 83 39 70 31 14 28 4 19 32 62 67 73 61 24 48 90 13 87 68 41 38 5 74 25 21 30 86 88 89 69 51 29 20 34 15 22 54 72 79 40
best 348555
best 346853 step 4 time 1130 ms
best 346794 step 7 time 1967 ms
best 343963 step 9 time 2395 ms
best 343374 step 10 time 2609 ms
best 342708 step 13 time 3392 ms
best 342575 step 14 time 3645 ms
best 342126 step 24 time 5383 ms
best 338966 step 25 time 5678 ms
best 337402 step 26 time 5930 ms
best 334532 step 27 time 6228 ms
best 334296 step 29 time 6595 ms
best 333150 step 31 time 7021 ms
best 332276 step 37 time 8350 ms
best 331632 step 38 time 8538 ms
best 327200 step 146 time 30477 ms
best 325617 step 147 time 30767 ms
done 0 23 66 12 78 85 1 55 9 7 81 61 44 16 80 65 17 11 53 56 64 57 82 27 42 26 63 60 36 37 43 76 84 10 49 83 2 8 58 35 45 33 3 39 32 47 50 77 70 71 52 31 14 13 18 75 6 25 59 90 67 73 62 4 24 48 19 68 51 46 28 74 86 88 89 5 29 38 15 87 21 69 30 79 34 41 54 72 20 40 22
best 325617
time 950084 ms
seed 7
