jobs 90
mach 20
init 0 12 36 60 72 82 34 11 8 51 15 6 56 83 31 66 2 71 21 61 57 13 78 35 75 20 39 46 77 10 50 52 67 58 55 42 90 33 48 26 4 44 32 28 29 37 88 65 69 89 54 53 27 80 22 14 16 87 17 86 85 3 30 63 49 84 68 79 41 25 23 73 76 81 7 62 5 47 18 43 24 9 19 64 45 40 59 38 1 70 74
best 342315
best 335903 step 1 time 429 ms
best 327819 step 2 time 607 ms
best 327714 step 3 time 716 ms
best 325361 step 12 time 1994 ms
best 322961 step 13 time 2251 ms
best 322079 step 25 time 4179 ms
best 319251 step 39 time 6375 ms
best 318773 step 67 time 10731 ms
best 316925 step 68 time 10841 ms
best 316829 step 70 time 11109 ms
best 316550 step 71 time 11280 ms
best 315929 step 81 time 12846 ms
best 314559 step 88 time 14418 ms
best 314355 step 93 time 15127 ms
best 312164 step 119 time 19185 ms
best 312058 step 198 time 32441 ms
best 311499 step 576 time 91077 ms
best 309511 step 580 time 91654 ms
best 309314 step 646 time 101348 ms
best 308975 step 4730 time 764752 ms
best 307729 step 4829 time 779906 ms
done 0 12 36 72 78 6 34 60 83 15 55 11 82 66 56 61 87 52 71 57 13 8 51 46 39 21 35 67 31 2 20 10 50 42 32 44 77 58 90 33 48 26 28 4 53 22 29 30 69 54 84 65 75 27 89 3 80 17 88 14 16 63 86 37 85 49 23 76 79 25 41 73 81 7 62 68 40 43 45 38 18 47 5 64 19 1 24 70 59 9 74
best 307729
time 950026 ms
seed 7
