jobs 90
mach 20
init 0 47 26 75 53 1 49 55 20 83 28 70 73 35 74 60 39 54 18 45 64 87 68 77 44 40 72 8 13 25 63 36 16 42 48 81 69 17 7 19 89 67 6 57 14 30 50 4 21 9 65 85 31 86 66 88 43 62 23 29 59 32 82 38 10 34 27 41 84 22 52 33 5 51 12 79 78 3 46 37 80 61 11 24 90 15 76 56 71 58 2
best 424649
best 415703 step 1 time 479 ms
best 412937 step 4 time 1086 ms
best 406754 step 6 time 1533 ms
best 403812 step 8 time 1848 ms
best 403222 step 14 time 2962 ms
best 398341 step 19 time 3751 ms
best 396748 step 20 time 3889 ms
best 396307 step 21 time 4143 ms
best 389193 step 56 time 9581 ms
best 389005 step 57 time 9754 ms
best 388968 step 114 time 18966 ms
best 388019 step 125 time 20744 ms
best 387990 step 251 time 42402 ms
best 387602 step 345 time 58087 ms
best 386096 step 346 time 58279 ms
best 385857 step 660 time 110873 ms
best 385533 step 662 time 111276 ms
best 385300 step 663 time 111444 ms
best 385077 step 664 time 111542 ms
best 384769 step 969 time 162806 ms
best 384352 step 1097 time 184831 ms
best 383805 step 1177 time 199124 ms
best 383276 step 3550 time 605915 ms
best 381925 step 3551 time 606044 ms
done 0 47 26 53 9 73 75 20 64 83 55 49 28 1 70 39 59 45 30 68 8 35 44 40 43 77 72 32 42 89 13 29 25 63 21 7 69 17 86 16 14 22 52 54 18 57 6 50 74 27 67 87 31 4 48 66 36 88 65 62 23 38 33 19 60 82 34 10 61 85 80 79 12 41 78 84 5 81 3 46 11 15 76 24 51 37 71 56 90 2 58
best 381925
time 950116 ms
seed 7
