jobs 90
mach 20
init 0 70 51 55 16 42 60 28 78 32 10 34 27 90 8 54 1 81 37 53 36 64 2 49 73 29 52 39 63 62 68 14 47 41 31 11 48 3 83 13 80 9 25 5 26 30 89 35 71 86 23 74 24 4 40 82 12 77 88 87 57 46 66 7 76 56 59 44 67 58 69 43 15 45 65 17 84 19 21 61 79 20 85 18 6 33 72 38 22 50 75
best 444829
best 425258 step 1 time 647 ms
best 419391 step 8 time 1661 ms
best 416955 step 22 time 4446 ms
best 416444 step 23 time 4617 ms
best 415305 step 37 time 7787 ms
best 410867 step 38 time 8017 ms
best 409838 step 54 time 10673 ms
best 408956 step 55 time 10880 ms
best 408459 step 79 time 15576 ms
best 408021 step 81 time 15821 ms
best 405431 step 84 time 16259 ms
best 404805 step 693 time 126797 ms
best 404135 step 726 time 132476 ms
best 404033 step 729 time 132785 ms
best 401245 step 756 time 137898 ms
done 0 55 73 78 16 39 51 42 27 47 28 54 60 10 1 8 53 64 81 36 89 2 30 52 63 34 49 90 68 41 14 11 71 32 31 57 40 48 9 37 29 70 12 83 13 80 25 5 24 35 86 88 26 58 23 77 56 4 82 65 87 74 46 3 21 67 19 7 69 66 62 76 59 45 61 33 79 38 43 17 84 44 15 20 18 22 6 85 50 72 75
best 401245
time 950038 ms
seed 7
