jobs 90
mach 20
init 0 35 46 45 60 32 89 79 90 75 43 26 34 13 61 80 63 70 1 64 66 39 50 24 44 88 20 17 82 25 49 41 27 77 19 76 56 87 51 8 7 23 57 37 3 85 58 62 48 15 52 47 29 86 71 84 73 72 2 5 21 30 36 14 16 28 53 83 55 40 38 74 18 6 11 9 10 67 78 42 68 69 33 81 4 65 54 59 22 31 12
best 380278
best 375840 step 1 time 794 ms
best 367882 step 7 time 1730 ms
best 366819 step 8 time 1868 ms
best 364926 step 36 time 6985 ms
best 362898 step 38 time 7240 ms
best 358370 step 39 time 7447 ms
best 355479 step 50 time 9286 ms
best 355083 step 65 time 11562 ms
best 354825 step 66 time 11806 ms
best 352703 step 67 time 12004 ms
best 352698 step 127 time 22857 ms
best 352161 step 168 time 30409 ms
best 352001 step 546 time 97667 ms
best 351923 step 547 time 97730 ms
best 351906 step 549 time 97908 ms
best 351563 step 1604 time 284373 ms
best 350984 step 2625 time 464957 ms
best 349744 step 2632 time 466020 ms
best 349214 step 2633 time 466303 ms
done 0 35 46 45 26 32 75 90 43 66 80 50 79 64 13 61 60 29 44 63 39 70 88 20 1 24 25 41 89 76 56 82 47 51 8 17 36 23 87 49 48 57 58 37 52 86 85 3 62 7 27 77 19 15 34 84 16 28 53 14 73 2 83 72 5 71 55 21 30 42 10 74 6 33 9 67 18 68 38 11 4 78 81 65 40 54 69 22 59 31 12
best 349214
time 950146 ms
seed 7
