jobs 90
mach 20
init 0 55 61 90 85 7 71 74 58 49 11 12 54 36 21 18 79 3 41 29 20 28 15 48 6 27 31 17 76 43 70 68 44 83 81 37 26 87 22 34 84 2 60 88 51 75 62 33 38 25 47 72 78 23 13 5 50 46 63 45 67 35 69 59 57 53 30 89 19 66 56 80 24 42 16 77 10 73 39 1 14 4 8 64 82 65 9 86 32 52 40
best 443799
best 440627 step 1 time 702 ms
best 431640 step 2 time 1017 ms
best 429892 step 3 time 1361 ms
best 422416 step 9 time 2721 ms
best 422380 step 10 time 2847 ms
best 421857 step 11 time 2992 ms
best 421550 step 15 time 3784 ms
best 420063 step 22 time 4984 ms
best 416268 step 44 time 8615 ms
best 411536 step 45 time 8790 ms
best 410833 step 160 time 27492 ms
best 410199 step 161 time 27614 ms
best 409696 step 162 time 27782 ms
best 408131 step 165 time 28349 ms
best 407982 step 166 time 28450 ms
best 407506 step 186 time 31604 ms
best 407475 step 187 time 31685 ms
best 407328 step 188 time 31794 ms
best 404088 step 209 time 35748 ms
best 404068 step 477 time 80880 ms
best 403192 step 769 time 129651 ms
best 401970 step 773 time 130187 ms
best 400547 step 884 time 147281 ms
done 0 3 48 49 11 12 58 54 71 7 85 74 24 36 15 21 6 70 79 41 46 38 20 28 84 29 43 90 31 76 68 27 34 44 83 22 60 81 17 62 57 87 37 61 45 18 88 33 26 72 51 75 23 25 2 63 19 80 5 50 53 66 30 67 69 59 35 47 56 13 39 10 42 78 8 89 16 77 73 1 14 4 82 32 55 65 9 52 64 40 86
best 400547
time 950321 ms
seed 7
