jobs 100
mach 20
init 0 67 75 92 86 94 4 56 54 2 83 11 16 71 100 65 10 76 41 96 53 17 82 91 47 23 58 60 59 33 25 64 21 32 95 36 34 69 43 44 49 39 81 20 84 55 74 52 37 6 13 97 30 1 38 57 40 98 12 46 78 15 99 70 89 63 45 19 8 18 29 42 26 62 51 27 73 14 31 90 35 28 22 7 50 3 85 66 24 80 68 87 79 9 72 48 61 93 88 5 77
best 480439
best 476414 step 3 time 1401 ms
best 475478 step 7 time 2278 ms
best 471295 step 8 time 2682 ms
best 468263 step 9 time 3007 ms
best 466665 step 20 time 5523 ms
best 466164 step 21 time 5739 ms
best 465956 step 24 time 6221 ms
best 465864 step 26 time 6501 ms
best 462670 step 28 time 6845 ms
best 462155 step 30 time 7229 ms
best 461144 step 112 time 28728 ms
best 458882 step 115 time 29818 ms
best 456896 step 222 time 57172 ms
best 454703 step 469 time 121188 ms
best 451692 step 1151 time 298571 ms
best 451558 step 1791 time 466326 ms
done 0 67 75 71 11 16 4 60 92 53 2 83 94 54 86 65 56 76 17 10 20 33 58 96 39 59 21 23 100 82 91 64 32 47 25 43 95 69 44 36 41 46 49 52 81 73 84 89 55 97 37 38 1 6 57 99 3 15 98 13 78 12 19 74 34 8 30 70 42 14 26 63 35 45 29 40 51 27 62 31 85 90 80 50 28 18 24 79 66 22 7 9 48 61 68 87 93 72 88 5 77
best 451558
time 950174 ms
seed 5
