jobs 100
mach 20
init 0 23 62 37 21 52 90 80 75 1 17 16 25 34 71 98 44 70 45 27 29 32 19 55 12 88 61 66 87 81 50 40 79 82 11 84 69 18 53 85 9 65 42 51 59 60 64 97 58 77 68 56 39 83 49 2 94 73 86 26 99 5 6 95 22 10 47 20 67 15 76 89 36 35 78 24 30 63 92 31 91 33 8 41 54 100 14 13 7 96 46 74 72 43 3 28 4 93 38 48 57
best 553933
best 553727 step 2 time 1128 ms
best 547215 step 6 time 1963 ms
best 541454 step 36 time 10531 ms
best 535656 step 371 time 104576 ms
best 535539 step 372 time 104782 ms
best 535039 step 373 time 104969 ms
best 535019 step 493 time 138208 ms
best 533024 step 642 time 177732 ms
best 532592 step 644 time 177989 ms
best 532329 step 645 time 178146 ms
best 530988 step 647 time 178639 ms
best 530950 step 648 time 178819 ms
best 530075 step 1940 time 546938 ms
done 0 23 62 1 45 17 75 37 21 80 52 32 55 25 34 27 71 12 44 60 61 29 87 98 16 40 77 66 42 81 10 19 68 50 88 79 11 82 18 73 39 69 84 51 70 90 64 26 59 9 83 5 58 85 97 95 94 78 89 86 76 30 2 22 53 56 47 65 33 24 36 6 99 49 20 13 92 35 63 67 31 91 74 100 8 15 14 54 41 7 57 96 46 4 72 3 28 93 43 38 48
best 530075
time 950161 ms
seed 5
