jobs 100
mach 20
init 0 56 3 39 62 57 94 66 14 80 74 83 16 81 55 24 96 71 29 38 75 11 23 68 91 64 100 25 26 21 10 33 15 46 54 41 63 98 49 52 76 97 36 27 93 92 95 13 6 70 9 2 77 18 34 88 51 4 30 12 19 84 32 1 42 61 43 82 50 17 67 69 5 73 79 7 78 35 60 72 37 8 31 59 86 48 87 58 28 53 44 45 40 90 65 85 89 20 22 99 47
best 612095
best 609744 step 1 time 795 ms
best 606450 step 2 time 1280 ms
best 604831 step 18 time 6924 ms
best 598741 step 20 time 8282 ms
best 595849 step 21 time 8511 ms
best 593661 step 26 time 9851 ms
best 593099 step 27 time 10064 ms
best 592248 step 31 time 11349 ms
best 590221 step 33 time 12091 ms
best 581766 step 37 time 13319 ms
best 580089 step 38 time 13836 ms
best 579507 step 106 time 34786 ms
best 573948 step 251 time 81642 ms
best 572378 step 964 time 319472 ms
best 570621 step 1612 time 536815 ms
done 0 56 62 55 3 16 94 24 74 66 57 10 14 83 46 71 81 15 64 38 91 68 97 11 23 75 80 29 84 33 27 26 98 52 54 18 41 76 63 93 25 96 19 100 92 70 21 77 49 30 9 6 13 73 51 61 95 34 35 82 17 42 4 36 69 67 1 88 39 12 79 7 78 32 59 58 37 43 50 2 87 72 5 53 48 86 31 28 60 89 8 20 45 44 90 65 85 99 40 22 47
best 570621
time 950136 ms
seed 5
