jobs 100
mach 20
init 0 16 33 45 17 37 95 54 87 19 68 27 25 62 44 80 40 2 8 70 81 24 34 79 63 42 97 73 41 38 92 55 47 71 1 65 78 46 64 39 53 67 50 82 6 76 14 35 75 5 43 32 83 49 69 3 10 77 94 52 11 61 48 98 30 86 60 29 31 15 90 100 93 7 28 72 88 58 84 4 74 56 26 36 21 89 85 23 20 18 13 51 96 22 12 99 66 59 57 91 9
best 565514
best 551416 step 1 time 707 ms
best 551058 step 2 time 949 ms
best 548577 step 3 time 1201 ms
best 538661 step 4 time 1705 ms
best 535238 step 5 time 1981 ms
best 531977 step 7 time 2377 ms
best 529708 step 8 time 2597 ms
best 527612 step 14 time 3857 ms
best 527472 step 30 time 7823 ms
best 527470 step 46 time 12182 ms
best 524839 step 47 time 12399 ms
best 524674 step 48 time 12614 ms
best 523153 step 65 time 16439 ms
best 523147 step 69 time 17861 ms
best 522682 step 354 time 88374 ms
best 522529 step 355 time 88598 ms
best 520070 step 417 time 102857 ms
best 519788 step 526 time 129181 ms
best 516982 step 529 time 129874 ms
best 515144 step 2758 time 690520 ms
best 513957 step 3747 time 936052 ms
done 0 16 33 30 27 17 61 80 40 37 95 54 25 78 71 68 2 45 94 19 24 55 63 44 8 79 38 81 42 5 41 32 97 70 1 47 62 64 53 39 65 73 77 67 82 50 6 92 83 34 10 87 43 75 69 3 60 14 100 21 58 46 86 35 76 98 31 11 15 49 52 90 88 4 28 84 72 29 74 23 56 26 48 20 18 51 89 7 93 12 22 13 85 36 96 99 57 91 59 66 9
best 513957
time 950334 ms
seed 5
