jobs 100
mach 20
init 0 26 24 18 14 12 72 57 86 97 42 82 69 29 33 63 54 79 64 11 39 7 53 89 78 9 25 93 17 56 80 99 61 49 59 13 77 92 88 5 52 81 6 38 68 100 84 8 45 43 1 95 28 85 40 44 55 51 50 37 73 19 58 87 23 83 71 96 4 32 30 20 90 65 75 3 66 46 10 27 67 16 98 60 15 47 94 70 62 76 31 22 41 35 48 34 36 21 91 74 2
best 552888
best 550074 step 1 time 552 ms
best 543700 step 3 time 1101 ms
best 542955 step 9 time 2699 ms
best 542044 step 10 time 3210 ms
best 539741 step 11 time 3494 ms
best 538028 step 18 time 5591 ms
best 537684 step 20 time 6144 ms
best 527033 step 41 time 10989 ms
best 523901 step 51 time 13227 ms
best 523062 step 257 time 65047 ms
best 522722 step 668 time 169593 ms
best 521416 step 669 time 169926 ms
best 521258 step 1364 time 345142 ms
best 520970 step 2145 time 547367 ms
best 517037 step 3441 time 874804 ms
best 516787 step 3442 time 874937 ms
done 0 33 26 24 52 78 86 14 12 72 69 29 18 64 11 80 82 97 61 63 54 42 89 43 9 56 49 17 53 7 90 85 25 13 77 79 39 92 5 100 57 6 59 68 45 99 8 81 40 28 88 84 73 44 95 55 71 4 93 50 37 23 1 20 3 19 58 87 96 27 30 65 67 38 15 83 51 47 66 10 16 98 46 60 94 62 76 70 41 32 91 31 75 21 35 74 2 48 34 36 22
best 516787
time 950239 ms
seed 5
