jobs 100
mach 20
init 0 48 61 25 31 75 99 45 96 19 38 4 35 82 92 63 83 51 64 23 49 29 9 6 50 21 91 24 86 39 32 1 95 66 100 73 65 77 89 22 70 94 41 36 59 85 44 37 52 68 97 87 42 78 60 93 79 71 47 11 34 7 3 13 17 18 16 98 2 62 84 88 72 14 80 53 20 55 67 26 90 8 30 27 15 56 10 12 76 40 58 46 5 33 54 43 69 81 28 74 57
best 513420
best 503450 step 1 time 630 ms
best 491492 step 3 time 1144 ms
best 488866 step 4 time 1471 ms
best 486222 step 5 time 1677 ms
best 485432 step 14 time 3990 ms
best 484718 step 22 time 5745 ms
best 480214 step 23 time 6016 ms
best 479895 step 24 time 6197 ms
best 478051 step 33 time 8487 ms
best 475731 step 54 time 13727 ms
best 475438 step 56 time 14152 ms
best 475274 step 63 time 15687 ms
best 470207 step 66 time 16464 ms
best 468361 step 68 time 17029 ms
best 466104 step 70 time 17569 ms
best 464615 step 71 time 17904 ms
best 464591 step 861 time 218032 ms
best 463741 step 863 time 218476 ms
best 462510 step 1172 time 297140 ms
best 462485 step 1174 time 297503 ms
best 462051 step 1175 time 297627 ms
best 461494 step 1176 time 298072 ms
best 459615 step 1180 time 298871 ms
best 459487 step 1181 time 299025 ms
best 458302 step 1188 time 301277 ms
best 458130 step 1189 time 301414 ms
done 0 69 25 48 31 75 92 97 23 19 73 65 24 99 21 9 4 38 45 1 64 63 100 35 77 51 87 96 6 39 29 89 79 52 32 95 68 86 22 70 50 16 83 66 59 49 60 82 94 17 91 85 3 44 37 36 42 47 14 41 71 11 7 34 98 2 13 62 88 93 26 18 67 72 15 30 84 56 53 10 27 76 55 61 90 8 40 80 78 33 46 5 54 20 43 28 12 58 81 74 57
best 458130
time 950137 ms
seed 5
