jobs 100
mach 20
init 0 66 26 22 25 21 38 89 29 36 99 55 95 61 2 30 1 85 80 69 83 96 40 11 50 17 31 8 32 15 53 37 13 75 47 94 65 44 92 35 24 23 14 18 3 63 19 58 87 79 81 86 91 72 33 41 56 28 68 54 16 51 10 59 27 4 45 100 67 57 7 78 90 74 34 43 70 5 93 48 77 98 97 20 46 73 6 49 62 42 84 88 82 60 39 64 52 76 71 9 12
best 464231
best 462868 step 2 time 1049 ms
best 454316 step 3 time 1359 ms
best 452009 step 7 time 2292 ms
best 448186 step 8 time 2557 ms
best 444929 step 12 time 3566 ms
best 442288 step 14 time 4204 ms
best 441555 step 20 time 5662 ms
best 440459 step 21 time 5943 ms
best 437732 step 31 time 8518 ms
best 437688 step 290 time 76043 ms
best 436685 step 299 time 77571 ms
best 434447 step 1669 time 427365 ms
best 431588 step 1688 time 432267 ms
done 0 98 50 22 99 21 25 26 29 61 36 38 30 55 86 35 15 95 13 89 80 83 11 2 69 96 85 1 8 72 14 53 66 81 17 91 75 31 40 47 94 16 92 19 10 32 3 63 27 44 59 24 90 37 68 87 56 41 51 28 23 18 45 48 65 54 79 58 7 78 34 100 4 77 67 57 93 33 74 5 70 43 97 20 88 46 49 6 62 64 73 42 39 60 71 9 84 82 52 76 12
best 431588
time 950486 ms
seed 5
