jobs 100
mach 20
init 0 87 92 22 97 27 86 63 67 26 71 13 50 16 5 41 34 99 37 88 72 70 23 12 91 93 47 68 98 25 61 30 54 89 96 6 55 17 94 100 51 39 69 80 32 84 18 95 1 83 20 3 45 75 43 52 10 36 24 2 4 85 35 33 42 9 73 82 21 15 79 46 53 49 62 29 40 11 60 57 7 76 90 78 74 31 38 56 19 81 48 65 64 58 66 59 28 44 14 77 8
best 390096
best 387829 step 1 time 569 ms
best 387602 step 2 time 941 ms
best 375346 step 3 time 1143 ms
best 369974 step 4 time 1533 ms
best 366243 step 5 time 1921 ms
best 363199 step 22 time 6127 ms
best 361584 step 24 time 6668 ms
best 360315 step 83 time 22292 ms
best 359452 step 84 time 22572 ms
best 356686 step 107 time 28164 ms
best 355854 step 110 time 28687 ms
best 355849 step 404 time 108386 ms
best 355470 step 410 time 110053 ms
best 354628 step 617 time 167303 ms
best 354038 step 618 time 167554 ms
best 352541 step 935 time 253076 ms
best 350071 step 2146 time 569890 ms
done 0 72 22 26 92 63 80 97 27 67 87 50 16 5 1 88 99 41 70 25 23 34 68 47 86 91 98 93 61 52 89 30 6 37 13 33 96 12 51 94 100 55 39 71 32 17 43 84 54 20 36 18 42 24 45 2 69 95 3 82 75 83 10 15 79 4 46 73 35 49 62 85 21 60 9 76 40 29 90 7 53 78 74 56 57 48 11 31 64 19 66 77 81 65 44 14 59 28 38 8 58
best 350071
time 950014 ms
seed 5
