jobs 100
mach 20
init 0 61 48 17 79 77 13 41 80 67 37 58 51 92 70 24 38 87 86 16 82 35 91 12 54 74 22 62 69 34 9 84 23 94 63 66 64 78 4 20 33 42 72 1 28 6 60 56 19 7 89 52 14 43 50 68 65 27 31 39 93 76 100 95 55 96 53 97 59 81 83 73 47 99 45 15 29 49 36 88 30 2 44 46 75 98 32 3 85 26 11 25 21 71 40 57 90 5 8 10 18
best 512493
best 507539 step 2 time 1038 ms
best 500577 step 3 time 1344 ms
best 500280 step 5 time 1839 ms
best 498893 step 7 time 2210 ms
best 497725 step 9 time 2644 ms
best 495662 step 24 time 6734 ms
best 492886 step 29 time 7954 ms
best 491664 step 33 time 8771 ms
best 485832 step 34 time 9004 ms
best 483360 step 35 time 9577 ms
best 481576 step 187 time 47670 ms
best 479940 step 498 time 129250 ms
best 479619 step 1650 time 421970 ms
best 478219 step 1783 time 454621 ms
best 477114 step 1784 time 455002 ms
best 476515 step 1797 time 458173 ms
done 0 61 48 77 79 13 41 17 67 51 58 70 80 37 92 74 47 23 54 24 22 12 87 9 35 86 63 91 69 83 38 34 16 65 14 7 82 52 4 66 64 20 33 42 1 84 94 19 6 72 27 50 60 96 56 89 100 43 75 68 73 28 78 88 31 93 59 76 55 49 29 97 39 95 62 99 81 45 53 15 3 85 98 25 36 30 46 11 32 71 40 57 26 44 2 21 8 90 5 18 10
best 476515
time 950013 ms
seed 5
