jobs 100
mach 20
init 0 63 24 23 18 100 16 53 19 70 52 10 79 58 36 98 51 88 38 31 20 2 96 74 81 35 3 33 37 54 73 44 21 67 91 45 65 56 34 99 80 75 17 8 85 69 1 59 82 61 41 86 76 28 89 90 71 15 46 29 43 11 84 50 48 83 64 60 93 92 26 22 42 13 97 12 6 40 57 94 72 62 47 32 68 27 66 7 30 4 14 95 87 5 55 77 25 39 49 78 9
best 465068
best 463517 step 21 time 7801 ms
best 461624 step 135 time 38982 ms
best 458499 step 138 time 39961 ms
best 455687 step 139 time 40272 ms
best 454912 step 355 time 99527 ms
best 453722 step 576 time 161080 ms
best 452654 step 577 time 161631 ms
best 451757 step 581 time 162667 ms
best 450682 step 609 time 169642 ms
best 449963 step 898 time 244565 ms
done 0 88 73 100 16 18 34 53 58 24 23 70 52 8 35 1 51 38 19 98 54 31 2 37 67 81 91 45 65 10 3 63 17 79 20 96 74 21 89 33 99 80 85 75 36 44 69 90 43 82 61 86 56 71 46 41 47 50 15 76 83 29 92 60 93 28 59 11 48 42 26 13 6 97 22 84 68 57 95 64 72 12 40 32 62 94 7 27 14 66 55 87 30 4 25 39 49 5 77 78 9
best 449963
time 950244 ms
seed 5
