jobs 50
mach 20
init 0 14 16 17 4 2 18 10 12 42 33 24 40 30 21 37 22 36 1 41 45 5 13 29 46 39 7 38 34 6 15 43 47 28 23 20 11 35 3 25 49 44 50 8 27 9 19 31 32 26 48
best 25643
best 18413 step 1 time 96 ms
best 17968 step 57 time 1292 ms
best 17768 step 149 time 3414 ms
best 17764 step 154 time 3537 ms
best 17721 step 162 time 3707 ms
best 17238 step 174 time 3940 ms
best 17201 step 179 time 4011 ms
done 0 33 16 40 26 17 42 10 12 4 2 18 24 27 30 21 5 22 36 1 37 45 41 46 29 7 13 39 38 34 6 43 15 47 28 23 20 11 35 3 19 25 44 50 32 49 9 8 31 14 48
best 17201
time 950006 ms
seed 5
