jobs 50
mach 20
init 0 46 43 16 38 47 32 35 42 20 31 21 26 12 48 11 36 33 45 28 6 23 44 40 10 9 17 25 15 2 7 50 18 14 8 27 13 41 3 49 39 22 37 4 1 29 19 5 24 34 30
best 25191
best 25124 step 1 time 79 ms
best 24736 step 2 time 133 ms
best 24515 step 7 time 290 ms
best 24208 step 11 time 423 ms
best 24136 step 15 time 516 ms
best 24106 step 20 time 604 ms
best 24051 step 23 time 668 ms
best 23936 step 27 time 736 ms
best 23887 step 159 time 3499 ms
best 23770 step 1832 time 37750 ms
done 0 46 43 16 35 38 47 32 42 20 31 48 21 33 12 26 11 36 45 28 6 44 17 10 9 14 23 19 25 7 40 15 2 8 18 50 13 41 49 39 22 27 1 4 29 37 3 24 34 30 5
best 23770
time 950006 ms
seed 5
