jobs 50
mach 20
init 0 44 25 42 18 22 45 36 6 14 21 29 30 37 32 41 23 3 34 1 7 33 10 16 48 4 38 5 35 2 9 12 49 28 47 17 15 19 13 40 39 50 20 11 46 24 8 26 27 43 31
best 21860
best 21542 step 4 time 153 ms
best 21417 step 5 time 175 ms
best 21275 step 14 time 337 ms
best 21181 step 66 time 1183 ms
best 21094 step 80 time 1422 ms
best 20780 step 88 time 1534 ms
best 19983 step 136 time 2464 ms
best 19581 step 137 time 2499 ms
best 19457 step 196 time 3634 ms
best 19373 step 197 time 3652 ms
best 19306 step 1628 time 29197 ms
done 0 2 44 42 22 45 25 6 18 36 14 21 29 30 37 32 23 3 34 10 41 1 7 33 5 48 4 35 38 16 15 9 12 19 20 40 49 31 28 13 47 17 39 46 11 27 26 24 50 8 43
best 19306
time 950009 ms
seed 5
