jobs 50
mach 20
init 0 44 26 25 6 40 29 41 33 24 27 32 1 13 48 22 23 28 21 10 34 12 11 3 37 38 15 19 42 17 2 5 31 36 35 30 4 16 50 39 20 8 45 18 14 7 43 9 46 49 47
best 25222
best 21955 step 1 time 61 ms
best 20501 step 2 time 99 ms
best 19456 step 3 time 127 ms
best 19189 step 4 time 163 ms
best 19032 step 19 time 497 ms
best 18648 step 93 time 2200 ms
best 18246 step 789 time 18220 ms
best 17948 step 2453 time 56522 ms
best 17805 step 4022 time 93836 ms
best 17779 step 27829 time 649930 ms
best 17759 step 28752 time 670024 ms
done 0 6 40 29 25 41 10 33 26 1 24 32 48 44 27 28 42 13 12 23 21 34 11 3 17 37 38 22 19 5 31 15 36 50 16 4 35 2 30 39 18 46 45 20 8 14 43 9 7 49 47
best 17759
time 950004 ms
seed 5
