jobs 60
mach 20
init 0 37 41 25 4 58 48 11 36 24 12 43 33 26 21 3 30 22 60 27 34 17 46 18 7 19 57 9 5 59 51 23 6 56 2 39 8 38 35 54 47 14 1 42 50 28 52 15 10 40 29 13 32 16 53 31 49 44 45 55 20
best 126479
best 124574 step 9 time 428 ms
best 118115 step 22 time 889 ms
best 117979 step 30 time 1102 ms
best 116389 step 834 time 28098 ms
best 116171 step 838 time 28154 ms
done 0 37 41 9 26 25 48 11 4 3 58 24 12 33 43 57 21 2 30 22 60 18 34 7 17 38 19 27 5 59 52 39 56 6 35 46 51 13 23 32 1 47 36 28 50 15 16 31 10 8 40 29 49 55 53 54 44 45 14 42 20
best 116171
time 950018 ms
seed 5
