jobs 60
mach 20
init 0 53 31 36 58 38 5 55 42 9 4 28 47 22 52 20 44 54 6 14 33 21 41 40 23 35 27 15 30 39 10 25 29 2 1 7 43 24 3 18 57 37 48 8 12 32 34 46 13 50 16 11 60 49 45 51 59 26 19 17 56
best 87993
best 87896 step 3 time 264 ms
best 87715 step 6 time 364 ms
best 86260 step 8 time 438 ms
best 86198 step 9 time 502 ms
best 85716 step 294 time 12132 ms
best 85567 step 301 time 12393 ms
best 85561 step 333 time 13700 ms
best 84340 step 558 time 22355 ms
best 84134 step 559 time 22426 ms
best 83635 step 560 time 22493 ms
best 83604 step 561 time 22545 ms
best 83544 step 5821 time 237397 ms
done 0 53 31 36 58 38 5 55 42 9 28 4 20 22 52 21 47 44 6 54 14 41 40 33 23 35 25 15 27 1 39 10 30 18 29 2 7 43 24 3 37 13 57 16 12 32 34 50 8 46 49 48 60 51 59 11 45 26 19 17 56
best 83544
time 950045 ms
seed 5
