jobs 60
mach 20
init 0 3 43 36 46 54 20 11 1 48 8 35 37 38 4 49 7 16 55 18 57 24 29 31 5 13 32 26 50 53 12 25 41 9 58 40 15 27 14 28 45 30 42 6 33 51 2 59 44 17 10 22 23 56 47 21 52 39 60 34 19
best 74228
best 74098 step 2 time 176 ms
best 71219 step 7 time 445 ms
best 70143 step 36 time 1667 ms
best 69148 step 44 time 2051 ms
best 69003 step 45 time 2087 ms
best 65935 step 57 time 2561 ms
best 65765 step 58 time 2598 ms
best 65515 step 176 time 7090 ms
best 65453 step 185 time 7399 ms
best 64760 step 1010 time 41999 ms
best 64539 step 2185 time 91851 ms
best 64386 step 5588 time 228175 ms
best 64201 step 6162 time 250527 ms
done 0 3 43 48 46 49 54 11 1 24 36 35 37 20 38 7 8 57 16 55 31 18 5 28 15 29 13 41 26 50 53 12 25 32 45 58 9 4 27 44 14 30 33 42 40 17 6 2 59 22 23 52 34 10 56 47 21 60 39 51 19
best 64201
time 950016 ms
seed 5
