jobs 60
mach 20
init 0 47 60 53 20 50 32 11 8 42 28 33 3 46 34 59 4 52 18 51 40 43 45 48 1 31 49 7 44 15 57 30 55 10 12 54 24 22 19 21 37 58 5 36 13 16 26 17 41 25 6 29 9 56 39 35 14 27 23 38 2
best 62849
best 56668 step 2 time 162 ms
best 56197 step 9 time 497 ms
best 55414 step 10 time 528 ms
best 55100 step 12 time 599 ms
best 54373 step 14 time 762 ms
best 54159 step 27 time 1338 ms
best 53130 step 29 time 1437 ms
best 53050 step 31 time 1539 ms
best 52958 step 32 time 1587 ms
best 52882 step 2345 time 105131 ms
best 52834 step 2346 time 105164 ms
best 52583 step 6599 time 294905 ms
best 52079 step 7737 time 344873 ms
best 51726 step 9264 time 412373 ms
best 51637 step 9272 time 412658 ms
done 0 47 32 20 33 8 60 7 50 11 3 42 28 46 34 59 4 52 18 51 53 40 43 45 5 48 1 44 31 57 55 25 30 54 49 10 24 22 19 21 37 12 26 15 58 41 56 16 17 36 29 9 14 6 39 35 13 27 23 38 2
best 51637
time 950023 ms
seed 5
