jobs 60
mach 20
init 0 39 49 22 6 34 27 40 38 11 29 20 17 9 56 60 26 7 45 1 53 47 30 19 23 16 14 36 4 58 12 33 8 46 35 15 2 18 10 28 54 59 55 31 25 3 32 52 44 43 5 57 37 13 51 42 24 21 41 50 48
best 144270
best 141224 step 8 time 431 ms
best 140365 step 9 time 456 ms
best 139905 step 10 time 487 ms
best 138516 step 11 time 521 ms
best 136613 step 13 time 600 ms
best 135713 step 14 time 645 ms
best 133635 step 16 time 732 ms
best 132893 step 96 time 4090 ms
best 132505 step 120 time 5131 ms
best 132493 step 122 time 5225 ms
best 132067 step 195 time 8156 ms
best 130612 step 201 time 8387 ms
best 130082 step 4880 time 195675 ms
best 129902 step 16066 time 642451 ms
best 129701 step 16068 time 642511 ms
done 0 22 17 39 34 6 47 27 40 60 49 20 11 7 12 1 26 53 29 9 30 19 16 56 23 55 38 14 36 4 58 33 35 45 46 2 8 15 28 31 51 18 54 59 10 44 5 57 37 13 52 43 32 25 3 24 21 41 42 48 50
best 129701
time 950014 ms
seed 5
