jobs 60
mach 20
init 0 20 46 25 42 12 59 32 40 60 38 53 17 21 31 55 29 24 16 54 14 43 2 9 13 49 15 41 23 19 39 37 48 52 57 45 18 5 7 3 28 10 33 6 27 44 50 26 35 47 4 58 56 36 8 30 1 11 22 34 51
best 108760
best 106522 step 9 time 416 ms
best 103904 step 10 time 464 ms
best 101963 step 11 time 497 ms
best 101500 step 12 time 539 ms
best 99635 step 13 time 603 ms
best 99063 step 23 time 933 ms
best 97096 step 26 time 1093 ms
best 97037 step 30 time 1230 ms
best 96430 step 44 time 1738 ms
best 95930 step 46 time 1805 ms
best 94969 step 398 time 14476 ms
best 94839 step 2079 time 74190 ms
best 94778 step 7244 time 258043 ms
best 94754 step 7256 time 258466 ms
best 94568 step 8392 time 298960 ms
best 94506 step 20155 time 719563 ms
done 0 20 46 25 32 38 12 40 9 17 21 31 45 42 57 53 49 3 29 16 15 59 13 14 55 24 43 2 60 39 23 19 41 37 50 52 48 10 18 5 33 28 56 27 6 26 44 58 47 4 54 35 11 7 22 1 36 8 30 34 51
best 94506
time 950032 ms
seed 5
