jobs 70
mach 20
init 0 45 7 69 17 55 39 32 23 67 70 14 4 65 5 36 13 6 56 2 44 49 12 58 66 8 37 20 61 18 28 38 60 64 29 33 59 41 43 30 19 51 62 46 31 42 50 25 9 52 68 10 21 47 34 48 26 22 15 1 16 63 54 11 27 53 3 57 24 35 40
best 155472
best 150448 step 3 time 434 ms
best 149290 step 11 time 886 ms
best 144634 step 13 time 1156 ms
best 142900 step 14 time 1280 ms
best 142738 step 15 time 1383 ms
best 141044 step 31 time 2749 ms
best 140455 step 60 time 5392 ms
best 140252 step 69 time 6103 ms
best 139774 step 75 time 6634 ms
best 139725 step 94 time 8537 ms
best 139604 step 96 time 8641 ms
best 139326 step 186 time 16886 ms
best 136844 step 193 time 17407 ms
best 136653 step 194 time 17506 ms
best 136581 step 195 time 17586 ms
best 134389 step 1215 time 113167 ms
best 133889 step 2593 time 236716 ms
done 0 45 69 55 49 39 67 7 32 65 17 46 31 44 36 14 23 13 2 70 56 12 6 60 25 59 58 8 22 37 4 18 61 38 64 33 41 28 30 29 5 42 19 43 51 50 1 62 66 52 34 68 10 9 21 16 48 20 15 26 54 11 47 27 63 3 40 24 53 57 35
best 133889
time 950052 ms
seed 5
