jobs 70
mach 20
init 0 8 35 25 31 12 4 14 66 51 46 53 32 9 65 50 47 21 34 10 68 64 38 17 19 39 56 36 22 59 2 23 61 7 15 52 62 24 1 30 67 41 6 16 18 43 69 20 57 58 70 49 54 5 60 29 33 63 48 40 3 37 28 13 27 11 44 55 26 45 42
best 134519
best 131743 step 2 time 375 ms
best 130833 step 4 time 531 ms
best 126964 step 5 time 643 ms
best 126733 step 6 time 700 ms
best 126711 step 9 time 877 ms
best 126418 step 26 time 2058 ms
best 124910 step 31 time 2404 ms
best 124672 step 56 time 4036 ms
best 123826 step 58 time 4174 ms
best 123638 step 69 time 5137 ms
best 123460 step 70 time 5238 ms
best 121083 step 78 time 5854 ms
best 120655 step 227 time 16253 ms
best 119733 step 230 time 16511 ms
best 118241 step 231 time 16547 ms
best 118014 step 268 time 19235 ms
best 117413 step 269 time 19290 ms
best 116412 step 270 time 19372 ms
done 0 8 35 25 14 4 31 32 68 46 65 12 9 53 51 2 21 56 19 10 23 39 47 34 1 17 50 7 36 22 64 59 38 30 41 6 24 62 61 67 18 16 52 69 66 57 60 58 70 43 44 20 54 5 33 40 15 63 29 49 27 3 13 48 11 37 26 28 55 45 42
best 116412
time 950000 ms
seed 5
