jobs 70
mach 20
init 0 22 28 15 43 59 41 53 58 52 49 9 3 10 47 14 61 21 25 68 6 32 16 37 13 46 56 4 27 31 36 62 29 35 20 48 57 67 11 1 51 65 66 54 12 30 42 38 26 70 39 63 24 44 19 40 55 45 69 2 34 18 64 23 7 60 50 17 8 33 5
best 138793
best 138710 step 2 time 248 ms
best 138459 step 3 time 307 ms
best 134459 step 4 time 443 ms
best 133489 step 5 time 483 ms
best 131735 step 7 time 658 ms
best 130608 step 8 time 747 ms
best 129238 step 13 time 1144 ms
best 129223 step 28 time 2232 ms
best 128671 step 29 time 2292 ms
best 128628 step 30 time 2327 ms
best 127436 step 43 time 3249 ms
best 127264 step 108 time 7669 ms
best 126541 step 110 time 7756 ms
best 126463 step 111 time 7840 ms
best 126249 step 1498 time 99073 ms
best 125881 step 1499 time 99142 ms
best 125452 step 3355 time 220760 ms
done 0 53 59 22 28 25 41 21 15 43 9 10 51 3 47 52 61 58 6 49 32 13 68 14 16 37 46 48 62 4 20 36 55 29 31 11 35 66 57 30 12 65 54 42 1 67 38 70 27 40 26 39 24 18 19 63 2 56 34 44 69 23 7 45 60 50 64 17 33 5 8
best 125452
time 950035 ms
seed 5
