jobs 80
mach 20
init 0 5 9 49 60 28 48 35 74 75 44 36 73 21 18 31 32 11 10 64 4 39 70 24 68 69 33 1 13 43 7 34 59 25 61 52 12 23 14 46 2 8 57 42 26 45 16 51 66 17 62 76 29 6 37 20 56 80 22 30 50 58 71 15 55 38 19 72 41 63 78 65 77 3 79 40 47 53 54 67 27
best 203765
best 201734 step 2 time 487 ms
best 199747 step 3 time 606 ms
best 192806 step 5 time 901 ms
best 192498 step 6 time 949 ms
best 192088 step 352 time 36142 ms
best 190415 step 373 time 38161 ms
best 189547 step 704 time 70240 ms
best 189336 step 705 time 70344 ms
best 189028 step 1325 time 132137 ms
best 188350 step 1437 time 143996 ms
best 187838 step 1438 time 144111 ms
best 186976 step 3906 time 392835 ms
done 0 5 9 52 75 28 48 74 49 60 35 39 32 36 21 18 44 59 11 10 33 31 68 4 13 1 24 61 23 64 70 25 7 34 12 62 43 69 17 14 73 46 45 8 26 57 66 55 16 51 37 6 20 2 76 30 50 29 80 15 58 56 38 42 72 22 41 78 47 63 71 3 79 40 65 77 53 19 27 67 54
best 186976
time 950038 ms
seed 5
