jobs 80
mach 20
init 0 23 47 28 75 22 77 79 80 59 38 58 56 6 37 12 61 36 55 7 74 14 27 45 26 69 18 11 62 54 43 16 71 9 42 53 30 33 8 24 5 70 32 50 52 21 66 57 4 63 67 60 65 2 40 72 49 34 17 13 10 29 64 51 46 35 15 48 31 1 25 41 76 20 39 3 73 78 68 19 44
best 308113
best 305880 step 5 time 875 ms
best 305855 step 31 time 3980 ms
best 305222 step 39 time 4871 ms
best 303863 step 42 time 5091 ms
best 303757 step 97 time 10801 ms
best 301195 step 98 time 10924 ms
best 298622 step 101 time 11232 ms
best 297883 step 102 time 11324 ms
best 294804 step 103 time 11371 ms
best 290814 step 263 time 27853 ms
best 289904 step 716 time 76882 ms
best 287727 step 1197 time 130996 ms
best 287641 step 1432 time 155312 ms
best 287518 step 1436 time 155551 ms
done 0 47 79 36 59 23 77 28 55 6 37 21 38 61 80 75 12 56 7 71 40 27 14 45 11 16 26 69 18 33 74 70 42 54 43 53 51 5 30 9 13 8 32 49 66 63 52 67 22 62 4 58 24 72 65 34 17 60 57 50 64 35 15 10 76 41 29 48 2 46 39 25 20 3 73 1 78 31 68 44 19
best 287518
time 950031 ms
seed 5
