jobs 80
mach 20
init 0 20 68 26 71 9 46 65 25 27 24 70 54 14 76 43 72 10 39 35 42 60 2 41 66 64 34 56 15 33 22 61 47 38 51 50 53 17 18 5 59 31 49 57 40 75 12 80 52 69 62 11 13 45 28 1 37 44 4 16 48 23 30 3 78 32 36 67 74 55 6 77 19 8 21 63 58 29 73 79 7
best 242865
best 241135 step 1 time 630 ms
best 239131 step 2 time 702 ms
best 236026 step 5 time 1160 ms
best 233776 step 32 time 4394 ms
best 232459 step 38 time 5205 ms
best 232067 step 39 time 5338 ms
best 232049 step 41 time 5490 ms
best 231339 step 46 time 6059 ms
best 231258 step 121 time 14402 ms
best 230087 step 127 time 15095 ms
best 230044 step 128 time 15296 ms
best 230038 step 310 time 35896 ms
best 229524 step 349 time 40628 ms
best 229387 step 350 time 40674 ms
best 226627 step 358 time 41539 ms
best 226592 step 360 time 41623 ms
best 226490 step 461 time 53203 ms
best 226328 step 993 time 115710 ms
best 226256 step 994 time 115849 ms
best 226242 step 2975 time 342396 ms
best 226079 step 4903 time 567081 ms
best 225535 step 4919 time 568586 ms
best 223466 step 4925 time 569285 ms
done 0 68 20 71 26 46 9 24 75 65 25 43 60 27 22 39 70 72 10 14 76 66 54 35 42 2 41 61 64 34 56 47 50 38 51 18 31 5 59 11 17 57 53 33 49 15 52 13 12 40 80 1 4 45 23 69 62 16 30 37 44 48 78 3 74 28 6 55 36 32 67 58 77 19 8 21 63 73 29 79 7
best 223466
time 950017 ms
seed 5
