jobs 80
mach 20
init 0 56 47 3 31 21 59 64 29 32 41 50 17 15 72 57 34 38 54 67 71 4 62 2 43 66 60 49 18 8 74 7 13 14 63 30 48 23 19 52 44 45 68 73 69 39 58 28 22 76 75 40 36 55 46 42 25 11 53 35 61 33 27 20 78 65 77 10 80 79 51 24 6 16 5 9 1 26 12 70 37
best 308671
best 304991 step 1 time 351 ms
best 302608 step 2 time 464 ms
best 302004 step 3 time 617 ms
best 299650 step 6 time 857 ms
best 299005 step 8 time 1033 ms
best 298041 step 9 time 1206 ms
best 297181 step 10 time 1309 ms
best 296828 step 11 time 1375 ms
best 295116 step 12 time 1511 ms
best 293178 step 47 time 5490 ms
best 291909 step 48 time 5597 ms
best 291741 step 49 time 5690 ms
best 291692 step 78 time 8639 ms
best 289956 step 79 time 8801 ms
best 289337 step 80 time 8865 ms
best 286581 step 91 time 10169 ms
best 285960 step 590 time 65462 ms
best 283825 step 777 time 85847 ms
best 283685 step 778 time 85923 ms
best 283611 step 989 time 109504 ms
best 283439 step 1262 time 139444 ms
done 0 56 47 3 21 59 17 57 54 31 32 15 72 50 38 67 64 34 60 66 18 71 29 4 62 7 49 2 43 74 75 22 23 11 41 13 14 69 44 73 30 36 48 63 42 52 8 39 45 76 55 46 25 40 19 16 58 53 35 78 61 27 28 33 77 20 65 68 10 80 79 26 24 1 12 51 6 5 9 37 70
best 283439
time 950128 ms
seed 5
