jobs 80
mach 20
init 0 67 22 54 7 23 75 14 5 18 16 77 39 68 19 58 66 80 49 38 42 51 64 72 33 26 34 48 40 63 74 47 50 11 1 3 27 61 35 46 15 21 60 65 69 45 6 4 25 78 9 79 41 29 56 31 62 52 37 73 17 8 28 36 57 53 59 20 43 13 71 10 12 2 24 76 70 44 55 32 30
best 235468
best 230754 step 1 time 517 ms
best 229100 step 5 time 880 ms
best 226453 step 8 time 1120 ms
best 226117 step 9 time 1258 ms
best 225113 step 11 time 1537 ms
best 223772 step 13 time 1648 ms
best 223745 step 14 time 1721 ms
best 221694 step 17 time 1915 ms
best 221270 step 165 time 22397 ms
best 219861 step 183 time 24848 ms
best 219798 step 395 time 53644 ms
best 219064 step 597 time 80726 ms
best 218316 step 2221 time 289911 ms
best 216880 step 6741 time 873476 ms
best 216673 step 6745 time 873871 ms
done 0 67 22 54 16 7 49 39 77 5 18 64 42 14 23 58 66 19 80 38 3 72 51 60 75 34 40 26 63 69 27 50 47 74 11 35 21 6 61 46 48 25 56 1 33 45 79 4 68 15 78 29 41 31 62 52 9 73 65 37 17 8 28 36 59 53 57 20 43 76 71 10 70 13 2 30 12 24 44 55 32
best 216673
time 950182 ms
seed 5
