jobs 80
mach 20
init 0 27 53 47 17 25 2 18 41 57 71 29 62 19 58 42 14 4 21 26 65 76 66 38 11 63 37 23 12 72 50 73 79 59 70 6 13 75 30 15 35 7 39 74 28 22 61 78 1 77 60 40 67 54 52 3 20 34 10 33 8 55 64 31 24 44 43 46 36 9 49 5 32 80 69 48 68 56 16 51 45
best 275916
best 258393 step 1 time 656 ms
best 257846 step 2 time 858 ms
best 257467 step 3 time 950 ms
best 255164 step 5 time 1203 ms
best 255132 step 13 time 2299 ms
best 255040 step 14 time 2365 ms
best 254928 step 15 time 2446 ms
best 253852 step 20 time 3099 ms
best 251573 step 33 time 4605 ms
best 251342 step 34 time 4740 ms
best 248091 step 35 time 4862 ms
best 247769 step 36 time 4993 ms
best 246757 step 149 time 18069 ms
best 245812 step 151 time 18211 ms
best 245754 step 153 time 18559 ms
best 245352 step 198 time 23266 ms
best 245130 step 199 time 23345 ms
best 244930 step 201 time 23598 ms
best 244494 step 663 time 79428 ms
best 244341 step 666 time 79643 ms
best 244063 step 1625 time 193812 ms
best 243365 step 1626 time 193976 ms
best 242898 step 6373 time 749824 ms
done 0 66 25 53 47 17 29 2 18 57 62 19 71 58 42 1 50 14 4 38 41 11 65 52 63 22 21 76 15 73 79 55 70 37 59 75 6 74 72 28 12 3 30 39 26 13 61 35 67 20 78 54 60 33 23 10 7 77 40 24 34 80 36 64 31 27 43 46 44 8 32 49 9 5 51 69 48 68 56 16 45
best 242898
time 950052 ms
seed 5
