jobs 80
mach 20
init 0 9 5 25 53 1 18 15 48 47 59 45 30 21 28 44 31 73 67 55 72 3 29 2 71 4 57 40 79 43 77 76 12 39 16 80 78 69 50 74 32 22 19 75 11 42 63 51 65 62 70 27 14 66 17 24 64 56 26 68 46 52 36 41 6 33 60 10 7 13 35 58 8 20 34 37 49 23 38 54 61
best 242237
best 234702 step 1 time 282 ms
best 234675 step 2 time 439 ms
best 234521 step 15 time 1685 ms
best 232837 step 16 time 1861 ms
best 232229 step 18 time 2065 ms
best 231097 step 19 time 2175 ms
best 224962 step 23 time 2622 ms
best 224602 step 34 time 3606 ms
best 223599 step 35 time 3731 ms
best 223458 step 37 time 3910 ms
best 222637 step 38 time 4051 ms
best 221731 step 48 time 5377 ms
best 221304 step 49 time 5495 ms
best 220739 step 74 time 7879 ms
best 216920 step 75 time 8020 ms
best 216589 step 78 time 8291 ms
best 212533 step 82 time 8670 ms
best 211730 step 1683 time 172841 ms
best 210649 step 1684 time 172948 ms
best 210335 step 1685 time 173096 ms
best 209916 step 1688 time 173448 ms
done 0 47 5 26 21 72 53 1 15 59 25 48 2 18 45 30 3 67 44 31 79 43 77 76 78 55 4 80 69 71 29 12 40 22 73 39 9 16 32 57 74 19 50 14 11 75 63 51 65 62 17 42 27 41 70 66 13 68 36 24 64 28 60 7 52 46 56 49 35 20 33 8 10 58 34 37 6 23 38 54 61
best 209916
time 950037 ms
seed 5
