jobs 80
mach 20
init 0 19 3 24 45 78 42 46 75 1 76 63 14 61 7 22 29 35 12 20 49 41 27 44 56 17 31 10 59 60 71 69 72 33 34 79 4 57 30 53 66 51 48 26 62 32 73 28 15 77 5 67 11 8 64 74 80 39 9 50 16 2 40 68 23 37 18 25 21 58 47 38 54 36 70 6 13 43 55 65 52
best 188871
best 185820 step 1 time 269 ms
best 185083 step 2 time 381 ms
best 182708 step 21 time 2220 ms
best 181917 step 39 time 4451 ms
best 181540 step 42 time 4764 ms
best 181394 step 72 time 8533 ms
best 180954 step 73 time 8613 ms
best 180244 step 159 time 18460 ms
best 177493 step 182 time 21404 ms
best 176301 step 185 time 22022 ms
best 176268 step 186 time 22114 ms
best 175322 step 5349 time 657509 ms
done 0 19 3 24 45 42 1 78 46 76 63 75 61 20 14 41 35 7 66 49 22 27 56 44 31 10 59 12 11 69 17 60 29 33 79 57 34 53 4 71 72 30 48 26 32 73 15 77 5 38 28 51 50 39 9 74 8 16 67 80 25 21 2 40 64 62 18 36 68 54 70 23 58 43 6 13 55 37 47 52 65
best 175322
time 950003 ms
seed 5
