jobs 90
mach 20
init 0 5 52 30 88 13 57 72 44 20 53 66 42 65 77 1 75 61 2 76 4 7 64 67 60 51 43 80 81 32 55 63 87 39 22 3 50 24 73 46 8 90 70 27 31 10 68 40 38 69 37 25 85 47 86 19 11 82 79 89 21 26 71 12 83 14 17 56 48 36 33 58 15 23 49 16 74 78 34 28 59 35 29 6 62 84 54 9 41 18 45
best 311180
best 305562 step 1 time 628 ms
best 298957 step 2 time 943 ms
best 296079 step 6 time 1807 ms
best 296005 step 27 time 5204 ms
best 295379 step 30 time 5581 ms
best 294143 step 33 time 6258 ms
best 294042 step 37 time 7040 ms
best 293796 step 38 time 7212 ms
best 293238 step 57 time 10102 ms
best 293023 step 58 time 10314 ms
best 291722 step 59 time 10562 ms
best 291099 step 60 time 10734 ms
best 288769 step 61 time 10983 ms
best 288703 step 4017 time 651689 ms
done 0 5 52 13 30 57 65 44 63 42 75 64 81 53 66 1 61 20 55 76 7 77 67 60 43 2 51 4 39 32 73 88 87 3 80 22 8 19 68 90 50 24 31 46 70 27 49 10 25 69 37 86 40 47 26 12 78 82 21 79 58 85 89 33 36 28 56 38 72 11 17 48 71 83 14 16 34 15 23 74 59 6 62 9 84 54 35 18 29 41 45
best 288703
time 950126 ms
seed 5
