jobs 90
mach 20
init 0 55 30 69 42 28 78 90 54 60 73 51 8 39 10 27 81 14 1 36 52 74 64 2 48 53 49 89 47 29 32 63 31 62 37 11 70 12 57 13 80 34 25 5 83 43 86 9 77 26 41 82 4 71 40 18 24 58 23 68 7 88 66 67 3 87 16 35 44 17 76 56 61 21 45 79 15 65 46 33 59 6 85 72 19 22 84 20 38 50 75
best 437139
best 418190 step 1 time 693 ms
best 418181 step 7 time 1761 ms
best 417958 step 8 time 1856 ms
best 417584 step 11 time 2442 ms
best 414928 step 13 time 2882 ms
best 412450 step 18 time 3807 ms
best 410051 step 33 time 6476 ms
best 406209 step 57 time 11127 ms
best 405791 step 199 time 38186 ms
best 405532 step 202 time 38674 ms
best 404670 step 203 time 38865 ms
best 404179 step 204 time 39079 ms
best 403655 step 504 time 91047 ms
best 402251 step 1144 time 200454 ms
best 401383 step 1259 time 221490 ms
best 401072 step 1260 time 221599 ms
best 399050 step 1266 time 222602 ms
best 398589 step 1267 time 222877 ms
best 398471 step 1268 time 223044 ms
done 0 55 16 47 64 51 8 42 28 78 90 54 10 89 36 34 60 27 81 73 1 39 30 52 63 32 2 69 49 48 37 68 12 41 14 11 31 70 71 40 88 9 4 5 29 83 13 80 25 26 53 58 23 77 74 24 57 56 65 86 3 87 35 7 33 66 59 67 45 21 17 62 82 46 76 79 61 43 19 22 18 44 38 84 15 20 6 85 50 72 75
best 398471
time 950080 ms
seed 5
