jobs 90
mach 20
init 0 35 29 71 32 79 25 90 80 43 26 5 50 64 63 53 13 75 44 88 76 66 39 20 1 24 41 77 17 45 82 52 87 47 48 49 8 51 23 57 37 7 62 46 85 70 86 58 56 15 16 3 19 27 34 84 73 61 36 83 72 2 14 89 10 6 60 28 30 38 55 21 42 69 74 33 9 67 11 68 18 4 78 54 65 40 31 59 22 12 81
best 392254
best 390148 step 1 time 537 ms
best 385077 step 4 time 1288 ms
best 380170 step 5 time 1562 ms
best 377674 step 11 time 2731 ms
best 377102 step 12 time 2954 ms
best 375564 step 13 time 3174 ms
best 363364 step 15 time 3653 ms
best 362757 step 16 time 3898 ms
best 362553 step 17 time 4053 ms
best 358771 step 61 time 12883 ms
best 358073 step 162 time 32468 ms
best 353483 step 167 time 33501 ms
best 352575 step 208 time 41402 ms
best 352391 step 210 time 41565 ms
best 352356 step 434 time 85282 ms
best 350460 step 437 time 85712 ms
best 349483 step 449 time 87740 ms
best 349328 step 450 time 87952 ms
best 348160 step 452 time 88131 ms
done 0 35 46 13 32 75 90 50 45 43 26 80 79 29 1 64 61 41 89 44 39 63 70 66 24 20 17 5 88 76 56 25 82 47 37 51 8 87 49 23 57 62 58 48 19 27 72 52 85 77 7 15 84 60 30 16 2 83 3 28 36 73 86 71 34 21 78 42 74 10 53 6 14 40 38 55 4 11 68 33 9 67 18 81 69 54 65 59 31 22 12
best 348160
time 950034 ms
seed 5
