jobs 90
mach 20
init 0 21 47 17 73 18 75 53 1 64 55 83 32 68 49 28 35 72 39 30 8 70 20 45 54 77 59 52 26 29 42 85 87 7 25 86 13 63 6 40 16 19 9 57 74 50 67 36 89 14 48 4 88 65 62 23 82 69 31 66 44 34 27 41 22 38 43 80 33 60 84 5 79 81 12 76 10 3 15 61 37 71 24 78 51 11 2 90 46 56 58
best 416518
best 416373 step 1 time 474 ms
best 414746 step 3 time 804 ms
best 412371 step 6 time 1340 ms
best 410967 step 11 time 1982 ms
best 410845 step 12 time 2121 ms
best 408793 step 13 time 2364 ms
best 407966 step 15 time 2652 ms
best 393856 step 19 time 3405 ms
best 393201 step 20 time 3532 ms
best 391433 step 89 time 15742 ms
best 390171 step 142 time 24863 ms
best 388741 step 192 time 33556 ms
best 387638 step 194 time 33803 ms
best 386697 step 239 time 41740 ms
best 383397 step 397 time 67334 ms
best 381896 step 4891 time 832535 ms
best 380081 step 5198 time 884045 ms
done 0 21 26 1 73 75 53 20 83 59 64 55 18 28 49 35 70 72 39 45 30 40 68 8 43 77 32 89 13 54 52 25 29 42 63 7 87 17 22 16 9 27 67 57 6 19 50 14 65 74 4 48 36 31 86 66 81 69 62 88 23 33 47 41 82 38 85 34 79 12 60 80 44 24 84 78 3 10 76 5 51 11 15 61 37 71 90 46 56 58 2
best 380081
time 950035 ms
seed 5
