jobs 90
mach 20
init 0 52 85 57 22 2 12 33 67 90 45 24 21 14 11 81 10 48 71 63 54 5 88 87 43 78 42 32 40 46 34 37 75 27 69 39 68 28 17 1 79 82 86 4 61 18 13 23 26 6 25 31 29 70 19 55 49 59 76 50 15 53 80 58 73 77 56 20 89 35 41 47 66 72 65 7 8 36 3 44 83 62 64 16 60 84 74 38 51 30 9
best 392571
best 389312 step 1 time 681 ms
best 383491 step 2 time 888 ms
best 381329 step 10 time 2183 ms
best 378032 step 35 time 5956 ms
best 376609 step 36 time 6122 ms
best 376507 step 44 time 7704 ms
best 376488 step 80 time 13550 ms
best 374084 step 90 time 15165 ms
best 373599 step 91 time 15282 ms
best 371889 step 92 time 15470 ms
best 370637 step 93 time 15582 ms
best 370249 step 925 time 153580 ms
best 369552 step 3235 time 547598 ms
best 369537 step 4716 time 793227 ms
best 369193 step 4723 time 794496 ms
done 0 52 85 12 57 43 2 33 21 24 20 67 81 27 54 42 14 77 71 5 46 88 48 32 45 34 69 19 10 78 75 87 79 25 37 39 68 82 26 18 59 11 4 40 22 86 1 63 31 70 17 61 29 50 6 23 65 80 49 28 15 90 72 13 55 58 56 53 76 73 47 89 35 83 8 3 41 44 64 7 66 74 38 36 16 9 51 84 62 60 30
best 369193
time 950050 ms
seed 5
