jobs 90
mach 20
init 0 23 12 66 1 55 9 46 11 7 78 81 16 44 60 57 75 58 65 17 85 56 26 32 82 27 42 37 43 10 84 50 49 36 76 2 61 33 80 83 35 48 45 3 63 8 77 47 90 53 6 70 64 14 39 52 31 71 59 62 4 24 67 19 68 18 28 87 88 13 5 51 86 73 74 25 21 69 30 29 38 34 15 41 54 89 72 79 20 40 22
best 369631
best 355244 step 1 time 1002 ms
best 354107 step 2 time 1238 ms
best 346295 step 8 time 2799 ms
best 345336 step 10 time 3124 ms
best 342348 step 23 time 6002 ms
best 341951 step 24 time 6257 ms
best 337582 step 25 time 6684 ms
best 337473 step 26 time 6862 ms
best 335274 step 27 time 6990 ms
best 333353 step 30 time 7671 ms
best 333334 step 32 time 8076 ms
best 332099 step 62 time 16006 ms
best 330882 step 67 time 17484 ms
best 329766 step 350 time 81928 ms
best 328684 step 1134 time 267519 ms
best 327340 step 1627 time 383132 ms
best 327024 step 2093 time 495633 ms
done 0 23 12 66 78 16 1 55 9 7 81 61 44 82 11 65 10 56 80 17 64 57 43 53 76 6 27 42 85 84 63 37 60 36 31 35 45 49 2 83 18 3 58 32 47 50 33 51 52 77 14 24 70 71 39 73 75 8 19 4 62 48 46 59 90 67 26 13 74 25 68 28 86 87 89 88 21 5 34 38 15 69 30 29 20 41 22 54 72 79 40
best 327024
time 950170 ms
seed 5
