jobs 90
mach 20
init 0 42 69 35 12 76 48 30 53 89 46 37 62 65 25 4 44 31 33 55 88 27 80 57 17 43 9 77 32 52 28 67 36 6 29 72 45 83 1 14 66 79 70 58 90 50 5 2 61 78 73 54 85 64 26 39 60 3 87 15 13 7 81 75 59 34 74 20 41 84 24 10 63 8 82 71 51 11 21 47 38 22 19 40 16 18 68 49 86 56 23
best 365681
best 358251 step 1 time 586 ms
best 352119 step 5 time 1881 ms
best 351846 step 6 time 2165 ms
best 349726 step 7 time 2333 ms
best 349345 step 44 time 8284 ms
best 348725 step 48 time 8899 ms
best 347905 step 51 time 9389 ms
best 346260 step 69 time 12013 ms
best 346206 step 328 time 54895 ms
best 345616 step 383 time 64042 ms
best 344919 step 384 time 64153 ms
best 341939 step 435 time 72212 ms
best 341903 step 952 time 153189 ms
best 341495 step 1011 time 162466 ms
best 340473 step 2772 time 442643 ms
done 0 42 69 35 53 76 77 5 17 12 62 46 65 4 89 25 54 9 33 55 80 27 52 31 57 58 37 44 48 36 30 32 28 88 45 6 64 14 83 73 67 72 79 66 3 70 13 90 50 26 85 78 29 1 39 2 87 43 60 61 81 15 74 7 59 34 71 20 41 24 84 75 8 21 10 63 51 11 47 68 19 40 16 38 82 18 22 49 86 56 23
best 340473
time 950030 ms
seed 5
