jobs 90
mach 20
init 0 36 60 83 78 72 34 66 51 88 46 82 15 6 52 71 57 8 11 56 39 48 21 35 12 84 61 20 31 13 2 55 42 50 58 67 90 32 33 44 28 4 10 29 65 30 69 54 17 75 26 80 53 22 89 3 27 14 63 16 86 87 77 85 49 37 23 76 81 68 79 25 41 7 47 5 62 73 70 43 18 64 24 38 45 40 59 9 19 1 74
best 349587
best 342887 step 1 time 472 ms
best 331260 step 2 time 747 ms
best 320679 step 3 time 989 ms
best 320377 step 7 time 1595 ms
best 319933 step 8 time 1772 ms
best 319403 step 9 time 2004 ms
best 319237 step 12 time 2504 ms
best 317580 step 22 time 4953 ms
best 315472 step 24 time 5468 ms
best 314911 step 25 time 5670 ms
best 314734 step 149 time 25894 ms
best 313167 step 247 time 43342 ms
best 312465 step 280 time 49202 ms
best 311450 step 281 time 49432 ms
best 310640 step 283 time 49850 ms
best 309981 step 284 time 50146 ms
best 308733 step 285 time 50312 ms
best 308543 step 286 time 50411 ms
done 0 12 60 66 78 72 6 34 87 11 51 83 56 82 8 15 39 88 46 61 57 2 31 55 71 21 20 52 67 35 13 10 50 32 58 44 90 4 33 42 75 26 48 65 69 77 28 29 53 54 86 27 30 89 3 17 80 14 16 22 84 63 49 36 37 76 79 25 85 23 73 81 62 68 5 41 7 59 47 19 18 43 24 1 38 45 64 70 40 74 9
best 308543
time 950031 ms
seed 5
