jobs 90
mach 20
init 0 23 50 26 65 45 42 27 61 7 51 56 80 76 69 15 88 11 22 34 75 19 35 32 70 8 60 77 59 43 6 9 78 17 39 58 24 40 1 74 55 52 87 30 16 71 54 37 29 73 2 81 84 67 41 10 79 49 85 31 68 72 66 63 90 12 48 14 89 44 46 53 13 57 20 5 3 25 4 18 21 36 82 62 86 64 33 38 47 28 83
best 473779
best 470113 step 1 time 591 ms
best 429932 step 2 time 985 ms
best 429842 step 6 time 1594 ms
best 422125 step 9 time 2219 ms
best 420781 step 23 time 4480 ms
best 417307 step 25 time 4750 ms
best 411844 step 28 time 5400 ms
best 411625 step 29 time 5508 ms
best 411531 step 30 time 5634 ms
best 408323 step 103 time 19029 ms
best 406879 step 104 time 19312 ms
best 406821 step 105 time 19533 ms
best 406595 step 917 time 160420 ms
best 406449 step 918 time 160561 ms
best 404539 step 2024 time 352715 ms
best 403970 step 2025 time 352888 ms
best 403560 step 2087 time 363557 ms
best 403291 step 2092 time 364271 ms
best 402237 step 2793 time 486805 ms
best 401572 step 3908 time 680899 ms
best 400032 step 4474 time 780544 ms
done 0 12 51 11 35 65 45 58 42 61 6 27 7 22 15 75 19 84 52 17 34 50 32 59 56 70 60 43 2 77 69 76 40 55 71 67 8 24 16 29 37 9 74 66 90 73 1 80 54 26 88 10 78 39 49 23 30 41 48 85 31 14 72 44 46 81 63 68 87 79 53 13 57 4 86 5 89 25 33 20 3 36 64 62 21 82 18 38 47 28 83
best 400032
time 950050 ms
seed 5
