jobs 90
mach 20
init 0 85 7 71 58 49 3 54 36 74 21 6 12 79 41 29 20 43 15 38 48 24 81 76 11 44 83 28 90 27 31 88 22 75 17 87 34 57 62 70 68 46 37 5 45 33 26 72 23 84 51 18 2 53 60 50 25 61 63 67 66 10 69 59 35 19 89 73 77 56 30 47 13 78 8 39 42 80 16 1 4 55 64 82 65 9 40 14 32 52 86
best 437564
best 429230 step 3 time 843 ms
best 424652 step 4 time 1085 ms
best 417462 step 6 time 1671 ms
best 412481 step 21 time 3987 ms
best 412248 step 22 time 4094 ms
best 411901 step 23 time 4249 ms
best 406268 step 24 time 4606 ms
best 406037 step 380 time 62426 ms
best 402671 step 381 time 62664 ms
best 402507 step 382 time 62972 ms
best 401501 step 384 time 63352 ms
best 401155 step 385 time 63540 ms
best 400143 step 386 time 63710 ms
done 0 48 49 11 46 74 36 71 7 54 58 15 21 41 6 70 79 12 43 90 84 44 38 20 85 37 28 3 24 76 31 83 27 34 60 81 22 17 57 87 62 61 45 51 75 68 18 2 33 29 23 26 25 47 72 63 67 50 89 19 66 5 73 69 88 56 30 80 59 13 10 42 39 35 78 53 16 55 77 1 14 4 52 8 9 82 65 32 86 64 40
best 400143
time 950002 ms
seed 5
