jobs 100
mach 20
init 0 16 33 79 2 45 78 17 61 27 37 80 68 24 40 95 73 25 44 8 70 3 63 32 14 42 97 41 38 71 54 5 62 81 64 1 47 19 94 39 65 53 6 75 50 92 55 77 34 67 82 43 69 83 11 10 76 49 35 29 74 48 87 31 46 52 15 60 100 58 30 4 84 72 21 98 93 23 28 88 90 51 86 56 26 20 18 89 85 13 22 7 36 96 99 57 12 66 91 9 59
best 543462
best 541912 step 2 time 1131 ms
best 539116 step 3 time 1314 ms
best 532264 step 13 time 4216 ms
best 530497 step 26 time 7741 ms
best 524395 step 30 time 8677 ms
best 523958 step 393 time 101979 ms
best 520324 step 397 time 102991 ms
best 519450 step 630 time 159928 ms
best 518883 step 1911 time 483492 ms
best 515956 step 2205 time 556519 ms
done 0 16 33 30 27 17 61 37 25 95 54 78 71 80 68 63 44 8 79 3 94 19 24 55 62 40 97 2 73 45 5 42 41 1 70 47 38 81 64 53 32 67 39 65 50 6 75 83 14 10 43 87 92 77 69 100 46 35 76 82 60 58 34 48 49 52 72 21 98 31 86 90 15 22 11 56 88 26 4 28 84 23 93 29 74 20 18 13 51 85 89 7 36 96 99 57 12 66 91 9 59
best 515956
time 950003 ms
seed 2
