jobs 100
mach 20
init 0 40 26 22 99 25 21 29 36 15 2 61 55 95 35 1 30 90 80 17 83 11 96 85 38 69 89 37 13 31 44 32 8 24 14 53 66 91 50 47 23 75 92 41 10 16 87 94 81 3 72 19 34 68 56 28 59 58 27 79 63 51 100 4 54 67 57 86 18 97 45 7 78 65 74 33 5 93 43 48 70 77 98 46 49 73 6 42 60 20 62 88 64 52 9 82 39 71 76 84 12
best 471128
best 466509 step 1 time 1131 ms
best 457684 step 3 time 1862 ms
best 450163 step 6 time 2719 ms
best 448115 step 8 time 3496 ms
best 446852 step 34 time 11617 ms
best 444126 step 35 time 11965 ms
best 443914 step 36 time 12235 ms
best 443254 step 105 time 35441 ms
best 441988 step 111 time 37458 ms
best 438505 step 139 time 45784 ms
best 437131 step 311 time 104436 ms
best 435392 step 315 time 105730 ms
best 435224 step 317 time 106233 ms
best 434259 step 436 time 143984 ms
best 433836 step 437 time 144141 ms
best 433690 step 438 time 144406 ms
best 433505 step 678 time 226307 ms
best 430980 step 1552 time 514222 ms
done 0 98 50 22 99 21 25 26 29 36 37 86 61 38 80 30 55 95 17 35 15 69 13 83 11 96 85 1 8 89 14 2 53 66 19 32 47 23 92 31 44 91 75 40 63 18 59 3 27 100 24 90 87 94 16 81 56 41 28 68 54 79 72 10 57 51 48 33 4 45 65 67 7 77 78 58 74 34 43 49 46 73 70 97 5 93 6 20 62 42 88 60 84 39 71 9 64 82 52 76 12
best 430980
time 950140 ms
seed 2
