jobs 100
mach 20
init 0 67 75 71 86 94 4 92 11 60 2 83 46 54 16 56 64 76 17 10 20 13 59 53 100 82 91 23 47 33 58 96 21 25 36 43 32 95 69 44 6 49 84 55 37 39 41 97 52 81 73 15 65 38 74 30 1 98 99 78 29 57 19 89 12 42 34 70 26 63 62 18 90 35 85 50 45 27 80 3 8 40 51 31 7 14 28 22 24 66 48 68 5 87 79 72 9 61 93 88 77
best 478063
best 473833 step 1 time 980 ms
best 472527 step 2 time 1237 ms
best 472194 step 3 time 1471 ms
best 472180 step 4 time 1879 ms
best 470027 step 22 time 6557 ms
best 468136 step 63 time 18660 ms
best 464424 step 102 time 29946 ms
best 462740 step 114 time 32600 ms
best 456762 step 123 time 35083 ms
best 455962 step 227 time 62691 ms
best 454508 step 741 time 193192 ms
done 0 67 75 71 11 16 4 60 92 53 2 83 94 54 86 65 56 76 17 10 91 82 33 58 96 59 64 39 81 23 100 89 47 25 21 32 95 69 43 44 36 41 49 20 84 34 55 52 6 73 13 37 38 1 97 98 12 30 15 99 46 74 3 29 40 26 57 78 19 8 63 70 42 45 35 62 27 85 50 90 80 18 14 51 66 28 31 7 22 24 87 48 61 68 93 72 5 9 79 88 77
best 454508
time 950197 ms
seed 2
