jobs 100
mach 20
init 0 23 62 1 52 75 37 21 45 17 73 60 5 32 25 98 44 80 87 34 42 79 71 84 29 12 68 61 16 66 81 19 27 56 11 9 50 69 18 10 95 85 55 65 82 64 97 59 40 89 39 88 77 22 53 86 33 49 51 70 83 58 2 76 90 94 99 26 47 6 20 63 24 100 78 36 54 91 67 8 13 15 30 92 74 35 14 41 7 96 46 31 3 28 4 93 72 43 57 38 48
best 572427
best 566184 step 1 time 954 ms
best 564337 step 2 time 1188 ms
best 560494 step 3 time 1458 ms
best 555789 step 4 time 1690 ms
best 553094 step 5 time 1895 ms
best 549614 step 6 time 2266 ms
best 547677 step 7 time 2538 ms
best 543403 step 8 time 2767 ms
best 540352 step 9 time 3045 ms
best 539725 step 413 time 115768 ms
best 538910 step 510 time 142473 ms
best 538541 step 512 time 142835 ms
best 538175 step 520 time 144702 ms
best 535464 step 680 time 187295 ms
best 534647 step 805 time 220718 ms
best 533338 step 809 time 221607 ms
best 533076 step 811 time 222116 ms
best 533029 step 812 time 222353 ms
best 533004 step 1921 time 525951 ms
done 0 23 62 1 45 17 75 37 21 80 52 32 55 25 34 71 98 16 12 44 60 61 9 66 29 42 68 79 40 88 77 19 27 70 50 11 18 39 69 85 84 64 87 53 65 82 51 97 90 76 59 22 94 81 89 86 83 58 15 2 10 95 56 73 26 33 78 92 24 99 5 49 31 91 36 67 20 63 6 47 8 30 35 54 100 14 41 13 7 3 74 96 46 28 4 93 72 43 57 38 48
best 533004
time 950126 ms
seed 2
