jobs 100
mach 20
init 0 72 22 86 26 80 63 27 97 67 87 50 16 5 68 1 13 33 99 41 92 88 34 71 12 23 47 91 52 6 93 70 25 61 30 89 51 37 96 36 55 94 39 100 43 32 69 17 95 18 84 54 21 20 46 45 83 82 15 98 75 2 73 24 79 3 10 42 60 85 78 35 49 62 31 4 29 90 9 76 11 57 7 53 56 48 81 74 64 19 66 59 40 28 65 38 44 58 14 77 8
best 383578
best 376271 step 4 time 1471 ms
best 373097 step 5 time 1787 ms
best 372047 step 6 time 1970 ms
best 369911 step 7 time 2292 ms
best 369102 step 14 time 4358 ms
best 367405 step 15 time 4568 ms
best 366890 step 18 time 5377 ms
best 366789 step 19 time 5452 ms
best 364156 step 47 time 13017 ms
best 359436 step 48 time 13532 ms
best 359051 step 49 time 13855 ms
best 357104 step 122 time 32730 ms
best 356946 step 124 time 33187 ms
best 356463 step 170 time 45260 ms
best 355700 step 623 time 163938 ms
best 354956 step 627 time 165077 ms
best 353536 step 630 time 165966 ms
best 353218 step 631 time 166141 ms
best 352100 step 2453 time 644762 ms
best 351781 step 2455 time 645346 ms
best 350809 step 2456 time 645626 ms
best 349238 step 2457 time 645794 ms
best 349023 step 2458 time 646038 ms
done 0 72 22 26 92 63 80 97 27 67 87 50 16 5 88 41 99 37 70 68 12 91 93 47 23 86 24 61 6 33 34 98 13 25 55 1 30 89 96 100 39 51 71 95 94 17 32 54 36 20 69 10 84 18 43 46 45 75 83 2 82 79 3 73 42 35 21 60 15 52 29 11 7 53 62 4 85 90 78 74 9 56 76 31 49 64 81 19 57 48 66 59 28 40 65 44 14 38 8 58 77
best 349023
time 950218 ms
seed 2
