jobs 100
mach 20
init 0 88 53 100 16 18 24 23 51 70 52 19 54 37 98 38 17 35 67 60 34 8 74 81 31 2 96 45 3 79 73 36 21 63 91 33 44 58 99 80 69 29 43 85 75 86 92 82 61 56 65 48 1 20 41 93 90 26 10 15 71 46 47 50 76 89 83 40 13 59 11 28 72 22 64 6 97 42 84 68 57 62 32 27 25 12 94 14 66 55 87 30 95 39 7 4 5 77 49 9 78
best 478957
best 476446 step 1 time 1207 ms
best 475161 step 9 time 3118 ms
best 468732 step 10 time 3430 ms
best 468001 step 11 time 3637 ms
best 467832 step 53 time 14316 ms
best 465777 step 76 time 20248 ms
best 462776 step 81 time 21244 ms
best 460783 step 129 time 33350 ms
best 460008 step 133 time 34253 ms
best 459442 step 137 time 35420 ms
best 459440 step 138 time 35635 ms
best 454335 step 139 time 35893 ms
best 450737 step 1009 time 266075 ms
done 0 63 52 51 23 24 53 16 19 17 35 18 100 79 58 8 54 31 70 38 88 91 81 56 96 74 2 45 20 3 73 67 21 37 10 33 36 98 65 34 99 80 89 85 75 44 76 82 43 69 90 71 46 15 86 83 29 61 41 93 28 92 1 60 48 50 64 59 11 42 26 13 6 97 22 47 57 84 68 40 66 7 27 12 72 94 87 32 14 62 30 25 95 55 4 77 39 49 9 5 78
best 450737
time 950086 ms
seed 2
