jobs 100
mach 20
init 0 61 66 48 79 17 77 13 41 51 58 37 74 67 23 70 54 80 24 87 47 82 35 12 38 22 63 62 34 69 16 94 64 65 14 72 19 84 83 4 20 33 42 92 49 1 88 6 60 27 7 91 50 96 56 9 52 68 76 29 43 55 86 81 78 100 89 97 59 75 73 28 45 53 95 31 39 93 98 3 85 46 36 11 32 99 71 15 40 30 2 57 25 44 21 90 26 10 18 8 5
best 506124
best 505312 step 2 time 1154 ms
best 502507 step 4 time 1538 ms
best 496208 step 5 time 1806 ms
best 495977 step 7 time 2268 ms
best 494470 step 17 time 4591 ms
best 489996 step 18 time 5028 ms
best 488544 step 19 time 5189 ms
best 486334 step 21 time 5821 ms
best 484616 step 28 time 7898 ms
best 483414 step 188 time 49484 ms
best 481318 step 189 time 49685 ms
best 480482 step 190 time 49846 ms
best 480433 step 893 time 231310 ms
best 480431 step 894 time 231390 ms
best 477257 step 904 time 234324 ms
done 0 61 48 77 79 13 41 17 37 67 58 51 92 63 70 54 74 24 47 80 87 86 38 16 82 35 91 69 88 9 23 34 84 42 94 65 22 64 7 72 12 14 4 19 52 66 20 33 6 76 73 28 60 27 68 50 81 78 100 89 43 56 96 83 59 1 93 97 31 49 62 53 95 29 3 55 75 36 39 45 98 30 44 85 46 11 32 99 25 15 71 40 57 21 26 18 2 90 5 8 10
best 477257
time 950033 ms
seed 2
