jobs 100
mach 20
init 0 10 55 3 14 62 80 74 16 81 94 24 38 83 46 29 76 23 75 71 68 11 15 26 96 64 91 84 57 25 98 52 19 100 41 18 82 33 9 49 27 66 92 70 77 93 54 63 34 36 95 6 13 97 12 21 30 69 56 4 73 51 61 43 42 67 1 88 50 39 79 2 17 78 35 72 31 32 59 58 7 86 37 8 28 5 53 20 45 48 87 60 90 40 44 65 85 89 99 22 47
best 617267
best 590616 step 1 time 1266 ms
best 590476 step 10 time 4676 ms
best 589564 step 35 time 12703 ms
best 588650 step 65 time 23141 ms
best 586095 step 66 time 23374 ms
best 584660 step 68 time 24451 ms
best 582559 step 74 time 26209 ms
best 580597 step 110 time 38728 ms
best 578715 step 183 time 63773 ms
best 575221 step 184 time 64175 ms
best 574382 step 185 time 64421 ms
best 572059 step 279 time 96261 ms
best 570606 step 280 time 96831 ms
best 570525 step 326 time 111843 ms
best 569880 step 327 time 112057 ms
best 569268 step 693 time 238253 ms
done 0 56 62 55 3 16 94 24 74 66 57 10 14 83 38 23 71 29 46 15 64 96 68 81 75 80 84 93 26 33 91 97 54 63 70 11 69 27 19 100 21 98 25 41 52 49 92 82 6 4 73 12 18 17 36 77 9 34 61 42 67 1 76 43 13 30 88 39 51 2 32 95 78 50 35 72 53 48 79 7 59 86 58 37 8 31 45 5 87 60 28 44 40 20 90 65 85 89 99 22 47
best 569268
time 950315 ms
seed 2
