jobs 100
mach 20
init 0 33 26 39 52 86 5 24 80 82 18 12 61 72 64 29 63 97 42 54 11 43 53 6 89 49 7 56 25 79 23 20 90 13 69 77 40 3 92 59 4 68 9 1 57 100 88 28 78 85 99 84 44 8 67 38 17 95 93 37 81 50 46 30 98 73 45 83 55 71 58 19 27 87 51 47 66 60 96 65 15 70 16 14 94 62 76 21 32 41 10 75 31 48 34 36 91 22 35 74 2
best 558311
best 546871 step 1 time 1142 ms
best 542060 step 2 time 1278 ms
best 541212 step 4 time 1974 ms
best 539947 step 6 time 2538 ms
best 538908 step 34 time 9554 ms
best 538545 step 40 time 10773 ms
best 533519 step 47 time 12450 ms
best 529947 step 71 time 18534 ms
best 528609 step 77 time 20540 ms
best 525009 step 78 time 20978 ms
best 521174 step 80 time 21560 ms
best 519063 step 2533 time 664332 ms
best 518285 step 3548 time 924985 ms
done 0 33 26 24 52 78 86 14 12 72 69 29 64 11 80 82 61 63 97 42 54 90 43 79 39 5 7 13 18 56 17 53 57 77 100 25 89 49 9 6 85 92 15 59 8 88 81 28 99 68 84 95 40 45 44 55 71 4 93 50 37 1 20 73 30 3 58 62 27 87 38 65 19 47 51 66 23 96 83 10 98 46 60 32 67 16 76 94 75 70 31 41 48 34 36 21 22 35 91 74 2
best 518285
time 950248 ms
seed 2
