jobs 100
mach 20
init 0 69 25 48 31 92 100 99 97 82 45 38 19 64 21 63 65 52 4 51 75 23 6 68 39 96 32 35 47 24 89 9 29 16 49 77 87 86 70 1 17 73 94 44 95 83 59 66 71 37 36 79 85 14 22 50 41 93 62 18 11 91 42 2 3 60 98 13 34 7 88 72 84 54 55 15 67 76 27 30 20 53 78 12 40 8 56 10 61 90 80 26 43 46 5 58 28 33 81 74 57
best 483033
best 481248 step 7 time 2361 ms
best 475220 step 8 time 2795 ms
best 475198 step 9 time 2916 ms
best 473520 step 14 time 4182 ms
best 472277 step 25 time 6889 ms
best 471330 step 27 time 7334 ms
best 471276 step 180 time 46131 ms
best 469289 step 184 time 47015 ms
best 467673 step 187 time 47855 ms
best 466015 step 189 time 48457 ms
best 464719 step 190 time 48773 ms
best 463282 step 211 time 53870 ms
best 462129 step 1004 time 252468 ms
best 459816 step 1266 time 320431 ms
best 457518 step 2436 time 616895 ms
best 456122 step 2437 time 617152 ms
done 0 69 25 48 31 92 4 38 97 75 1 19 21 65 99 9 45 64 63 82 24 51 96 16 100 35 32 52 73 91 23 39 95 68 87 86 49 77 29 6 89 22 70 50 66 83 17 59 44 71 94 98 85 37 36 42 79 18 60 88 62 41 11 93 67 7 34 3 72 13 15 2 14 47 78 40 84 53 90 54 46 55 30 20 61 80 26 8 56 10 27 76 33 12 5 58 43 81 28 74 57
best 456122
time 950094 ms
seed 2
