jobs 50
mach 20
init 0 17 2 30 47 42 22 21 10 31 49 25 48 13 44 45 37 6 38 28 18 29 34 36 8 43 41 4 24 32 46 7 11 5 12 23 33 39 20 3 1 16 14 27 35 26 40 50 15 19 9
best 7081
best 6072 step 1 time 91 ms
best 5998 step 21 time 650 ms
best 5779 step 45 time 1230 ms
best 5398 step 59 time 1564 ms
best 5304 step 117 time 2894 ms
best 5303 step 139 time 3386 ms
best 5214 step 141 time 3442 ms
best 5163 step 1639 time 37399 ms
best 5072 step 5772 time 130577 ms
best 4584 step 11753 time 263969 ms
done 0 17 2 30 22 10 42 21 45 47 48 13 6 18 29 44 37 38 25 34 4 27 31 49 36 8 43 41 24 32 28 5 46 7 11 12 15 23 33 20 39 14 1 3 16 35 26 40 50 19 9
best 4584
time 950010 ms
seed 2
