jobs 60
mach 20
init 0 26 41 25 58 11 4 3 9 12 37 30 24 43 33 48 21 27 22 34 38 57 7 18 19 17 46 5 35 56 60 6 59 52 2 15 39 51 23 14 1 47 50 16 13 28 40 36 32 10 31 29 44 53 54 55 8 42 49 20 45
best 135333
best 125603 step 1 time 115 ms
best 123705 step 2 time 170 ms
best 123638 step 3 time 216 ms
best 123231 step 11 time 460 ms
best 122036 step 12 time 496 ms
best 121691 step 13 time 529 ms
best 117595 step 20 time 760 ms
best 116967 step 24 time 857 ms
best 116879 step 3297 time 112715 ms
best 116810 step 12686 time 431199 ms
best 116454 step 12688 time 431263 ms
best 116320 step 17643 time 600667 ms
best 115687 step 17644 time 600726 ms
done 0 37 41 9 26 25 48 11 4 3 58 24 12 33 43 57 21 2 30 22 60 34 17 5 7 18 19 38 35 59 56 27 6 51 23 32 13 46 52 39 1 47 36 28 50 15 16 31 10 8 40 29 44 45 53 54 14 49 55 42 20
best 115687
time 950023 ms
seed 2
