jobs 60
mach 20
init 0 3 43 48 46 20 54 11 1 35 37 49 38 7 16 18 57 5 8 31 55 28 29 12 13 24 36 26 50 32 25 53 58 41 17 15 33 14 27 9 40 30 42 6 47 45 2 59 44 4 22 52 10 56 39 23 21 60 34 51 19
best 72030
best 70008 step 2 time 230 ms
best 69935 step 6 time 403 ms
best 66528 step 7 time 458 ms
best 66017 step 362 time 15470 ms
best 65712 step 367 time 15729 ms
best 65395 step 460 time 19761 ms
best 65073 step 509 time 22007 ms
best 64938 step 1748 time 73646 ms
best 64191 step 1962 time 82720 ms
best 64059 step 22040 time 902683 ms
done 0 3 43 48 46 49 54 11 1 24 36 35 37 20 38 7 8 57 16 55 31 18 5 28 15 29 13 41 26 50 53 12 25 32 45 58 9 4 27 44 14 30 33 42 40 17 6 2 59 34 47 22 19 10 56 23 21 60 52 39 51
best 64059
time 950028 ms
seed 2
