jobs 70
mach 20
init 0 38 61 69 11 63 23 14 12 68 64 25 13 29 59 70 17 46 58 44 20 34 9 10 40 41 15 60 3 7 24 54 67 47 22 51 36 18 6 4 65 52 66 42 8 33 57 27 53 16 32 31 50 1 37 5 21 56 48 26 55 35 45 39 62 2 30 28 49 19 43
best 215586
best 214144 step 7 time 655 ms
best 214000 step 11 time 885 ms
best 212309 step 12 time 973 ms
best 210929 step 16 time 1242 ms
best 210474 step 17 time 1340 ms
best 205972 step 18 time 1415 ms
best 204335 step 19 time 1489 ms
best 203995 step 24 time 1668 ms
best 202572 step 27 time 1811 ms
best 201409 step 44 time 3059 ms
best 200677 step 47 time 3222 ms
best 200370 step 48 time 3281 ms
best 199222 step 255 time 15963 ms
best 197180 step 338 time 21108 ms
best 196876 step 339 time 21201 ms
best 196290 step 970 time 62434 ms
best 196167 step 9592 time 635052 ms
best 195885 step 9593 time 635110 ms
best 195707 step 14342 time 949086 ms
done 0 38 11 69 61 14 25 64 13 29 68 12 17 63 15 44 20 9 10 66 59 22 40 7 23 34 60 46 58 24 70 54 67 3 41 33 51 36 47 18 65 6 4 42 27 31 8 57 32 1 5 53 52 26 16 50 21 48 37 55 35 56 62 45 39 30 28 2 19 49 43
best 195707
time 950095 ms
seed 2
