jobs 70
mach 20
init 0 24 27 64 38 18 26 56 34 10 42 15 41 17 62 52 65 54 50 19 20 6 57 53 59 12 11 30 14 25 13 63 45 31 58 9 44 8 16 36 7 66 47 55 69 39 49 29 33 22 28 23 2 43 4 68 35 5 70 1 21 60 61 67 51 32 48 37 40 3 46
best 166981
best 165094 step 1 time 213 ms
best 160354 step 2 time 327 ms
best 153553 step 4 time 464 ms
best 150564 step 13 time 1047 ms
best 150522 step 14 time 1111 ms
best 148431 step 15 time 1182 ms
best 148417 step 16 time 1201 ms
best 145903 step 17 time 1320 ms
best 145898 step 25 time 1885 ms
best 145591 step 133 time 9212 ms
best 142893 step 144 time 10044 ms
best 140586 step 146 time 10185 ms
best 139879 step 174 time 12179 ms
best 139612 step 409 time 27736 ms
done 0 24 27 64 38 15 18 10 20 6 41 56 26 17 42 13 31 34 54 65 45 62 50 59 52 14 25 53 57 12 69 30 11 63 8 16 55 58 9 36 44 47 66 29 7 33 22 19 43 49 68 23 2 4 21 39 28 67 1 5 32 70 60 35 61 51 3 48 37 40 46
best 139612
time 950055 ms
seed 2
