jobs 70
mach 20
init 0 53 28 15 59 13 41 10 51 3 14 21 25 32 49 6 43 22 61 18 37 46 9 58 4 52 16 63 20 36 55 11 47 12 48 42 29 57 68 67 31 65 1 35 66 30 54 70 39 40 26 38 24 27 62 19 2 56 34 44 69 23 7 45 60 50 64 17 33 5 8
best 154621
best 150245 step 1 time 246 ms
best 149663 step 2 time 279 ms
best 139077 step 3 time 374 ms
best 138509 step 5 time 499 ms
best 138237 step 6 time 537 ms
best 135071 step 7 time 639 ms
best 132555 step 8 time 718 ms
best 132483 step 21 time 1638 ms
best 131757 step 22 time 1706 ms
best 131211 step 25 time 1911 ms
best 127420 step 28 time 2205 ms
best 127392 step 29 time 2299 ms
best 126976 step 433 time 29178 ms
best 126318 step 516 time 34327 ms
best 126303 step 517 time 34361 ms
best 125568 step 2283 time 153435 ms
best 125168 step 2358 time 158377 ms
best 124876 step 6864 time 452671 ms
best 124715 step 14254 time 942776 ms
done 0 53 25 59 41 28 15 43 51 21 3 10 9 61 58 13 49 6 14 22 47 68 52 32 62 16 37 46 63 4 48 20 57 36 31 35 11 29 55 12 65 1 30 54 42 67 38 70 27 40 39 66 26 24 56 19 60 2 34 18 64 33 44 69 23 7 45 50 8 17 5
best 124715
time 950081 ms
seed 2
