jobs 70
mach 20
init 0 27 35 31 12 9 68 14 46 25 53 32 51 4 2 21 56 66 39 47 34 10 1 65 17 50 19 59 36 38 22 30 64 41 62 67 23 24 61 7 8 16 33 6 18 69 57 43 20 54 70 5 52 15 40 60 58 63 29 3 49 44 26 48 11 37 13 55 28 45 42
best 126266
best 126156 step 1 time 191 ms
best 125821 step 5 time 496 ms
best 122059 step 9 time 778 ms
best 121291 step 54 time 3794 ms
best 120156 step 70 time 5051 ms
best 119662 step 71 time 5094 ms
best 118789 step 72 time 5224 ms
best 118542 step 590 time 42093 ms
best 118029 step 1311 time 93145 ms
best 117975 step 1314 time 93366 ms
best 117167 step 3652 time 265205 ms
best 116755 step 3661 time 265796 ms
best 116507 step 3667 time 266282 ms
best 116261 step 6107 time 445141 ms
best 116216 step 7845 time 570224 ms
best 115835 step 8134 time 590908 ms
best 114900 step 8136 time 591049 ms
best 114886 step 8138 time 591198 ms
best 114883 step 8139 time 591285 ms
done 0 8 35 25 31 4 32 9 68 46 12 65 14 53 51 2 21 56 19 10 23 47 39 34 1 17 50 7 36 22 64 59 38 30 41 6 62 24 15 67 61 18 16 52 69 66 57 58 70 43 20 54 5 60 29 49 33 63 40 3 37 28 13 48 11 44 27 55 26 45 42
best 114883
time 950013 ms
seed 2
