jobs 70
mach 20
init 0 15 11 43 53 51 61 26 24 23 5 42 14 49 69 8 52 35 62 55 45 59 56 64 37 17 57 68 27 34 44 6 4 28 48 70 40 2 29 50 25 16 21 67 31 20 65 41 13 18 7 66 22 12 19 33 36 9 60 63 32 30 58 47 54 46 1 39 10 38 3
best 128143
best 123976 step 1 time 206 ms
best 120612 step 3 time 438 ms
best 119882 step 4 time 565 ms
best 116553 step 5 time 716 ms
best 115150 step 125 time 8845 ms
best 114868 step 176 time 12103 ms
best 114729 step 178 time 12189 ms
best 114552 step 185 time 12616 ms
best 114037 step 186 time 12663 ms
best 113951 step 187 time 12699 ms
best 113785 step 190 time 12877 ms
best 113617 step 191 time 12930 ms
best 113560 step 827 time 55227 ms
best 112939 step 1281 time 85942 ms
best 112890 step 5433 time 362131 ms
best 112858 step 5434 time 362175 ms
done 0 4 43 15 51 53 61 11 26 24 23 5 14 52 45 8 35 62 59 42 68 55 13 56 69 37 49 17 57 64 6 25 18 70 28 29 50 34 48 44 40 2 16 41 21 67 31 65 20 7 27 9 66 22 12 33 36 60 63 32 19 47 30 58 39 54 46 10 1 38 3
best 112858
time 950036 ms
seed 2
