jobs 70
mach 20
init 0 6 11 3 43 60 58 18 57 35 62 14 55 5 21 9 70 54 69 56 38 42 13 15 30 50 53 44 17 52 63 41 28 2 67 64 22 65 32 40 31 29 47 26 68 19 34 46 8 1 20 59 45 4 10 16 24 27 51 66 36 25 61 39 48 23 33 49 12 37 7
best 142890
best 133815 step 1 time 208 ms
best 132916 step 2 time 287 ms
best 132421 step 4 time 442 ms
best 131840 step 5 time 514 ms
best 131015 step 9 time 790 ms
best 129810 step 10 time 900 ms
best 129738 step 142 time 8713 ms
best 128774 step 358 time 22652 ms
best 128354 step 359 time 22741 ms
best 127393 step 597 time 38129 ms
best 127179 step 599 time 38238 ms
best 127156 step 3540 time 222506 ms
best 127098 step 3946 time 247751 ms
best 126693 step 5839 time 367431 ms
done 0 6 54 60 18 35 14 9 3 43 57 62 55 5 11 50 69 38 21 58 70 42 13 56 8 17 30 15 44 53 52 63 41 28 2 65 64 22 32 26 29 40 31 1 68 67 19 34 47 46 20 4 27 51 66 36 24 61 10 59 16 25 45 39 48 23 33 12 49 7 37
best 126693
time 950023 ms
seed 2
