jobs 80
mach 20
init 0 20 68 26 46 65 25 24 54 27 35 43 72 14 76 22 39 70 10 66 71 2 41 60 38 9 61 64 34 11 13 47 15 53 5 51 31 56 17 50 18 48 59 57 80 52 33 49 12 40 45 23 69 62 16 30 42 37 74 44 75 1 4 3 78 28 32 36 6 55 67 77 21 58 19 8 63 29 73 79 7
best 248571
best 248183 step 1 time 471 ms
best 245641 step 2 time 615 ms
best 242909 step 3 time 910 ms
best 239911 step 4 time 1001 ms
best 239187 step 5 time 1145 ms
best 238806 step 6 time 1266 ms
best 237699 step 38 time 5253 ms
best 236656 step 47 time 6250 ms
best 236335 step 80 time 9812 ms
best 236257 step 81 time 9928 ms
best 234706 step 107 time 12914 ms
best 234656 step 108 time 13025 ms
best 234134 step 111 time 13318 ms
best 233992 step 129 time 15302 ms
best 233290 step 150 time 17793 ms
best 231364 step 156 time 18487 ms
best 229936 step 196 time 23094 ms
best 229304 step 299 time 34710 ms
best 229111 step 454 time 52147 ms
best 228921 step 915 time 105386 ms
best 228175 step 940 time 108057 ms
best 225170 step 1071 time 123089 ms
done 0 68 20 71 46 60 65 9 25 26 24 76 27 22 70 39 14 43 72 10 66 54 35 42 2 41 53 61 64 34 56 47 50 38 51 52 18 31 33 5 59 11 17 49 15 40 75 69 4 57 80 45 23 48 62 13 12 28 74 1 37 44 30 3 78 36 55 32 67 16 21 6 77 19 8 58 29 63 73 79 7
best 225170
time 950048 ms
seed 2
