jobs 80
mach 20
init 0 67 22 54 7 16 42 5 18 64 39 75 23 14 19 58 66 80 77 49 38 51 72 40 60 34 63 26 69 3 35 11 50 47 27 74 52 46 1 48 56 15 79 25 9 33 45 6 4 62 78 21 61 65 41 73 8 37 29 31 68 36 17 43 28 57 53 59 70 10 20 13 2 71 12 24 76 44 55 32 30
best 222646
best 222591 step 2 time 557 ms
best 222262 step 125 time 13168 ms
best 220269 step 239 time 24530 ms
best 220068 step 260 time 27018 ms
best 220032 step 262 time 27254 ms
best 219716 step 273 time 28309 ms
best 219450 step 274 time 28428 ms
best 219409 step 276 time 28619 ms
best 219084 step 1094 time 117652 ms
best 218223 step 1752 time 189746 ms
best 217641 step 1753 time 189830 ms
best 217119 step 2617 time 282859 ms
best 216842 step 6753 time 734532 ms
done 0 67 22 54 16 7 49 39 77 5 18 64 23 58 66 42 14 19 51 80 38 3 72 33 75 34 27 40 26 63 11 35 69 50 47 48 6 74 68 46 1 56 15 79 21 45 65 4 60 25 62 78 52 37 41 29 9 61 31 8 28 36 59 73 53 76 17 43 57 12 71 20 70 55 10 2 24 13 44 30 32
best 216842
time 950006 ms
seed 2
