jobs 80
mach 20
init 0 5 9 52 75 28 32 49 60 48 35 39 74 36 31 21 11 10 18 4 73 44 13 24 69 61 68 64 33 1 43 70 59 25 12 7 34 22 14 23 46 26 8 17 45 57 16 51 66 55 37 6 76 50 29 20 2 15 62 63 30 80 56 38 42 72 58 41 71 78 79 19 65 77 53 47 3 54 40 67 27
best 198073
best 195293 step 3 time 428 ms
best 192578 step 4 time 496 ms
best 191344 step 10 time 1173 ms
best 191282 step 11 time 1217 ms
best 190572 step 44 time 4916 ms
best 189099 step 48 time 5273 ms
best 189002 step 231 time 23948 ms
best 188121 step 419 time 44345 ms
best 187230 step 2774 time 288179 ms
done 0 5 9 52 75 28 48 74 49 60 35 39 36 21 18 44 31 59 11 10 32 68 4 23 64 33 13 1 24 61 69 25 7 34 62 43 2 12 57 70 14 73 46 45 8 26 16 51 17 66 6 37 22 30 50 29 20 15 76 42 55 72 80 58 56 38 19 41 71 63 78 3 79 65 77 53 54 47 40 67 27
best 187230
time 950056 ms
seed 2
