jobs 80
mach 20
init 0 47 37 28 36 77 79 61 27 23 56 80 6 69 58 59 71 7 11 75 12 14 55 26 18 33 9 43 53 54 22 45 40 16 42 30 51 38 21 32 66 63 5 24 52 65 70 8 13 49 74 34 4 50 72 64 10 46 15 29 17 67 62 60 35 57 48 1 76 41 20 2 25 39 3 73 78 31 44 68 19
best 328277
best 327800 step 1 time 284 ms
best 311333 step 3 time 910 ms
best 310456 step 5 time 1059 ms
best 310062 step 6 time 1114 ms
best 306579 step 8 time 1311 ms
best 306085 step 11 time 1600 ms
best 304276 step 12 time 1684 ms
best 301178 step 13 time 1752 ms
best 300103 step 14 time 1824 ms
best 296560 step 154 time 18223 ms
best 295975 step 155 time 18319 ms
best 295261 step 283 time 31758 ms
best 294828 step 284 time 31806 ms
best 293251 step 384 time 42474 ms
best 292086 step 391 time 43185 ms
best 290644 step 398 time 43880 ms
best 290642 step 684 time 74057 ms
best 289854 step 686 time 74230 ms
best 289590 step 689 time 74590 ms
best 289075 step 968 time 104125 ms
best 286875 step 5087 time 545004 ms
done 0 47 79 36 59 23 77 28 56 6 37 12 22 61 80 75 7 55 14 38 71 70 27 26 69 16 11 33 74 53 54 51 18 43 42 5 45 30 24 52 21 8 32 58 62 66 60 49 63 67 65 9 46 35 34 17 57 4 72 50 13 48 20 64 40 2 15 10 29 76 41 39 25 3 1 73 78 31 68 44 19
best 286875
time 950087 ms
seed 2
