jobs 80
mach 20
init 0 55 1 71 45 70 2 13 72 67 43 6 15 74 34 36 54 68 7 47 22 37 50 25 26 27 32 23 48 17 9 29 53 46 65 39 40 33 61 16 51 8 4 35 49 66 52 18 75 38 5 3 14 60 42 21 57 78 73 20 56 41 64 63 80 58 19 62 30 59 79 11 69 31 76 28 44 77 10 24 12
best 188520
best 185104 step 5 time 984 ms
best 181555 step 7 time 1340 ms
best 180794 step 12 time 2198 ms
best 180690 step 18 time 3228 ms
best 179714 step 20 time 3442 ms
best 177778 step 30 time 4834 ms
best 177388 step 47 time 7096 ms
best 177285 step 234 time 31815 ms
best 176515 step 306 time 41797 ms
best 175286 step 346 time 47485 ms
best 175088 step 1188 time 164105 ms
best 174942 step 1355 time 187279 ms
best 174347 step 1410 time 195271 ms
best 174054 step 1411 time 195411 ms
best 173589 step 2026 time 278966 ms
best 173539 step 2129 time 293929 ms
best 173511 step 2500 time 344425 ms
best 173261 step 3255 time 446839 ms
best 173043 step 3256 time 446981 ms
best 172358 step 3802 time 521400 ms
done 0 55 2 1 45 13 43 68 67 71 70 34 6 54 7 8 72 47 36 74 22 37 48 26 50 46 51 65 23 27 78 18 32 39 25 40 53 35 17 9 29 33 61 4 49 52 66 75 38 5 3 57 15 60 42 21 56 16 41 73 14 79 58 64 63 76 11 80 77 59 19 31 28 20 62 30 44 24 69 12 10
best 172358
time 950044 ms
seed 2
