jobs 80
mach 20
init 0 19 3 24 45 78 1 42 63 75 33 20 66 14 49 61 12 7 46 59 22 41 31 10 44 76 71 27 56 60 11 69 6 17 79 57 34 53 4 30 38 48 26 72 73 32 28 77 15 50 29 35 21 39 9 64 74 51 8 16 67 80 2 5 40 62 18 70 25 47 68 58 43 54 36 23 13 55 37 65 52
best 189411
best 186620 step 1 time 432 ms
best 185762 step 2 time 566 ms
best 185705 step 3 time 722 ms
best 184099 step 7 time 1134 ms
best 180548 step 8 time 1218 ms
best 179283 step 9 time 1297 ms
best 178723 step 77 time 9016 ms
best 178098 step 129 time 14747 ms
best 177703 step 136 time 15404 ms
best 177397 step 137 time 15550 ms
best 176907 step 150 time 17212 ms
best 176822 step 362 time 42282 ms
best 176601 step 1456 time 169287 ms
best 176578 step 1472 time 171289 ms
best 175683 step 1474 time 171478 ms
best 175676 step 6125 time 720776 ms
best 174374 step 6294 time 740880 ms
done 0 19 3 24 45 42 46 1 76 63 75 78 14 7 61 12 20 56 29 22 27 49 44 41 57 33 31 60 10 11 17 71 69 72 51 34 35 53 4 66 30 48 26 5 32 59 15 79 77 73 28 50 39 9 74 8 16 67 80 25 21 2 68 64 40 62 54 47 38 58 23 18 36 70 6 13 43 55 37 65 52
best 174374
time 950045 ms
seed 2
