jobs 80
mach 20
init 0 70 25 41 53 47 17 18 71 29 62 2 63 57 14 58 19 42 11 66 65 76 20 38 21 15 37 79 23 4 52 3 72 12 59 6 13 75 74 22 77 54 28 61 39 30 73 26 33 50 35 78 60 7 1 24 55 49 67 10 34 40 27 46 36 64 44 31 8 43 32 80 9 5 69 48 45 68 51 56 16
best 267329
best 259714 step 1 time 467 ms
best 258275 step 24 time 3399 ms
best 257800 step 27 time 3661 ms
best 252503 step 28 time 3817 ms
best 245711 step 31 time 4337 ms
best 245688 step 229 time 27515 ms
best 244882 step 231 time 27718 ms
best 243747 step 1152 time 136750 ms
best 243420 step 7558 time 894027 ms
done 0 66 25 19 29 18 41 57 14 53 47 17 62 12 42 58 71 50 65 11 52 4 63 76 20 2 21 15 38 73 79 55 70 37 59 6 75 74 72 22 28 3 30 13 39 26 77 35 7 1 78 54 61 60 23 33 10 67 24 34 40 36 64 31 27 44 43 46 8 32 80 9 49 5 69 48 68 56 16 51 45
best 243420
time 950066 ms
seed 2
