jobs 90
mach 20
init 0 35 46 32 79 90 75 50 80 45 26 43 71 41 2 64 70 61 13 63 85 76 66 39 29 24 17 20 44 52 1 25 87 49 56 82 47 51 8 23 57 58 27 37 7 3 48 62 15 88 36 19 83 77 84 89 53 73 72 30 16 28 86 60 10 74 5 34 68 18 14 21 42 9 38 55 69 11 6 78 33 65 40 67 4 81 22 54 59 31 12
best 378980
best 378186 step 1 time 519 ms
best 371566 step 4 time 1115 ms
best 366858 step 9 time 1902 ms
best 366818 step 35 time 7411 ms
best 366733 step 59 time 11445 ms
best 365874 step 118 time 22660 ms
best 358802 step 120 time 23051 ms
best 354530 step 128 time 24784 ms
best 351551 step 444 time 82211 ms
best 351127 step 3524 time 646441 ms
best 349657 step 4040 time 744504 ms
best 349456 step 4041 time 744665 ms
best 349179 step 4042 time 744837 ms
best 349067 step 4043 time 744969 ms
best 347027 step 4070 time 749752 ms
done 0 35 46 13 32 75 90 50 45 43 26 80 79 29 64 1 61 60 63 70 44 20 88 39 66 25 24 82 49 41 89 48 17 52 76 56 87 47 51 8 23 57 62 58 37 3 7 15 19 27 36 77 34 84 16 5 85 28 73 72 30 86 2 53 14 10 55 83 71 67 21 42 9 38 74 33 68 18 6 78 11 40 69 54 65 4 12 81 22 59 31
best 347027
time 950101 ms
seed 2
