jobs 90
mach 20
init 0 9 75 1 20 53 26 64 73 59 18 28 83 49 68 35 70 72 39 21 45 55 77 19 52 8 32 29 42 44 25 13 40 7 14 54 69 17 16 63 6 57 30 84 4 74 50 67 27 36 89 66 48 65 23 31 81 62 87 43 86 41 82 85 38 34 88 12 60 78 3 33 61 5 22 46 11 80 10 79 47 37 71 24 51 2 76 56 90 15 58
best 412411
best 404230 step 1 time 1065 ms
best 401323 step 2 time 1194 ms
best 396990 step 5 time 2115 ms
best 396545 step 9 time 3037 ms
best 395689 step 13 time 3764 ms
best 395320 step 15 time 4114 ms
best 393885 step 17 time 4507 ms
best 393708 step 19 time 5034 ms
best 392373 step 55 time 11206 ms
best 390825 step 74 time 14781 ms
best 389092 step 76 time 15179 ms
best 384983 step 148 time 27315 ms
best 383555 step 614 time 108284 ms
best 383549 step 4492 time 776714 ms
done 0 47 26 53 9 73 75 20 64 83 55 18 28 49 68 35 72 39 30 8 40 59 45 87 1 70 69 36 77 89 13 7 25 32 63 29 42 5 21 54 17 16 6 48 4 14 57 27 50 67 65 62 81 31 66 88 19 86 23 38 52 41 10 74 43 60 82 44 12 79 85 34 22 33 84 3 15 61 37 71 24 78 80 51 11 76 90 46 56 58 2
best 383549
time 950218 ms
seed 2
