jobs 90
mach 20
init 0 52 13 65 5 30 88 66 57 75 53 67 81 1 51 32 61 55 42 60 72 20 4 44 2 43 8 64 63 76 7 77 73 3 80 39 22 68 90 86 87 24 50 27 70 31 46 78 19 16 10 25 69 47 12 40 82 21 11 79 85 49 89 26 37 56 38 17 23 71 83 14 58 34 15 35 29 36 33 28 84 48 54 74 6 18 59 62 9 41 45
best 304359
best 303927 step 1 time 507 ms
best 303607 step 3 time 867 ms
best 301230 step 37 time 6857 ms
best 300861 step 39 time 7173 ms
best 300275 step 40 time 7405 ms
best 298446 step 41 time 7689 ms
best 297180 step 42 time 7780 ms
best 296775 step 46 time 8401 ms
best 293390 step 55 time 10080 ms
best 292361 step 57 time 10425 ms
best 292308 step 58 time 10572 ms
best 292001 step 59 time 10806 ms
best 289722 step 579 time 98648 ms
done 0 5 52 30 88 13 64 65 66 75 44 57 42 81 1 53 32 61 20 55 4 76 7 77 67 60 43 2 51 63 68 80 73 3 50 24 39 22 8 70 90 87 86 31 27 46 15 49 25 10 40 69 47 37 38 19 56 82 79 58 12 85 21 72 89 33 26 78 17 11 71 83 16 36 14 28 34 84 48 23 74 54 29 6 62 35 41 18 59 9 45
best 289722
time 950147 ms
seed 2
