jobs 90
mach 20
init 0 85 7 71 58 49 54 11 12 74 48 24 36 79 15 21 6 70 41 44 38 68 20 28 46 3 76 34 84 83 43 22 61 18 90 27 31 37 60 81 62 56 88 63 72 33 87 2 23 26 45 29 25 17 57 78 47 51 75 13 19 30 53 69 73 80 5 50 35 39 67 10 59 89 16 66 77 42 8 86 14 4 32 55 52 1 64 82 65 9 40
best 437399
best 429538 step 1 time 620 ms
best 427618 step 2 time 848 ms
best 424909 step 4 time 1156 ms
best 424577 step 6 time 1363 ms
best 423108 step 7 time 1551 ms
best 422337 step 8 time 1680 ms
best 416204 step 10 time 1912 ms
best 415816 step 11 time 2144 ms
best 414756 step 23 time 4160 ms
best 413989 step 25 time 4460 ms
best 410564 step 27 time 4827 ms
best 409513 step 37 time 6374 ms
best 407517 step 42 time 7062 ms
best 406924 step 47 time 7800 ms
best 406559 step 49 time 8053 ms
best 406515 step 56 time 9266 ms
best 406161 step 57 time 9401 ms
best 406006 step 58 time 9654 ms
best 405508 step 119 time 19383 ms
best 404637 step 121 time 19607 ms
best 403845 step 155 time 25198 ms
best 402983 step 157 time 25455 ms
best 401801 step 365 time 59749 ms
best 400512 step 371 time 60691 ms
best 400014 step 1913 time 307026 ms
best 399928 step 5632 time 916423 ms
done 0 48 49 54 36 85 74 58 12 24 11 7 71 15 21 6 70 90 20 79 41 46 38 27 44 28 84 31 76 68 17 57 3 43 22 75 37 60 81 83 88 62 61 45 18 87 34 33 26 72 23 25 2 63 35 67 51 89 19 29 50 47 66 30 53 69 56 13 5 59 80 16 10 39 42 55 77 73 8 78 14 4 65 9 52 1 82 64 86 32 40
best 399928
time 950110 ms
seed 2
