jobs 90
mach 20
init 0 52 85 12 57 31 33 2 69 81 24 21 71 54 11 14 48 75 79 42 45 32 87 34 37 50 39 68 43 17 28 5 46 88 78 40 19 82 26 22 15 90 1 27 70 61 4 10 63 29 23 18 6 59 86 13 55 25 77 53 67 8 49 76 58 73 20 41 47 80 83 56 89 35 72 7 62 65 44 64 16 3 36 66 60 84 74 38 51 9 30
best 404029
best 399531 step 2 time 665 ms
best 396321 step 3 time 904 ms
best 396061 step 17 time 3423 ms
best 390706 step 19 time 3840 ms
best 389598 step 20 time 3976 ms
best 388796 step 24 time 5046 ms
best 386885 step 29 time 5821 ms
best 384523 step 40 time 7545 ms
best 384469 step 41 time 7779 ms
best 382629 step 42 time 7970 ms
best 381795 step 43 time 8095 ms
best 379669 step 44 time 8321 ms
best 378064 step 56 time 10358 ms
best 376925 step 126 time 21848 ms
best 375496 step 139 time 23722 ms
best 374871 step 190 time 31729 ms
best 371551 step 191 time 31896 ms
best 370157 step 292 time 48616 ms
best 369848 step 988 time 172899 ms
best 369285 step 3579 time 624115 ms
best 368781 step 3580 time 624256 ms
done 0 52 85 12 57 31 2 33 21 77 14 67 42 24 81 54 10 5 71 88 45 48 32 46 11 78 25 17 28 43 34 75 23 69 26 68 40 37 87 22 79 27 39 18 82 86 70 4 29 61 19 50 1 6 55 49 90 15 53 76 59 80 20 63 58 65 83 56 73 47 89 35 72 13 8 36 3 41 44 64 7 62 66 60 74 16 38 84 51 9 30
best 368781
time 950067 ms
seed 2
