jobs 90
mach 20
init 0 55 16 47 69 27 89 42 1 54 60 28 78 10 8 90 81 51 64 73 29 30 39 68 53 36 52 63 34 32 2 45 14 31 49 12 11 88 48 40 80 71 13 70 9 25 5 26 86 37 59 4 77 83 82 66 24 41 65 56 57 23 7 3 74 58 62 76 19 61 87 35 17 46 21 44 15 67 72 18 22 79 84 85 43 38 20 6 33 50 75
best 426257
best 417732 step 1 time 579 ms
best 415480 step 2 time 807 ms
best 414277 step 5 time 1435 ms
best 413533 step 49 time 9929 ms
best 413093 step 50 time 10177 ms
best 412073 step 54 time 10840 ms
best 408658 step 55 time 11114 ms
best 407297 step 70 time 13526 ms
best 403419 step 230 time 42053 ms
best 399281 step 405 time 73274 ms
done 0 55 51 89 42 78 90 28 8 54 60 10 81 73 1 39 27 47 64 63 52 30 68 36 34 29 49 2 53 12 41 14 11 65 31 88 9 69 70 4 71 40 80 25 13 5 83 32 48 26 37 24 35 86 23 77 74 87 57 7 76 16 46 3 21 67 56 66 59 58 45 82 15 43 18 79 17 62 33 84 19 61 44 38 20 6 22 85 50 72 75
best 399281
time 950092 ms
seed 2
