jobs 90
mach 20
init 0 12 60 87 83 78 72 15 6 11 56 71 82 34 61 66 8 2 21 75 20 39 88 32 35 86 13 31 67 57 50 58 44 42 90 33 48 51 4 77 26 46 55 28 53 29 65 63 52 69 10 54 27 17 14 16 22 80 89 36 84 25 3 30 37 49 62 85 23 68 76 79 41 73 81 7 24 38 18 47 5 1 43 45 64 40 59 9 19 74 70
best 336912
best 333358 step 2 time 712 ms
best 328177 step 3 time 913 ms
best 326863 step 5 time 1158 ms
best 320825 step 10 time 2172 ms
best 320540 step 13 time 2523 ms
best 318628 step 15 time 3099 ms
best 316642 step 17 time 3527 ms
best 315442 step 68 time 13017 ms
best 315221 step 90 time 16193 ms
best 315043 step 173 time 31936 ms
best 314760 step 196 time 35668 ms
best 313423 step 201 time 36472 ms
best 312884 step 202 time 36590 ms
best 312189 step 562 time 97931 ms
best 311947 step 572 time 99136 ms
best 311847 step 576 time 99680 ms
best 311595 step 619 time 107349 ms
best 308665 step 644 time 111873 ms
best 308390 step 4924 time 852091 ms
best 308239 step 4925 time 852235 ms
done 0 12 60 78 72 34 55 15 6 71 11 82 66 56 88 61 87 51 84 46 83 57 52 67 8 35 50 21 39 13 31 2 20 32 42 44 77 58 90 33 10 48 26 28 4 37 65 69 30 75 54 53 27 29 89 3 17 80 14 22 49 16 63 86 36 79 25 85 76 41 23 73 81 62 9 18 68 1 7 24 5 47 43 45 19 64 59 70 38 74 40
best 308239
time 950128 ms
seed 2
