jobs 90
mach 20
init 0 66 23 12 85 44 1 55 9 7 78 81 11 53 17 65 61 64 16 80 57 43 2 58 37 60 82 27 42 10 6 83 36 49 56 76 84 63 35 48 33 46 50 45 51 3 75 18 8 47 14 52 77 19 32 70 71 39 4 59 62 31 67 26 24 13 87 68 74 28 5 73 38 90 86 88 15 25 69 21 30 34 89 29 54 72 79 20 41 22 40
best 357904
best 350372 step 1 time 879 ms
best 348796 step 2 time 1106 ms
best 348780 step 7 time 2080 ms
best 347039 step 25 time 6082 ms
best 347031 step 26 time 6414 ms
best 346625 step 27 time 6556 ms
best 346009 step 29 time 7177 ms
best 341251 step 34 time 8207 ms
best 340101 step 35 time 8425 ms
best 338495 step 36 time 8599 ms
best 336247 step 37 time 9144 ms
best 334976 step 38 time 9339 ms
best 334864 step 39 time 9682 ms
best 334628 step 42 time 10393 ms
best 332609 step 49 time 11836 ms
best 330761 step 63 time 14763 ms
best 330276 step 563 time 118699 ms
best 329846 step 564 time 118869 ms
best 329564 step 600 time 126718 ms
best 329396 step 855 time 177880 ms
best 328402 step 856 time 178107 ms
best 327147 step 857 time 178312 ms
best 326399 step 1394 time 287517 ms
best 325009 step 1396 time 288037 ms
done 0 23 12 78 1 65 81 80 7 9 46 16 44 53 85 55 17 56 26 64 57 82 27 42 11 6 63 37 60 36 43 76 10 83 49 35 58 84 31 2 45 33 3 18 39 32 47 50 77 70 71 52 59 75 8 67 73 24 48 90 61 62 14 66 51 19 13 74 28 4 5 25 68 41 87 88 30 86 89 69 29 15 38 34 21 79 20 40 22 54 72
best 325009
time 950151 ms
seed 2
