jobs 100
mach 20
init 0 61 13 41 17 77 79 51 70 80 37 58 67 16 66 38 22 7 54 24 12 87 86 23 82 94 20 91 9 52 69 35 34 64 74 63 47 76 78 14 4 92 42 19 72 65 100 60 1 56 43 50 33 6 95 84 89 49 27 68 83 73 93 96 28 31 97 62 53 48 45 15 59 81 55 39 98 29 3 88 75 44 71 40 99 36 85 46 11 25 30 21 26 32 18 2 57 8 90 5 10
best 512610
best 510130 step 1 time 834 ms
best 505384 step 2 time 1185 ms
best 500736 step 3 time 1377 ms
best 500320 step 4 time 1639 ms
best 495619 step 6 time 2175 ms
best 491802 step 13 time 3872 ms
best 489195 step 17 time 4818 ms
best 485712 step 97 time 26029 ms
best 484498 step 98 time 26249 ms
best 484046 step 225 time 58476 ms
best 483197 step 229 time 59594 ms
best 483071 step 230 time 59729 ms
best 481188 step 351 time 88036 ms
best 479451 step 352 time 88382 ms
best 479368 step 1183 time 300733 ms
best 478792 step 1660 time 420509 ms
best 478619 step 2966 time 747326 ms
done 0 61 48 77 79 41 51 37 58 17 67 13 92 74 38 70 80 86 23 54 24 12 35 63 22 42 87 91 69 9 52 94 34 16 28 82 14 65 64 33 76 19 84 4 20 27 7 6 66 73 60 72 89 47 100 43 1 81 78 68 50 95 53 96 88 93 56 59 83 31 97 39 49 29 3 45 62 55 36 30 75 85 98 32 99 25 21 71 11 46 44 90 26 15 18 40 57 2 8 10 5
best 478619
time 950078 ms
seed 11
