jobs 100
mach 20
init 0 52 22 99 21 26 29 25 2 36 61 95 30 13 83 50 1 35 17 15 80 69 85 55 11 96 8 14 86 57 81 38 3 32 19 53 31 40 63 47 23 92 75 27 10 59 24 87 94 16 45 89 68 72 91 56 28 37 51 41 44 54 66 73 18 100 33 65 67 98 58 79 7 90 48 78 34 97 77 5 43 93 4 74 70 76 20 49 42 62 46 6 60 64 39 88 9 84 82 71 12
best 483133
best 468876 step 1 time 791 ms
best 464736 step 2 time 974 ms
best 453781 step 3 time 1221 ms
best 453567 step 4 time 1406 ms
best 449017 step 5 time 1899 ms
best 448260 step 6 time 2130 ms
best 446127 step 15 time 4005 ms
best 441538 step 21 time 5335 ms
best 441020 step 30 time 7764 ms
best 440944 step 91 time 24133 ms
best 440211 step 93 time 24752 ms
best 439629 step 94 time 25088 ms
best 438313 step 95 time 25364 ms
best 438126 step 418 time 112147 ms
best 435168 step 421 time 112978 ms
best 435082 step 422 time 113218 ms
best 434998 step 1225 time 325830 ms
best 433166 step 1431 time 381919 ms
done 0 98 22 30 2 21 25 26 29 61 36 38 35 15 95 80 79 89 55 17 83 11 69 16 96 85 1 8 13 32 24 99 37 53 92 50 72 14 31 40 44 91 75 19 47 87 94 10 3 27 59 86 81 63 68 54 23 56 90 41 28 51 48 100 57 18 97 45 7 58 65 67 78 77 66 5 73 33 43 34 4 74 70 93 20 62 46 49 6 39 42 88 60 64 52 9 82 12 76 84 71
best 433166
time 950178 ms
seed 11
