jobs 100
mach 20
init 0 16 75 45 78 17 27 63 61 68 37 95 25 71 54 8 80 5 34 79 40 2 24 53 42 41 92 32 55 33 82 94 81 1 47 77 70 64 3 39 65 38 44 97 62 50 19 43 6 67 60 83 73 90 49 69 10 35 86 76 14 87 74 98 100 48 20 11 31 15 46 88 72 21 52 26 58 28 84 30 4 51 29 56 23 93 7 85 89 18 12 13 22 96 36 99 57 91 59 66 9
best 570375
best 542030 step 1 time 1051 ms
best 540387 step 3 time 1462 ms
best 539396 step 5 time 2467 ms
best 534763 step 7 time 3052 ms
best 531792 step 43 time 14442 ms
best 530443 step 53 time 16667 ms
best 528946 step 54 time 16888 ms
best 526657 step 61 time 19091 ms
best 526378 step 62 time 19213 ms
best 524572 step 64 time 19603 ms
best 522330 step 380 time 97521 ms
best 522060 step 482 time 123468 ms
best 521618 step 483 time 123739 ms
best 521140 step 890 time 223084 ms
best 521049 step 891 time 223149 ms
best 519725 step 1001 time 251294 ms
best 518758 step 1002 time 251352 ms
best 518632 step 1749 time 436427 ms
best 517393 step 3297 time 821146 ms
done 0 16 33 24 61 37 25 54 48 78 71 27 68 92 94 80 17 40 95 44 2 8 79 45 34 5 42 41 1 55 63 81 64 39 47 97 38 32 70 65 53 77 67 62 50 73 6 75 83 14 19 10 43 87 69 82 76 3 35 60 90 100 11 28 88 58 31 46 49 15 84 72 21 52 4 74 98 30 51 93 7 56 89 86 26 85 23 20 18 29 12 13 36 22 96 99 57 91 59 66 9
best 517393
time 950090 ms
seed 11
