jobs 100
mach 20
init 0 43 48 25 99 45 38 96 100 19 75 92 31 4 82 63 29 64 49 51 9 97 22 24 77 89 39 21 86 32 95 35 1 73 65 71 87 70 23 60 94 66 79 17 91 3 37 83 59 52 50 85 44 6 68 98 47 36 16 93 62 41 11 34 72 42 61 13 7 84 14 18 53 55 88 90 54 8 30 2 15 67 78 76 27 40 80 56 20 26 46 10 12 5 58 28 33 81 69 74 57
best 510096
best 501078 step 1 time 701 ms
best 496153 step 2 time 1077 ms
best 491288 step 4 time 1962 ms
best 483154 step 5 time 2865 ms
best 482211 step 10 time 4074 ms
best 481161 step 11 time 4251 ms
best 480457 step 26 time 7887 ms
best 476040 step 29 time 8595 ms
best 474419 step 30 time 8924 ms
best 474285 step 31 time 9232 ms
best 474129 step 32 time 9491 ms
best 474104 step 33 time 9640 ms
best 473693 step 34 time 10047 ms
best 472781 step 38 time 11042 ms
best 469440 step 225 time 61381 ms
best 468985 step 256 time 69950 ms
best 468595 step 257 time 70129 ms
best 468102 step 581 time 156469 ms
best 467974 step 582 time 156654 ms
best 467183 step 1734 time 465409 ms
best 466929 step 1737 time 466135 ms
best 466750 step 2979 time 788512 ms
done 0 69 25 48 31 92 61 1 21 82 96 75 4 38 97 35 63 64 23 19 51 24 9 100 73 65 77 49 89 87 45 39 29 16 71 22 83 52 32 95 70 86 60 68 50 66 94 59 37 17 91 85 44 36 99 79 6 14 47 42 11 7 34 98 18 88 93 72 13 62 41 3 8 40 90 2 15 67 30 84 53 78 55 54 46 76 27 80 26 56 10 20 33 12 5 58 43 28 81 74 57
best 466750
time 950157 ms
seed 11
