jobs 100
mach 20
init 0 56 62 74 66 46 57 94 16 83 81 3 55 24 14 38 15 76 29 75 91 10 26 52 68 11 98 23 64 71 97 54 21 25 39 96 19 49 100 82 27 70 33 80 63 41 13 12 18 9 84 36 6 73 67 92 77 93 69 34 43 88 17 4 78 79 2 50 30 51 32 61 59 1 95 60 7 42 5 35 72 53 31 86 8 44 37 48 58 28 20 87 90 65 85 45 89 40 99 47 22
best 616200
best 615466 step 1 time 620 ms
best 614317 step 7 time 2301 ms
best 611679 step 8 time 2541 ms
best 609512 step 9 time 2768 ms
best 605608 step 12 time 3562 ms
best 598385 step 13 time 3911 ms
best 592095 step 14 time 4297 ms
best 588617 step 60 time 16036 ms
best 587722 step 61 time 16366 ms
best 586540 step 71 time 18994 ms
best 586024 step 79 time 21122 ms
best 580922 step 82 time 21879 ms
best 580424 step 83 time 22031 ms
best 577157 step 88 time 23305 ms
best 574562 step 346 time 93820 ms
best 570293 step 402 time 108956 ms
best 570040 step 403 time 109268 ms
done 0 56 62 55 3 16 94 24 74 66 57 14 10 80 39 83 46 81 68 23 29 71 64 27 52 91 26 97 33 38 84 75 11 69 96 70 41 19 100 25 49 76 21 36 18 98 92 82 15 6 95 9 34 43 13 30 51 54 63 73 12 67 77 50 93 88 79 4 61 78 35 32 17 1 42 59 58 37 8 31 2 87 7 86 72 89 5 53 20 48 44 45 28 40 60 90 65 85 99 47 22
best 570040
time 950360 ms
seed 11
