jobs 100
mach 20
init 0 23 62 37 21 52 1 17 98 16 90 32 25 68 44 80 34 71 40 27 61 29 19 42 79 84 12 45 81 75 55 88 64 87 11 66 95 82 85 77 5 50 60 69 18 53 59 70 2 83 49 56 39 10 51 97 36 86 22 54 76 89 9 65 47 99 94 58 78 26 35 73 24 20 33 6 13 67 91 63 92 31 100 30 8 41 15 46 14 96 72 3 28 4 93 74 7 57 48 43 38
best 581848
best 571639 step 1 time 927 ms
best 564110 step 2 time 1251 ms
best 563899 step 4 time 1867 ms
best 562835 step 5 time 2064 ms
best 561068 step 7 time 2539 ms
best 559575 step 8 time 2940 ms
best 558361 step 15 time 4866 ms
best 553623 step 16 time 5407 ms
best 547992 step 21 time 7066 ms
best 546582 step 22 time 7386 ms
best 545779 step 25 time 8181 ms
best 545026 step 26 time 8435 ms
best 541218 step 27 time 8721 ms
best 536944 step 75 time 21777 ms
best 536696 step 214 time 58593 ms
best 536646 step 216 time 59209 ms
best 536303 step 462 time 121974 ms
best 536100 step 464 time 122553 ms
best 535429 step 1021 time 267028 ms
best 532096 step 2484 time 652924 ms
best 530177 step 2486 time 653766 ms
best 530153 step 2713 time 711716 ms
done 0 23 62 1 52 45 37 21 90 80 32 17 27 25 34 71 75 98 16 60 29 70 55 61 44 12 88 77 66 42 84 68 19 81 50 40 79 11 87 22 82 64 26 69 18 53 39 51 95 10 89 59 9 20 85 49 83 86 97 58 78 2 47 56 73 94 5 76 65 63 24 99 54 36 41 6 92 33 67 31 13 8 30 35 91 15 96 46 100 14 28 74 7 72 57 48 4 93 3 43 38
best 530153
time 950089 ms
seed 11
