jobs 100
mach 20
init 0 26 14 12 18 86 72 29 80 82 33 24 57 69 63 11 20 64 52 54 89 42 79 25 7 6 99 97 49 53 61 93 17 13 77 81 56 40 85 92 59 9 78 68 100 84 44 55 8 43 88 95 5 28 45 39 73 1 30 38 51 50 37 90 27 19 65 71 87 58 23 83 67 96 16 46 4 31 3 15 47 66 98 60 62 76 94 32 70 41 10 75 48 34 36 91 21 35 74 2 22
best 551362
best 545105 step 1 time 650 ms
best 542412 step 6 time 2070 ms
best 541909 step 7 time 2330 ms
best 540877 step 8 time 2564 ms
best 535013 step 9 time 3011 ms
best 529681 step 13 time 3841 ms
best 529630 step 14 time 3951 ms
best 529608 step 17 time 4993 ms
best 528846 step 29 time 8020 ms
best 524106 step 30 time 8214 ms
best 521649 step 159 time 39924 ms
best 520443 step 731 time 187922 ms
best 519963 step 772 time 198479 ms
done 0 33 26 24 52 78 86 14 12 72 64 29 80 57 69 11 82 53 61 63 42 54 79 18 17 89 43 56 25 5 13 68 90 49 59 7 97 99 40 9 88 92 28 77 100 8 81 84 6 95 85 44 55 71 4 93 50 37 1 20 15 3 45 19 73 30 46 39 96 27 67 38 65 87 47 51 58 23 66 83 98 62 60 76 94 32 16 70 41 10 75 31 74 48 34 36 21 35 91 2 22
best 519963
time 950083 ms
seed 11
