jobs 100
mach 20
init 0 91 27 26 13 87 72 63 67 92 80 22 97 16 5 88 70 68 99 41 34 12 23 24 47 86 96 37 6 98 25 33 61 30 71 50 55 89 43 52 39 17 93 84 54 18 100 36 94 51 69 20 32 46 45 79 73 35 83 2 75 82 3 1 10 15 42 95 49 7 21 60 4 29 90 85 76 48 56 78 74 31 64 53 57 62 9 81 11 65 19 40 66 77 59 44 14 28 38 8 58
best 375138
best 368899 step 1 time 743 ms
best 360796 step 8 time 2964 ms
best 359331 step 90 time 24414 ms
best 358562 step 92 time 25013 ms
best 358411 step 93 time 25378 ms
best 354466 step 143 time 38101 ms
best 352331 step 145 time 38955 ms
best 352251 step 147 time 39439 ms
done 0 87 22 86 26 63 27 72 97 92 80 67 99 37 33 50 16 41 5 88 68 91 70 93 47 34 25 61 23 6 71 1 30 89 55 12 94 51 13 96 54 100 75 39 17 43 36 24 32 69 20 84 18 46 45 83 82 15 2 73 98 79 52 10 4 42 95 3 35 49 7 21 60 29 31 11 85 53 62 9 76 56 90 81 48 78 74 64 19 40 57 65 44 38 58 14 66 28 59 8 77
best 352251
time 950305 ms
seed 11
