jobs 100
mach 20
init 0 47 52 73 51 24 23 65 53 35 18 19 16 70 79 8 54 58 100 98 38 31 3 74 96 88 81 45 91 67 60 20 33 37 86 44 1 36 21 63 10 99 80 85 75 69 90 17 82 43 2 34 41 46 83 61 76 89 56 71 48 29 42 15 11 93 92 26 50 57 28 6 97 13 59 72 94 30 40 7 22 27 84 62 12 95 64 87 32 14 68 4 66 55 25 39 5 77 49 9 78
best 476507
best 471364 step 1 time 1137 ms
best 470637 step 3 time 1559 ms
best 470462 step 4 time 1802 ms
best 470397 step 5 time 1974 ms
best 469055 step 6 time 2208 ms
best 466390 step 7 time 2553 ms
best 463721 step 11 time 3530 ms
best 460407 step 12 time 3747 ms
best 460272 step 121 time 30867 ms
best 460167 step 128 time 32366 ms
best 459066 step 162 time 40664 ms
best 457773 step 207 time 52731 ms
best 455753 step 208 time 52959 ms
best 454412 step 764 time 195097 ms
best 452502 step 993 time 257610 ms
best 451741 step 1993 time 515739 ms
best 451685 step 1994 time 515975 ms
best 451588 step 2685 time 691422 ms
done 0 88 73 100 16 52 23 51 18 24 53 58 35 19 70 1 98 54 38 31 2 3 45 91 63 37 67 34 56 65 10 96 33 17 79 20 74 21 99 8 69 83 75 80 76 85 89 82 86 44 29 36 43 81 41 46 60 15 50 61 71 93 90 48 28 92 42 72 11 59 94 26 97 30 22 13 47 84 68 57 6 40 32 62 64 14 95 66 87 5 27 7 12 77 55 4 25 39 49 9 78
best 451588
time 950347 ms
seed 11
