jobs 100
mach 20
init 0 67 75 71 11 16 4 60 92 56 54 2 53 83 13 96 94 86 10 20 100 47 91 17 76 69 59 23 82 64 58 36 21 89 25 95 46 43 44 41 33 81 6 49 84 55 32 15 52 65 98 38 57 37 99 97 30 1 78 39 12 85 73 74 14 63 19 8 40 51 45 70 7 18 29 42 26 62 3 34 35 28 22 90 80 50 27 31 24 68 87 66 93 9 72 48 61 79 5 77 88
best 480646
best 473845 step 1 time 1024 ms
best 469409 step 2 time 1255 ms
best 469394 step 3 time 1457 ms
best 467155 step 4 time 1678 ms
best 466466 step 5 time 1929 ms
best 466430 step 6 time 2221 ms
best 461443 step 7 time 2653 ms
best 461349 step 14 time 4391 ms
best 461253 step 17 time 5312 ms
best 457534 step 24 time 7355 ms
best 454946 step 134 time 35406 ms
best 454651 step 2632 time 705868 ms
done 0 67 75 71 11 16 4 60 92 44 2 83 94 54 86 65 56 76 33 17 10 91 20 53 82 58 59 64 39 21 23 100 89 47 25 32 95 36 34 69 43 46 96 49 84 55 98 81 97 30 1 52 37 38 99 6 57 78 15 41 12 73 13 40 19 63 74 26 8 70 29 42 35 45 62 18 51 27 85 31 7 50 90 80 3 14 93 22 24 68 28 72 88 79 9 66 5 87 48 61 77
best 454651
time 950199 ms
seed 11
