jobs 50
mach 20
init 0 46 16 38 35 20 31 42 47 21 32 43 12 40 26 11 36 45 48 33 28 6 44 23 10 9 14 25 17 15 18 2 8 3 50 7 13 41 37 39 49 27 4 1 29 22 19 5 24 34 30
best 28474
best 28426 step 1 time 61 ms
best 28280 step 3 time 104 ms
best 26095 step 8 time 208 ms
best 24717 step 11 time 270 ms
best 24448 step 12 time 284 ms
best 24398 step 17 time 390 ms
best 24309 step 22 time 493 ms
best 24181 step 120 time 2640 ms
best 24118 step 521 time 10760 ms
best 24015 step 522 time 10768 ms
best 23948 step 1513 time 30271 ms
best 23770 step 1939 time 38887 ms
done 0 46 43 16 35 38 47 32 42 20 31 48 21 33 12 26 11 36 45 28 6 44 17 10 9 14 23 19 25 7 40 15 2 8 18 50 13 41 49 39 22 27 1 4 29 37 3 24 34 30 5
best 23770
time 950024 ms
seed 11
