jobs 50
mach 20
init 0 20 44 38 16 17 46 1 13 24 21 34 19 3 2 48 42 40 28 25 33 41 12 23 29 36 43 5 22 7 32 4 14 37 30 50 27 49 6 26 10 15 18 8 31 11 39 9 45 35 47
best 44303
best 40056 step 2 time 104 ms
best 39845 step 10 time 271 ms
best 38995 step 79 time 1441 ms
best 38933 step 238 time 4456 ms
best 38453 step 241 time 4505 ms
best 38336 step 242 time 4516 ms
best 38206 step 1483 time 26248 ms
best 38184 step 1484 time 26285 ms
best 38162 step 7509 time 129760 ms
best 37844 step 7510 time 129783 ms
done 0 34 16 44 20 17 46 1 13 24 3 38 19 21 28 22 2 48 25 40 42 29 36 33 12 23 7 14 41 5 4 50 15 32 37 30 43 27 49 6 26 10 8 18 31 11 9 39 45 35 47
best 37844
time 950015 ms
seed 11
