jobs 50
mach 20
init 0 15 32 48 36 35 22 17 2 47 30 43 19 49 14 4 11 28 39 7 21 1 6 27 8 13 5 9 44 3 29 42 37 31 46 38 25 45 34 50 10 40 23 26 33 18 20 24 12 41 16
best 36353
best 34448 step 21 time 436 ms
best 34306 step 130 time 2280 ms
best 32646 step 131 time 2296 ms
best 32522 step 237 time 4033 ms
best 32428 step 479 time 8038 ms
best 32174 step 855 time 14106 ms
best 31858 step 860 time 14179 ms
best 31606 step 2099 time 34426 ms
done 0 32 36 15 35 2 22 7 39 47 30 43 31 19 14 11 4 1 21 17 6 49 28 13 8 5 27 46 3 29 42 44 48 20 9 38 25 45 34 50 37 40 23 10 26 33 18 12 41 24 16
best 31606
time 950012 ms
seed 11
