jobs 50
mach 20
init 0 33 10 50 8 45 18 11 17 1 29 31 37 20 3 48 6 39 35 44 9 41 13 2 4 43 34 46 22 19 47 32 12 26 36 24 38 14 25 21 30 7 15 42 16 23 49 40 5 27 28
best 15946
best 15156 step 5 time 127 ms
best 15076 step 7 time 178 ms
best 15041 step 8 time 198 ms
best 14650 step 9 time 231 ms
best 14534 step 15 time 346 ms
best 14225 step 21 time 462 ms
best 12952 step 39 time 815 ms
best 12069 step 61 time 1285 ms
done 0 33 18 10 45 8 29 11 50 1 37 9 20 3 48 17 6 31 41 39 35 43 44 2 4 13 46 34 22 19 14 47 32 36 12 5 26 24 38 25 21 7 30 15 42 16 23 49 40 27 28
best 12069
time 950011 ms
seed 11
