jobs 60
mach 20
init 0 19 55 3 15 38 46 12 29 24 22 27 33 50 20 60 51 1 4 35 37 5 57 16 13 45 18 41 2 9 58 49 10 11 26 40 25 7 47 23 59 48 43 39 52 53 44 17 34 28 21 14 42 54 56 8 6 36 30 31 32
best 72000
best 71704 step 4 time 240 ms
best 71624 step 5 time 275 ms
best 71549 step 6 time 347 ms
best 71134 step 28 time 1134 ms
best 70965 step 30 time 1202 ms
best 70805 step 128 time 4806 ms
best 70512 step 143 time 5194 ms
best 70243 step 188 time 6678 ms
best 70142 step 475 time 16896 ms
best 70071 step 668 time 24126 ms
best 69899 step 670 time 24190 ms
best 69611 step 1895 time 69664 ms
best 69480 step 4807 time 175435 ms
best 69449 step 5338 time 194139 ms
best 69362 step 5340 time 194198 ms
best 69022 step 6805 time 248839 ms
done 0 19 55 3 15 38 46 12 29 24 22 27 33 50 20 60 1 4 11 51 5 16 57 34 35 37 59 18 13 45 10 41 49 2 25 9 7 47 40 58 48 43 23 26 21 39 44 52 17 53 28 14 42 36 54 56 32 8 6 30 31
best 69022
time 950007 ms
seed 11
