jobs 60
mach 20
init 0 47 37 16 9 2 34 35 33 31 26 17 56 38 59 48 55 21 52 39 22 14 41 11 1 30 36 5 29 32 8 4 13 15 7 60 20 57 24 28 42 6 40 51 25 3 27 12 19 54 45 10 23 58 46 18 50 43 44 49 53
best 75631
best 74401 step 2 time 286 ms
best 73122 step 3 time 340 ms
best 72839 step 41 time 2097 ms
best 72242 step 108 time 5130 ms
best 72070 step 120 time 5739 ms
best 72031 step 136 time 6403 ms
best 71642 step 141 time 6658 ms
best 71443 step 153 time 7222 ms
best 71112 step 170 time 7970 ms
best 70752 step 315 time 14508 ms
best 70721 step 319 time 14631 ms
best 70088 step 581 time 25887 ms
best 70062 step 12515 time 555662 ms
best 69957 step 18072 time 800214 ms
best 69885 step 20584 time 910050 ms
best 69743 step 20588 time 910261 ms
done 0 47 31 16 34 56 9 21 33 26 17 2 38 28 48 5 55 52 35 39 42 36 14 41 1 59 11 30 22 29 32 8 7 4 13 60 20 15 57 24 46 51 25 18 27 19 54 3 37 6 10 40 58 12 23 49 45 50 43 53 44
best 69743
time 950008 ms
seed 11
