jobs 70
mach 20
init 0 43 15 23 13 61 11 26 4 5 14 53 51 8 45 35 62 59 49 42 52 24 56 40 55 37 69 64 68 57 6 18 70 28 29 50 34 48 2 25 44 16 21 17 67 31 20 65 7 41 9 63 66 22 12 19 33 32 60 30 27 58 47 10 36 39 54 38 1 46 3
best 119444
best 117218 step 1 time 257 ms
best 115952 step 59 time 4108 ms
best 114693 step 62 time 4330 ms
best 114170 step 231 time 15917 ms
best 113533 step 235 time 16332 ms
best 113154 step 863 time 59484 ms
best 113083 step 9742 time 679497 ms
done 0 4 43 15 51 53 61 11 26 24 23 5 14 52 45 8 35 62 59 42 68 55 13 56 69 37 49 64 17 57 50 6 18 34 70 63 28 29 40 2 48 44 25 16 21 67 41 31 65 20 7 9 19 22 66 33 12 32 60 30 27 58 47 10 36 39 54 38 1 46 3
best 113083
time 950061 ms
seed 11
