jobs 70
mach 20
init 0 13 53 54 26 67 45 34 15 10 56 37 7 42 60 57 5 55 17 33 23 52 69 24 49 44 21 22 32 59 6 35 11 28 9 8 30 47 4 70 12 63 25 61 40 16 14 50 65 58 38 43 19 46 68 41 39 64 18 51 27 31 20 1 36 62 66 48 29 3 2
best 155163
best 153608 step 2 time 334 ms
best 152316 step 6 time 556 ms
best 151110 step 24 time 1848 ms
best 147004 step 25 time 1950 ms
best 146271 step 48 time 3459 ms
best 145705 step 56 time 3936 ms
best 143923 step 60 time 4184 ms
best 143912 step 65 time 4490 ms
best 143764 step 81 time 5381 ms
best 142195 step 82 time 5442 ms
best 142176 step 83 time 5513 ms
best 141956 step 88 time 5890 ms
best 141425 step 93 time 6233 ms
best 140743 step 113 time 7578 ms
best 139250 step 2657 time 171723 ms
best 138623 step 2658 time 171784 ms
done 0 23 56 42 45 34 13 55 53 15 26 5 37 10 33 17 67 57 60 7 11 52 69 44 49 54 22 68 16 32 24 12 59 61 6 43 30 9 8 47 35 28 70 40 4 63 25 14 65 58 50 19 46 41 21 38 27 20 31 64 39 51 1 36 18 62 3 66 48 29 2
best 138623
time 950059 ms
seed 11
