jobs 70
mach 20
init 0 45 49 69 12 23 6 14 17 55 65 67 39 5 13 36 44 8 7 56 2 58 46 70 32 60 18 29 28 61 4 37 22 64 59 33 41 66 19 38 30 42 43 51 50 25 26 34 9 52 68 62 21 10 20 48 31 15 1 16 27 63 54 11 47 40 24 53 3 35 57
best 150602
best 146784 step 2 time 391 ms
best 144618 step 3 time 450 ms
best 142573 step 4 time 584 ms
best 142060 step 5 time 706 ms
best 141567 step 6 time 772 ms
best 140513 step 18 time 1575 ms
best 139711 step 20 time 1731 ms
best 138984 step 22 time 1808 ms
best 138727 step 91 time 6367 ms
best 137912 step 92 time 6439 ms
best 137529 step 433 time 30525 ms
best 136144 step 570 time 40900 ms
best 135960 step 571 time 40963 ms
best 135916 step 573 time 41083 ms
best 135024 step 1579 time 112347 ms
done 0 45 7 69 55 49 39 6 14 17 67 65 56 12 23 5 32 36 44 2 58 46 13 70 8 60 25 59 66 22 37 4 61 28 38 64 43 41 33 19 42 30 18 29 26 51 50 62 31 68 52 34 9 21 16 48 10 20 15 1 54 11 47 27 63 3 40 24 53 35 57
best 135024
time 950073 ms
seed 11
