jobs 70
mach 20
init 0 53 59 41 22 28 15 43 51 25 58 3 47 10 9 49 61 14 21 6 16 32 52 68 13 37 46 62 20 57 36 55 31 11 4 29 48 67 54 12 42 1 65 35 66 30 70 27 26 56 39 38 63 24 19 40 45 2 34 18 64 33 44 69 23 7 60 50 17 8 5
best 134516
best 134166 step 2 time 262 ms
best 132992 step 26 time 1699 ms
best 131770 step 36 time 2298 ms
best 130260 step 37 time 2360 ms
best 129311 step 40 time 2543 ms
best 129281 step 42 time 2635 ms
best 127524 step 52 time 3481 ms
best 127068 step 53 time 3601 ms
best 126752 step 55 time 3715 ms
best 124948 step 76 time 4892 ms
best 124600 step 9069 time 594853 ms
done 0 53 59 41 22 28 15 43 51 3 10 9 21 25 47 14 61 58 6 49 32 13 68 52 16 37 46 57 48 4 20 36 55 31 11 29 66 35 12 54 42 67 40 65 1 30 38 70 27 26 62 39 18 24 63 56 19 2 34 33 44 69 23 7 45 60 50 64 17 5 8
best 124600
time 950113 ms
seed 11
