jobs 70
mach 20
init 0 27 41 35 31 66 4 32 46 12 65 51 9 14 1 25 21 10 53 39 23 2 68 47 34 22 17 59 19 50 64 7 38 36 62 30 18 24 61 56 8 16 6 67 52 20 58 70 43 69 49 54 29 5 3 15 63 57 40 13 33 48 60 37 11 44 26 28 42 55 45
best 138614
best 136101 step 1 time 210 ms
best 134261 step 2 time 284 ms
best 132670 step 3 time 360 ms
best 132655 step 6 time 602 ms
best 132495 step 9 time 788 ms
best 127252 step 12 time 1012 ms
best 126416 step 16 time 1299 ms
best 125846 step 17 time 1415 ms
best 123896 step 18 time 1527 ms
best 123086 step 41 time 3436 ms
best 122124 step 43 time 3535 ms
best 121437 step 60 time 4985 ms
best 121213 step 61 time 5087 ms
best 120309 step 177 time 14930 ms
best 120227 step 178 time 15026 ms
best 119699 step 291 time 24722 ms
best 118649 step 670 time 57475 ms
best 117404 step 672 time 57645 ms
best 117036 step 6819 time 570863 ms
done 0 8 27 35 31 14 4 68 46 65 12 9 53 51 19 25 21 56 10 32 2 23 47 39 34 1 17 50 7 36 22 64 59 38 30 41 6 24 62 67 61 18 16 52 66 69 57 58 70 43 20 54 5 60 29 40 15 33 63 49 44 11 13 3 48 37 26 28 42 55 45
best 117036
time 950165 ms
seed 11
