jobs 70
mach 20
init 0 66 27 12 67 36 50 22 38 32 64 8 48 61 44 20 9 46 34 13 25 41 53 24 16 45 63 51 3 11 65 6 68 26 54 43 31 2 58 33 7 19 40 18 70 42 30 37 49 39 52 57 56 28 4 47 29 62 1 60 21 23 59 5 10 55 35 14 69 15 17
best 179830
best 179244 step 2 time 356 ms
best 178879 step 3 time 428 ms
best 178878 step 6 time 572 ms
best 175176 step 8 time 753 ms
best 174758 step 10 time 884 ms
best 174450 step 12 time 1056 ms
best 174347 step 18 time 1518 ms
best 172637 step 28 time 2182 ms
best 172595 step 29 time 2265 ms
best 167649 step 30 time 2360 ms
best 167288 step 31 time 2436 ms
best 165684 step 39 time 3024 ms
best 164805 step 358 time 25247 ms
best 162798 step 513 time 35865 ms
best 161045 step 873 time 60492 ms
best 161033 step 3961 time 275525 ms
best 160998 step 4901 time 342017 ms
done 0 23 12 22 67 36 24 50 27 38 63 66 51 48 8 61 44 13 45 25 53 32 9 16 43 34 41 65 37 11 64 3 6 54 2 68 26 58 42 20 31 33 46 19 40 70 56 49 57 1 7 39 52 28 4 47 29 55 62 18 21 5 10 30 60 35 14 59 15 69 17
best 160998
time 950041 ms
seed 11
