jobs 70
mach 20
init 0 6 54 60 18 35 62 58 3 14 57 11 21 55 38 64 69 5 9 43 50 70 41 42 13 56 15 30 53 17 52 63 2 44 65 32 26 22 67 29 1 40 31 68 19 34 47 46 20 59 28 4 8 45 27 16 10 51 66 36 25 61 39 24 33 48 23 49 12 37 7
best 134978
best 132701 step 1 time 303 ms
best 131403 step 12 time 1223 ms
best 131215 step 54 time 4035 ms
best 130911 step 147 time 9774 ms
best 130287 step 155 time 10172 ms
best 129487 step 156 time 10199 ms
best 128684 step 157 time 10278 ms
best 128669 step 191 time 12791 ms
best 128444 step 322 time 21388 ms
best 128413 step 892 time 58218 ms
best 128206 step 1188 time 77187 ms
best 128085 step 1213 time 78811 ms
best 127529 step 1396 time 91165 ms
best 127378 step 2014 time 131747 ms
best 127291 step 2160 time 140801 ms
best 127260 step 4633 time 298146 ms
best 127168 step 4634 time 298226 ms
best 127032 step 4636 time 298295 ms
best 126566 step 7527 time 483724 ms
done 0 6 54 55 60 3 18 35 14 57 62 5 9 21 58 43 70 69 11 38 64 50 42 13 56 8 17 30 15 52 1 44 63 2 53 41 22 32 26 29 28 40 31 67 68 19 34 47 46 20 24 65 59 45 4 51 66 36 61 10 27 16 39 25 33 49 12 48 23 37 7
best 126566
time 950012 ms
seed 11
