jobs 70
mach 20
init 0 47 34 32 53 28 56 38 70 3 16 20 4 2 50 41 55 15 42 64 27 54 26 22 68 13 21 25 12 7 33 11 30 14 1 10 52 35 36 45 57 37 17 6 8 44 65 9 39 67 59 48 62 63 24 61 66 46 40 69 60 29 43 51 31 5 18 23 58 19 49
best 153100
best 152745 step 4 time 563 ms
best 151656 step 5 time 692 ms
best 147300 step 6 time 879 ms
best 146680 step 110 time 9118 ms
best 146577 step 148 time 12666 ms
best 146543 step 151 time 12891 ms
best 146095 step 353 time 30109 ms
best 145987 step 596 time 50953 ms
best 145828 step 599 time 51300 ms
best 145823 step 1948 time 166027 ms
best 145457 step 1949 time 166162 ms
best 145442 step 3265 time 278738 ms
best 145251 step 7181 time 609996 ms
best 144813 step 10239 time 867964 ms
best 144618 step 10911 time 924821 ms
done 0 47 34 32 16 27 53 70 20 56 38 3 4 41 50 64 21 55 26 42 11 2 12 68 13 15 39 7 54 14 22 1 65 10 30 52 33 36 35 57 28 45 44 67 37 6 25 8 9 63 17 48 62 66 24 61 69 59 46 29 51 18 60 43 40 31 19 23 58 5 49
best 144618
time 950009 ms
seed 11
