jobs 80
mach 20
init 0 47 79 36 59 23 77 28 22 38 58 12 56 55 7 37 6 61 40 80 14 74 71 16 11 53 69 51 26 54 18 33 30 42 43 9 75 62 60 27 5 63 52 21 8 32 66 24 65 4 35 45 50 70 17 67 49 10 34 72 57 2 13 15 48 64 73 46 41 76 29 25 20 31 39 3 1 78 68 19 44
best 299306
best 296648 step 5 time 841 ms
best 294268 step 21 time 2587 ms
best 290166 step 50 time 5631 ms
best 289773 step 340 time 37261 ms
best 288714 step 3209 time 353661 ms
best 288628 step 3226 time 355500 ms
best 288386 step 3413 time 376226 ms
done 0 47 79 36 59 23 77 28 75 38 56 6 37 12 61 55 7 22 40 14 80 69 51 45 11 70 27 26 16 18 33 74 54 43 71 9 42 53 30 49 8 13 52 32 63 5 24 65 21 58 66 67 35 10 34 17 57 60 64 62 4 72 50 46 15 76 48 29 2 3 41 39 25 20 31 73 1 19 68 44 78
best 288386
time 950124 ms
seed 11
