jobs 80
mach 20
init 0 47 26 53 25 72 69 5 18 79 1 15 2 48 21 59 55 32 43 45 30 3 67 77 44 31 28 29 78 4 76 12 9 27 40 73 39 74 63 19 57 71 50 11 80 51 65 62 14 17 16 75 70 66 64 36 68 60 24 6 20 22 52 46 42 56 13 35 41 33 8 10 58 34 7 37 49 23 38 54 61
best 241224
best 231177 step 1 time 517 ms
best 230608 step 2 time 857 ms
best 230288 step 3 time 933 ms
best 230072 step 13 time 2001 ms
best 229035 step 14 time 2131 ms
best 228163 step 15 time 2373 ms
best 227981 step 22 time 3327 ms
best 227863 step 57 time 8243 ms
best 226944 step 58 time 8335 ms
best 219056 step 76 time 11293 ms
best 218769 step 138 time 19216 ms
best 217770 step 139 time 19403 ms
best 215692 step 143 time 20031 ms
best 215491 step 144 time 20213 ms
best 215470 step 145 time 20397 ms
best 215304 step 541 time 76132 ms
best 214285 step 543 time 76450 ms
best 213851 step 3094 time 425764 ms
best 212958 step 3095 time 425903 ms
best 212860 step 6313 time 872369 ms
done 0 47 5 26 21 72 53 1 15 59 48 25 2 18 45 43 77 76 30 3 44 31 67 78 55 4 80 69 71 29 12 40 22 73 39 9 16 63 57 27 19 50 74 32 11 79 75 51 14 65 62 17 42 41 70 66 64 13 36 24 28 68 60 56 7 49 46 35 6 20 33 52 10 58 34 8 37 23 38 54 61
best 212860
time 950046 ms
seed 11
