jobs 80
mach 20
init 0 16 58 54 60 22 23 18 7 42 67 5 19 77 14 39 66 51 80 3 64 38 34 26 75 50 63 69 35 72 47 68 40 79 11 1 56 46 9 33 41 27 62 21 49 48 61 45 74 78 31 52 53 15 65 4 29 73 8 36 25 37 6 17 57 28 43 71 10 59 12 20 70 13 2 24 76 44 55 32 30
best 244959
best 240568 step 1 time 447 ms
best 240450 step 5 time 867 ms
best 236390 step 9 time 1261 ms
best 232398 step 12 time 1747 ms
best 226992 step 18 time 2436 ms
best 225638 step 25 time 3387 ms
best 225049 step 26 time 3486 ms
best 224885 step 32 time 4295 ms
best 224791 step 33 time 4346 ms
best 224662 step 37 time 4751 ms
best 223312 step 41 time 5087 ms
best 223107 step 98 time 11145 ms
best 221237 step 160 time 18399 ms
best 220722 step 161 time 18517 ms
best 220479 step 570 time 62509 ms
best 220283 step 1481 time 163130 ms
best 219748 step 1482 time 163223 ms
best 218582 step 1483 time 163333 ms
best 218362 step 1485 time 163492 ms
best 218083 step 1489 time 163955 ms
best 217870 step 2165 time 239054 ms
best 217392 step 6370 time 702545 ms
done 0 67 22 54 7 16 23 18 64 39 5 77 42 14 19 58 66 63 80 72 75 33 27 49 38 51 40 26 34 69 3 74 11 46 50 47 1 48 56 60 25 35 62 21 79 68 45 6 41 4 78 29 9 61 31 15 65 53 59 52 73 37 17 8 28 36 57 20 13 43 71 10 12 70 76 2 24 44 55 32 30
best 217392
time 950085 ms
seed 11
