jobs 80
mach 20
init 0 38 56 47 3 21 59 17 64 34 57 32 50 31 15 67 72 18 66 71 4 62 29 54 11 2 43 41 49 60 7 23 27 69 63 13 39 22 42 52 14 8 30 44 19 78 58 68 45 48 36 76 55 46 33 40 74 75 35 61 73 53 28 6 25 10 80 79 16 77 20 12 51 9 26 65 5 24 1 37 70
best 302434
best 301321 step 1 time 372 ms
best 299542 step 3 time 535 ms
best 298289 step 4 time 711 ms
best 298018 step 9 time 1333 ms
best 297057 step 10 time 1498 ms
best 294670 step 11 time 1637 ms
best 292479 step 24 time 2915 ms
best 287910 step 26 time 3157 ms
best 287185 step 28 time 3388 ms
best 286838 step 147 time 19906 ms
best 286609 step 243 time 33249 ms
best 286401 step 304 time 40836 ms
best 285328 step 649 time 86597 ms
best 283535 step 651 time 86846 ms
best 283533 step 1226 time 162128 ms
best 282892 step 1256 time 165975 ms
done 0 38 56 47 31 59 57 54 64 32 17 15 3 72 50 7 34 21 60 67 66 71 4 62 29 43 49 2 74 18 41 13 44 69 19 52 14 73 36 48 30 23 8 20 39 22 45 76 75 46 25 63 58 55 40 27 53 35 42 78 33 77 28 68 10 80 61 16 11 51 9 65 79 26 24 1 12 6 5 37 70
best 282892
time 950024 ms
seed 11
