jobs 80
mach 20
init 0 12 70 45 1 43 37 2 68 72 54 55 67 71 6 8 34 7 74 47 46 9 13 22 50 26 27 78 48 23 18 53 17 25 40 32 29 35 39 33 49 61 16 75 66 52 36 51 65 64 4 80 60 57 42 15 5 14 21 73 59 56 20 38 3 58 41 79 63 76 11 69 77 28 19 62 30 44 24 31 10
best 194350
best 191129 step 3 time 530 ms
best 181048 step 4 time 741 ms
best 180709 step 5 time 903 ms
best 180464 step 7 time 1091 ms
best 179861 step 8 time 1248 ms
best 179634 step 10 time 1565 ms
best 179193 step 18 time 2507 ms
best 178264 step 24 time 3260 ms
best 178216 step 25 time 3365 ms
best 176826 step 71 time 9310 ms
best 176526 step 80 time 10372 ms
best 176462 step 84 time 10895 ms
best 175874 step 87 time 11219 ms
best 174698 step 90 time 11463 ms
best 174399 step 91 time 11549 ms
best 174295 step 93 time 11805 ms
best 174164 step 1437 time 175029 ms
best 173613 step 1438 time 175138 ms
done 0 55 2 1 45 70 67 71 13 43 68 7 72 78 34 6 36 54 8 74 47 37 22 26 50 25 65 46 32 48 23 29 27 53 17 51 40 35 9 39 4 33 49 61 66 52 38 75 16 3 18 60 57 15 42 21 56 41 64 63 14 5 73 20 80 58 19 62 30 79 59 24 11 76 69 12 28 44 77 10 31
best 173613
time 950137 ms
seed 11
