jobs 80
mach 20
init 0 19 3 24 45 78 42 75 1 56 20 63 41 14 61 12 46 76 60 10 11 49 71 31 7 22 29 57 27 17 33 79 72 69 16 34 66 48 44 30 53 26 4 5 59 15 73 35 28 8 77 40 32 51 38 58 74 67 80 25 21 2 39 9 64 50 62 18 68 70 23 37 54 55 13 43 36 6 47 52 65
best 192347
best 191501 step 1 time 521 ms
best 190238 step 2 time 642 ms
best 189873 step 4 time 1050 ms
best 189843 step 14 time 2634 ms
best 189401 step 15 time 2796 ms
best 187690 step 16 time 3017 ms
best 187663 step 17 time 3128 ms
best 187142 step 27 time 4434 ms
best 186557 step 32 time 5060 ms
best 184952 step 33 time 5304 ms
best 179726 step 71 time 10534 ms
best 179483 step 93 time 13661 ms
best 178512 step 95 time 13896 ms
best 178379 step 96 time 14010 ms
best 177625 step 1800 time 260448 ms
best 176746 step 1806 time 261224 ms
done 0 19 3 24 45 78 42 75 1 49 63 41 14 61 7 20 12 46 56 44 31 10 22 27 71 76 60 72 33 11 69 17 29 79 57 34 53 4 66 30 48 26 5 32 59 15 77 50 73 28 51 35 21 39 9 74 8 16 67 80 40 2 68 25 64 38 70 62 54 47 23 18 43 36 6 55 13 58 37 65 52
best 176746
time 950054 ms
seed 11
