jobs 80
mach 20
init 0 66 62 25 53 18 41 47 71 29 17 42 57 14 58 19 2 22 50 11 1 15 65 52 76 38 4 63 37 12 21 13 70 55 73 79 6 59 75 74 72 28 61 30 39 35 7 78 67 54 60 33 26 24 3 20 49 77 23 10 40 44 46 34 36 8 80 64 31 27 43 5 32 9 69 16 56 51 68 45 48
best 262692
best 262180 step 2 time 497 ms
best 261100 step 4 time 644 ms
best 260065 step 6 time 855 ms
best 257561 step 7 time 1043 ms
best 256819 step 12 time 1589 ms
best 255414 step 18 time 2682 ms
best 254978 step 20 time 2885 ms
best 253700 step 46 time 5724 ms
best 253388 step 82 time 10050 ms
best 251760 step 90 time 10880 ms
best 249715 step 120 time 14073 ms
best 249423 step 124 time 14433 ms
best 249388 step 125 time 14518 ms
best 247780 step 126 time 14661 ms
best 246205 step 127 time 14900 ms
best 245979 step 128 time 15057 ms
best 245971 step 129 time 15196 ms
best 245210 step 217 time 25449 ms
best 245057 step 220 time 25709 ms
best 244739 step 1294 time 151407 ms
best 243368 step 1942 time 227750 ms
best 243353 step 4084 time 482656 ms
best 243225 step 4087 time 483087 ms
done 0 66 25 19 29 2 18 41 57 14 53 62 12 47 17 42 58 71 50 65 11 52 4 63 76 20 38 21 23 70 55 22 37 15 73 79 59 6 75 77 30 74 72 28 35 13 39 1 61 60 26 78 3 54 34 10 7 67 33 24 40 9 36 64 31 46 49 8 44 69 43 5 80 27 32 16 45 68 56 51 48
best 243225
time 950151 ms
seed 11
