jobs 90
mach 20
init 0 36 72 78 34 60 15 55 11 83 82 6 61 31 56 71 66 51 12 39 86 46 57 32 35 88 13 77 21 20 50 58 67 44 42 33 69 90 52 10 48 26 28 65 29 30 22 8 4 2 54 53 27 17 75 89 87 3 14 80 84 37 16 63 23 85 49 81 25 62 41 68 76 24 73 79 9 7 18 43 47 5 1 64 59 45 38 19 74 70 40
best 334420
best 334244 step 1 time 540 ms
best 332990 step 2 time 741 ms
best 328246 step 5 time 1202 ms
best 317507 step 6 time 1409 ms
best 316410 step 7 time 1517 ms
best 316190 step 71 time 12118 ms
best 315319 step 73 time 12484 ms
best 315072 step 126 time 20660 ms
best 313208 step 128 time 20877 ms
best 312658 step 146 time 23789 ms
best 311186 step 148 time 24129 ms
best 310855 step 702 time 115114 ms
best 310339 step 703 time 115322 ms
best 310295 step 704 time 115482 ms
best 309179 step 708 time 116058 ms
best 308444 step 709 time 116289 ms
best 308440 step 710 time 116369 ms
done 0 12 60 78 55 75 72 15 6 34 66 11 56 71 82 61 87 83 52 67 51 21 46 57 2 20 39 88 8 35 50 13 10 32 31 58 90 33 48 44 42 26 28 4 53 22 77 69 54 80 29 65 86 27 89 3 30 17 14 16 84 37 63 36 25 49 62 85 73 23 81 68 79 41 7 76 24 70 43 45 38 18 47 59 9 19 64 5 74 1 40
best 308440
time 950034 ms
seed 11
