jobs 90
mach 20
init 0 5 52 13 30 88 57 66 44 65 55 75 53 1 34 7 42 67 64 81 63 60 51 3 4 8 87 43 61 20 76 77 68 2 39 50 24 80 22 32 73 46 27 19 70 90 31 10 25 69 47 40 21 86 26 56 82 49 16 37 38 17 79 15 85 89 33 72 11 28 48 78 58 71 36 14 12 23 74 45 35 83 29 59 6 62 84 54 9 41 18
best 309065
best 308021 step 1 time 609 ms
best 306522 step 2 time 839 ms
best 301512 step 4 time 1292 ms
best 300823 step 20 time 4125 ms
best 300019 step 21 time 4376 ms
best 299898 step 22 time 4493 ms
best 299818 step 23 time 4734 ms
best 299330 step 35 time 7362 ms
best 298681 step 40 time 8442 ms
best 297873 step 41 time 8689 ms
best 297764 step 42 time 8818 ms
best 297391 step 43 time 9107 ms
best 293839 step 51 time 11036 ms
best 293414 step 53 time 11520 ms
best 293079 step 67 time 14303 ms
best 292022 step 69 time 14623 ms
best 291901 step 333 time 66891 ms
best 290945 step 337 time 67587 ms
done 0 5 52 13 88 64 65 66 57 81 30 75 44 53 42 1 61 20 7 77 67 55 60 4 43 2 51 32 80 63 76 50 24 73 3 22 68 87 8 31 46 39 70 90 27 86 19 16 49 26 10 25 40 69 47 12 37 56 48 82 79 17 36 89 21 33 11 78 74 72 38 71 83 85 14 58 34 15 23 28 6 62 35 29 18 59 84 54 9 41 45
best 290945
time 950023 ms
seed 11
