jobs 90
mach 20
init 0 12 51 37 70 11 60 26 42 6 27 61 7 16 65 19 15 45 17 34 69 59 56 35 10 40 71 58 32 2 77 75 43 52 13 8 84 30 9 50 80 1 74 76 87 54 78 24 88 67 73 39 72 49 29 81 89 41 14 20 66 90 55 79 68 48 46 44 85 86 22 82 63 57 4 23 53 25 31 5 3 18 21 36 64 62 38 33 83 47 28
best 430897
best 428727 step 1 time 640 ms
best 422136 step 7 time 2092 ms
best 419733 step 8 time 2218 ms
best 418292 step 25 time 5387 ms
best 414786 step 26 time 5635 ms
best 409266 step 32 time 6716 ms
best 408067 step 37 time 7390 ms
best 407273 step 42 time 8162 ms
best 407238 step 44 time 8477 ms
best 405976 step 45 time 8662 ms
best 404954 step 558 time 102888 ms
best 401727 step 560 time 103232 ms
done 0 12 51 10 61 70 45 65 7 19 11 60 50 42 43 6 27 15 84 52 17 34 75 58 59 56 32 16 2 69 35 77 40 68 22 29 8 30 88 1 81 74 55 24 67 87 37 66 80 73 72 54 71 63 90 9 78 39 49 26 48 85 44 79 53 76 41 31 14 13 89 20 57 46 4 23 5 25 36 3 62 21 33 86 18 82 47 64 38 28 83
best 401727
time 950099 ms
seed 11
