jobs 90
mach 20
init 0 59 55 47 69 51 78 42 27 10 8 64 54 60 81 73 1 39 89 36 71 28 52 63 2 90 49 62 41 14 31 37 30 53 11 48 88 32 29 19 57 7 70 80 25 13 5 83 34 26 40 12 77 68 86 66 24 76 9 4 45 82 23 35 17 67 3 58 16 74 56 61 65 87 46 33 18 21 79 22 43 84 85 44 72 15 20 6 38 50 75
best 436875
best 428093 step 1 time 653 ms
best 427709 step 3 time 1086 ms
best 426634 step 5 time 1426 ms
best 426149 step 6 time 1702 ms
best 423141 step 9 time 2346 ms
best 420996 step 10 time 2575 ms
best 420357 step 13 time 3089 ms
best 420041 step 23 time 4758 ms
best 414162 step 24 time 5002 ms
best 413513 step 25 time 5117 ms
best 410943 step 29 time 5880 ms
best 410628 step 52 time 9590 ms
best 407300 step 53 time 9947 ms
best 404846 step 59 time 11015 ms
best 402817 step 141 time 26614 ms
best 401036 step 2813 time 510307 ms
best 400925 step 3738 time 681596 ms
done 0 55 16 47 64 51 8 42 28 78 90 54 60 10 73 1 71 39 81 53 27 36 89 30 52 34 49 41 2 37 14 29 63 31 12 11 70 62 68 48 88 9 40 23 69 80 13 7 32 25 26 5 77 83 35 86 66 87 4 82 74 24 76 67 56 59 18 65 3 58 17 57 46 33 44 45 21 43 15 84 19 61 20 85 6 72 79 38 22 50 75
best 400925
time 950038 ms
seed 11
