jobs 90
mach 20
init 0 47 85 64 40 49 55 18 75 32 1 53 83 68 28 20 59 73 35 74 39 52 54 72 70 26 45 29 30 89 8 14 77 87 86 57 21 25 7 63 6 19 44 69 9 4 50 65 62 42 48 27 13 67 41 31 33 66 17 82 34 23 36 38 10 88 12 60 80 78 51 43 5 22 16 3 37 84 79 81 11 15 61 71 24 90 46 2 76 56 58
best 434230
best 429087 step 1 time 603 ms
best 426153 step 2 time 815 ms
best 419064 step 5 time 1639 ms
best 418608 step 6 time 1829 ms
best 416516 step 8 time 2199 ms
best 415768 step 9 time 2460 ms
best 413638 step 11 time 2775 ms
best 412699 step 12 time 2935 ms
best 406768 step 13 time 3212 ms
best 402864 step 16 time 3883 ms
best 396837 step 17 time 4140 ms
best 392373 step 20 time 4782 ms
best 391132 step 96 time 20153 ms
best 390833 step 97 time 20361 ms
best 389457 step 98 time 20605 ms
best 388149 step 114 time 23857 ms
best 387152 step 148 time 31461 ms
best 386194 step 159 time 34058 ms
best 383912 step 174 time 37241 ms
best 383741 step 263 time 56680 ms
best 383038 step 1869 time 374506 ms
best 382557 step 3204 time 653377 ms
done 0 9 53 1 73 26 75 20 64 83 59 55 49 68 35 70 72 39 45 30 18 44 8 40 21 28 77 32 25 89 29 42 85 87 13 7 17 54 69 57 14 16 63 22 52 6 50 74 4 48 43 67 36 65 62 81 31 66 86 88 23 27 38 19 60 82 34 33 47 41 80 78 84 79 5 46 10 3 11 12 76 37 71 15 61 24 51 56 90 2 58
best 382557
time 950042 ms
seed 11
