jobs 90
mach 20
init 0 28 76 4 89 58 30 35 5 42 69 46 12 31 62 53 33 55 80 25 77 27 44 52 9 36 57 54 65 17 32 66 72 29 14 26 45 6 83 64 43 79 13 73 3 90 70 78 48 37 1 67 61 2 85 39 81 60 50 88 15 87 7 34 71 59 20 74 41 24 84 10 63 51 75 8 21 47 23 11 38 40 19 82 16 68 49 18 22 86 56
best 366584
best 366433 step 2 time 543 ms
best 366403 step 3 time 641 ms
best 364939 step 4 time 776 ms
best 361868 step 5 time 887 ms
best 361032 step 18 time 2543 ms
best 359841 step 19 time 2724 ms
best 358418 step 21 time 2945 ms
best 358016 step 22 time 3012 ms
best 357355 step 25 time 3348 ms
best 354939 step 30 time 4147 ms
best 354839 step 31 time 4235 ms
best 354447 step 32 time 4434 ms
best 354098 step 42 time 6250 ms
best 352587 step 44 time 6633 ms
best 351819 step 82 time 12823 ms
best 350272 step 89 time 13936 ms
best 349980 step 94 time 14778 ms
best 348835 step 95 time 15087 ms
best 347592 step 96 time 15295 ms
best 344361 step 248 time 38126 ms
best 343632 step 252 time 39030 ms
best 342530 step 625 time 102303 ms
best 342511 step 626 time 102389 ms
best 342476 step 627 time 102493 ms
best 342469 step 628 time 102606 ms
best 340494 step 1111 time 182153 ms
done 0 42 69 35 4 76 80 12 30 58 89 53 62 46 65 31 25 54 27 55 77 5 32 9 33 17 44 36 57 67 37 52 28 45 6 14 26 66 64 83 72 81 79 70 13 78 1 43 88 73 50 29 85 48 87 39 2 90 60 61 3 15 74 7 34 20 59 41 24 84 10 63 51 75 71 8 21 47 38 11 82 68 22 19 40 16 86 18 49 23 56
best 340494
time 950117 ms
seed 11
