jobs 90
mach 20
init 0 35 71 32 79 75 50 90 43 80 26 34 13 61 89 53 66 64 29 1 39 63 25 24 41 45 17 52 82 49 5 88 76 20 47 8 51 87 23 57 62 58 37 3 7 19 27 72 85 48 15 84 16 56 77 46 44 74 73 60 83 28 86 36 30 10 55 14 21 2 70 9 38 11 68 18 6 78 33 40 81 4 67 42 69 65 59 54 22 31 12
best 370424
best 369687 step 4 time 1564 ms
best 368699 step 7 time 2385 ms
best 367339 step 9 time 2728 ms
best 365990 step 13 time 4035 ms
best 361433 step 16 time 4744 ms
best 359580 step 66 time 15569 ms
best 359188 step 128 time 29363 ms
best 358930 step 129 time 29629 ms
best 358800 step 161 time 37110 ms
best 358401 step 238 time 53371 ms
best 358213 step 241 time 54122 ms
best 357720 step 346 time 77724 ms
best 357260 step 347 time 77901 ms
best 356824 step 423 time 94980 ms
best 356528 step 433 time 96685 ms
best 356000 step 434 time 96945 ms
best 355449 step 435 time 97137 ms
best 354155 step 564 time 127271 ms
best 353521 step 571 time 128742 ms
best 353366 step 760 time 172076 ms
best 353001 step 823 time 185450 ms
best 351330 step 1099 time 247291 ms
best 350767 step 2008 time 451629 ms
done 0 35 46 13 32 71 45 79 75 50 43 26 90 61 80 63 60 1 64 41 89 76 88 70 66 39 29 24 20 17 44 82 25 49 27 47 19 8 58 23 87 57 62 48 56 51 77 37 3 85 7 15 34 84 16 5 2 83 52 36 73 72 30 86 74 14 28 53 68 18 38 55 10 21 11 33 9 4 67 78 42 40 6 69 65 54 81 22 59 31 12
best 350767
time 950174 ms
seed 11
