jobs 90
mach 20
init 0 48 49 54 85 58 7 71 74 11 36 18 70 79 6 41 12 43 44 3 46 38 20 57 26 15 21 76 90 31 83 28 84 27 88 81 17 62 22 29 37 87 75 68 45 33 34 2 23 25 89 60 56 13 59 47 72 61 63 51 19 53 69 80 5 50 66 30 35 24 73 78 10 42 8 39 86 67 82 16 55 14 32 65 77 1 4 52 40 9 64
best 431315
best 420158 step 1 time 663 ms
best 419613 step 2 time 811 ms
best 418828 step 4 time 1092 ms
best 415134 step 6 time 1433 ms
best 413959 step 28 time 5002 ms
best 413629 step 47 time 8236 ms
best 408775 step 48 time 8532 ms
best 405519 step 52 time 9102 ms
best 403891 step 193 time 31757 ms
best 403691 step 200 time 32585 ms
best 403429 step 1259 time 217239 ms
best 402744 step 1260 time 217405 ms
best 401349 step 1282 time 220318 ms
best 400518 step 1283 time 220454 ms
done 0 48 49 54 36 85 74 58 71 12 24 11 7 15 21 6 70 79 41 27 44 28 90 46 38 20 3 76 68 43 84 18 61 60 31 88 81 17 57 62 22 51 75 83 87 45 29 34 33 2 23 25 47 72 37 26 35 63 67 50 19 66 30 53 69 56 80 5 13 59 89 16 77 73 78 10 42 8 39 14 4 32 55 52 1 9 82 65 64 40 86
best 400518
time 950017 ms
seed 11
