jobs 90
mach 20
init 0 52 85 12 2 20 57 78 33 19 75 54 5 42 14 46 24 67 39 81 48 34 32 25 17 71 87 43 10 79 37 68 45 11 63 21 82 88 23 22 1 59 4 18 86 70 27 31 28 26 40 55 6 61 29 49 56 69 90 58 80 50 15 53 35 65 76 73 72 13 77 41 47 8 36 3 44 89 64 7 83 16 60 66 74 38 84 51 9 62 30
best 402528
best 397440 step 1 time 742 ms
best 393562 step 3 time 1382 ms
best 393021 step 4 time 1625 ms
best 391341 step 11 time 2852 ms
best 387298 step 14 time 3320 ms
best 384402 step 15 time 3546 ms
best 383303 step 20 time 4440 ms
best 380277 step 22 time 4636 ms
best 379765 step 72 time 12679 ms
best 379177 step 73 time 12874 ms
best 378796 step 99 time 17163 ms
best 377166 step 123 time 21148 ms
best 374608 step 169 time 28967 ms
best 372729 step 171 time 29257 ms
best 372498 step 174 time 29592 ms
best 371074 step 175 time 29752 ms
best 370704 step 176 time 29864 ms
best 370227 step 208 time 35034 ms
best 369801 step 3249 time 542924 ms
done 0 52 85 57 12 2 20 33 90 14 67 31 42 71 45 46 24 81 34 88 48 32 10 63 43 37 87 17 5 75 23 54 18 79 27 69 40 22 11 68 82 26 78 86 25 39 70 4 1 59 6 61 19 28 15 50 58 49 21 29 55 80 76 53 73 47 56 83 72 13 77 35 65 36 8 66 41 62 3 44 89 64 7 84 74 16 60 51 9 30 38
best 369801
time 950062 ms
seed 11
