jobs 100
mach 20
init 0 48 75 31 25 97 82 100 45 19 21 38 65 35 96 23 92 4 68 63 6 51 64 9 22 29 39 24 1 37 86 17 73 52 32 91 77 95 71 87 83 50 66 62 94 44 70 99 85 59 60 89 49 41 36 16 14 47 42 11 93 40 79 13 98 34 7 67 54 3 18 88 78 72 2 84 76 20 53 90 8 15 10 12 55 61 30 80 56 46 28 27 33 26 5 58 43 69 81 74 57
best 501265
best 491599 step 1 time 1068 ms
best 491221 step 2 time 1301 ms
best 490751 step 14 time 4433 ms
best 487349 step 16 time 4915 ms
best 481577 step 17 time 5214 ms
best 478645 step 18 time 5591 ms
best 476762 step 20 time 5911 ms
best 475273 step 21 time 6153 ms
best 472928 step 23 time 6884 ms
best 472568 step 65 time 18008 ms
best 472077 step 67 time 18629 ms
best 466831 step 78 time 21216 ms
best 465454 step 502 time 133944 ms
best 465275 step 811 time 214215 ms
best 465012 step 1888 time 502058 ms
best 464602 step 1889 time 502298 ms
best 464359 step 1891 time 502903 ms
done 0 31 75 25 1 92 4 48 38 97 73 23 19 21 65 99 82 63 9 64 51 100 35 22 77 49 89 24 29 16 45 68 86 39 32 96 95 52 87 70 47 71 44 50 66 60 94 79 85 37 83 17 36 59 91 3 6 14 41 42 11 34 72 98 93 8 40 67 7 2 15 13 62 88 76 20 18 53 78 55 61 90 30 80 84 56 26 5 54 46 10 27 33 12 58 43 28 69 81 74 57
best 464359
time 950039 ms
seed 9
