jobs 100
mach 20
init 0 67 75 71 89 11 4 92 94 53 56 60 2 16 83 17 54 86 13 10 20 74 76 58 91 23 82 47 65 59 100 64 25 33 32 36 95 43 81 69 41 46 96 49 84 55 97 21 30 6 98 38 57 40 52 37 15 39 19 12 99 73 44 1 78 34 63 45 35 27 8 70 26 29 42 62 14 18 51 28 85 31 7 50 3 24 22 90 80 66 9 68 93 72 5 87 48 61 88 79 77
best 483321
best 472720 step 1 time 837 ms
best 472202 step 2 time 1000 ms
best 471828 step 8 time 2575 ms
best 470092 step 10 time 3142 ms
best 467813 step 13 time 4150 ms
best 465717 step 17 time 5223 ms
best 465645 step 19 time 5735 ms
best 465041 step 67 time 17334 ms
best 464825 step 68 time 17565 ms
best 461496 step 74 time 19608 ms
best 460482 step 76 time 20012 ms
best 459332 step 77 time 20287 ms
best 459061 step 78 time 20528 ms
best 455093 step 79 time 20769 ms
best 454795 step 80 time 20975 ms
best 454128 step 350 time 92642 ms
best 452128 step 1962 time 518423 ms
done 0 67 75 71 11 16 4 56 60 92 53 2 83 94 54 86 65 10 20 76 17 33 59 100 64 82 91 58 23 89 47 25 69 43 44 41 46 36 21 32 55 95 39 49 84 52 96 81 73 13 37 6 97 30 1 38 74 78 98 99 3 15 57 12 42 34 8 40 19 45 63 70 26 62 90 35 18 29 31 7 50 51 66 27 80 14 28 85 61 22 24 48 68 87 93 72 88 79 5 9 77
best 452128
time 950064 ms
seed 9
