jobs 100
mach 20
init 0 52 73 65 100 53 18 24 23 51 19 70 3 16 17 79 58 35 54 98 38 31 2 88 96 86 74 81 45 91 20 33 44 99 8 21 63 69 37 1 10 36 92 75 80 61 41 67 34 56 82 43 46 15 71 50 85 90 76 83 29 13 89 6 59 60 48 64 93 26 22 84 11 42 57 68 28 27 66 30 40 97 72 94 62 47 32 55 14 25 12 95 4 49 87 5 77 39 7 78 9
best 476386
best 475731 step 1 time 730 ms
best 475508 step 2 time 1008 ms
best 474766 step 3 time 1251 ms
best 473543 step 4 time 1563 ms
best 469492 step 5 time 1952 ms
best 466806 step 33 time 8734 ms
best 456221 step 52 time 14308 ms
best 455684 step 53 time 14486 ms
best 455111 step 54 time 14603 ms
best 452629 step 197 time 52448 ms
best 452100 step 199 time 52991 ms
best 451600 step 313 time 82152 ms
best 449572 step 316 time 82891 ms
best 449076 step 317 time 83091 ms
best 448941 step 320 time 84066 ms
done 0 52 73 100 18 24 23 16 34 8 51 53 19 35 70 56 58 96 54 88 1 38 31 3 37 67 81 91 45 65 10 79 74 21 98 20 36 33 43 2 63 99 80 85 75 44 69 90 82 60 61 86 17 76 41 46 29 15 64 93 94 26 71 89 83 13 48 11 28 84 50 92 72 97 22 6 47 32 68 57 59 40 66 42 27 62 4 7 30 87 12 95 55 14 25 39 5 77 49 9 78
best 448941
time 950228 ms
seed 9
