jobs 100
mach 20
init 0 72 22 86 26 97 80 27 92 63 16 71 87 50 68 99 67 41 34 37 12 47 55 13 33 96 91 24 6 25 23 61 93 30 89 88 70 100 51 21 39 94 20 32 17 84 98 36 18 43 69 46 45 54 35 52 10 75 83 95 1 2 73 42 3 82 79 15 7 76 49 62 4 85 90 78 74 5 60 40 29 31 9 56 53 11 57 59 81 48 64 19 66 77 65 44 14 28 38 8 58
best 378337
best 366123 step 1 time 988 ms
best 365400 step 8 time 2839 ms
best 363753 step 9 time 3205 ms
best 362721 step 14 time 4496 ms
best 360641 step 17 time 4902 ms
best 359910 step 51 time 12869 ms
best 358259 step 52 time 13083 ms
best 357831 step 54 time 13472 ms
best 355615 step 55 time 13808 ms
best 355218 step 355 time 91729 ms
best 354759 step 391 time 102109 ms
best 353558 step 668 time 175938 ms
best 353313 step 1817 time 481194 ms
best 353083 step 2383 time 629308 ms
done 0 87 22 86 26 63 27 72 92 80 67 99 37 12 50 41 16 5 88 68 70 91 93 47 23 97 34 61 13 25 33 96 39 98 30 89 6 100 55 1 51 95 71 94 32 43 17 84 54 20 36 18 69 46 45 24 75 83 82 3 10 2 73 79 52 85 21 60 15 42 35 49 62 90 4 29 9 76 74 7 78 31 53 11 56 19 57 48 64 40 66 65 59 44 14 81 28 8 58 77 38
best 353083
time 950131 ms
seed 9
