jobs 100
mach 20
init 0 16 80 27 61 25 71 45 17 37 24 78 54 68 33 94 32 3 63 44 8 79 5 42 41 92 82 55 40 95 1 76 70 47 38 81 62 64 97 65 19 2 53 50 73 6 67 35 75 43 83 14 77 39 90 87 69 31 10 11 88 98 72 52 34 30 7 100 46 21 4 48 49 86 15 56 60 29 28 74 58 84 26 93 23 20 18 36 51 89 22 96 99 85 12 13 57 91 59 66 9
best 553331
best 547171 step 1 time 518 ms
best 536921 step 4 time 1476 ms
best 531443 step 6 time 2092 ms
best 523674 step 15 time 4488 ms
best 520782 step 22 time 6207 ms
best 519676 step 204 time 51640 ms
best 519580 step 1407 time 348307 ms
best 518499 step 1408 time 348571 ms
best 518474 step 2713 time 673107 ms
best 515368 step 2736 time 677720 ms
best 514994 step 2743 time 679005 ms
done 0 16 33 30 27 17 61 80 54 40 37 25 92 71 94 34 68 95 24 73 63 44 8 79 19 2 5 81 42 41 1 55 97 38 32 70 47 62 64 39 53 45 78 67 50 65 6 83 14 77 87 10 82 43 86 48 69 3 46 75 35 90 49 76 100 21 98 31 15 60 4 22 52 11 56 26 58 28 84 72 74 51 29 23 93 20 18 88 85 89 99 96 7 13 12 36 57 59 66 9 91
best 514994
time 950244 ms
seed 9
