jobs 100
mach 20
init 0 56 62 74 10 15 16 94 3 57 14 81 55 24 38 76 83 71 29 80 23 97 75 11 91 26 96 84 33 27 30 54 64 49 41 98 52 46 68 93 70 25 92 19 100 66 63 82 95 36 77 17 34 6 2 51 18 4 12 21 9 13 79 69 61 42 1 35 78 32 37 50 5 43 88 67 39 72 59 86 73 58 7 89 20 87 8 31 48 45 28 60 90 40 53 44 47 65 85 99 22
best 611450
best 609813 step 1 time 1313 ms
best 601167 step 2 time 1711 ms
best 593350 step 21 time 8788 ms
best 593090 step 56 time 22369 ms
best 590570 step 58 time 23277 ms
best 590248 step 78 time 30397 ms
best 588836 step 91 time 35626 ms
best 588827 step 92 time 35907 ms
best 588380 step 94 time 36461 ms
best 585632 step 98 time 37888 ms
best 581428 step 99 time 38200 ms
best 580909 step 102 time 39120 ms
best 576396 step 104 time 40267 ms
best 576132 step 251 time 97329 ms
best 572204 step 457 time 175514 ms
best 571499 step 2165 time 743607 ms
done 0 56 62 55 24 74 66 57 10 14 83 46 81 15 16 3 39 11 64 23 68 91 29 71 26 96 97 94 75 12 27 80 84 33 70 38 21 93 41 19 100 25 76 36 18 98 92 82 17 6 49 9 54 13 77 32 34 95 52 30 69 4 43 42 67 1 88 63 51 5 61 78 35 79 2 50 73 59 58 37 8 31 86 60 72 7 53 48 87 44 40 20 28 45 90 65 85 89 99 22 47
best 571499
time 950292 ms
seed 9
