jobs 100
mach 20
init 0 23 62 37 29 32 21 52 75 16 17 25 34 71 98 12 44 60 66 45 42 68 80 61 77 87 27 10 1 55 50 40 11 79 70 18 39 69 9 88 84 19 81 85 5 94 59 65 82 26 95 64 22 53 90 83 86 97 58 78 51 47 73 24 49 56 33 2 89 91 36 6 41 67 31 63 99 30 15 20 13 92 76 3 35 100 54 8 14 96 46 74 7 28 4 57 72 48 43 38 93
best 570293
best 555364 step 1 time 941 ms
best 550237 step 2 time 1182 ms
best 549061 step 3 time 1501 ms
best 547426 step 86 time 23043 ms
best 546953 step 87 time 23338 ms
best 544360 step 94 time 26024 ms
best 542127 step 98 time 26965 ms
best 539533 step 471 time 132978 ms
best 539486 step 472 time 133337 ms
best 538809 step 518 time 147165 ms
best 538535 step 568 time 163787 ms
best 537265 step 574 time 166365 ms
best 536610 step 769 time 226070 ms
best 536002 step 855 time 248039 ms
best 535339 step 1853 time 528755 ms
best 535228 step 1854 time 528902 ms
best 533325 step 1855 time 529066 ms
best 531785 step 1857 time 529673 ms
best 531360 step 1858 time 529878 ms
best 531227 step 2246 time 637189 ms
best 531014 step 2247 time 637448 ms
best 530096 step 2250 time 638342 ms
best 528642 step 2251 time 638724 ms
best 527959 step 2253 time 639234 ms
best 525761 step 2254 time 639410 ms
best 524116 step 2260 time 641501 ms
done 0 23 62 1 45 17 75 37 21 80 52 32 55 16 25 34 71 98 27 44 60 61 12 88 77 84 29 42 10 87 68 19 81 50 40 79 11 82 69 18 64 39 85 66 51 9 5 83 70 97 59 58 49 65 90 95 73 26 86 22 53 47 56 94 89 33 13 2 76 24 99 78 31 36 20 67 6 91 100 63 15 30 92 35 54 8 46 14 96 41 72 7 3 28 74 4 48 93 43 38 57
best 524116
time 950006 ms
seed 9
