jobs 100
mach 20
init 0 66 13 41 17 48 79 67 52 37 51 70 80 77 92 38 74 24 54 16 61 82 91 12 35 63 69 87 34 9 23 86 84 100 94 64 65 14 72 4 20 19 33 76 58 60 42 1 89 47 22 7 50 73 56 43 96 83 6 68 62 27 39 78 29 93 95 45 53 28 97 31 49 88 59 3 55 36 30 15 99 81 25 75 85 98 46 44 2 26 11 32 21 71 40 57 90 5 8 10 18
best 507576
best 505433 step 1 time 2005 ms
best 501234 step 2 time 2496 ms
best 500855 step 3 time 2900 ms
best 500310 step 5 time 3224 ms
best 499439 step 6 time 3482 ms
best 499221 step 7 time 4125 ms
best 497268 step 9 time 4818 ms
best 495414 step 10 time 5550 ms
best 495349 step 18 time 9319 ms
best 493810 step 28 time 12590 ms
best 490745 step 41 time 17976 ms
best 488114 step 42 time 18499 ms
best 484008 step 43 time 18837 ms
best 483637 step 48 time 20456 ms
best 481707 step 49 time 20656 ms
best 481184 step 741 time 277451 ms
best 480925 step 742 time 277651 ms
best 479531 step 1111 time 413770 ms
best 475663 step 1112 time 413951 ms
done 0 61 48 77 79 41 51 37 58 17 67 13 92 74 38 70 80 23 54 86 24 12 87 35 42 22 63 100 91 69 9 52 94 34 16 65 82 14 7 64 19 84 4 72 47 56 20 33 76 73 31 60 89 78 28 6 50 96 53 43 27 62 68 81 66 95 39 93 1 45 83 29 97 3 55 49 36 88 59 99 25 75 85 98 32 15 71 40 30 57 11 26 46 44 21 2 8 90 5 18 10
best 475663
time 950230 ms
seed 9
