jobs 100
mach 20
init 0 26 24 52 39 12 86 14 72 69 80 61 82 63 33 78 65 64 42 56 29 17 53 54 89 49 7 18 93 25 57 59 79 43 4 88 99 97 92 100 9 77 68 5 28 13 84 44 95 71 8 40 73 45 85 50 19 6 11 20 87 1 96 27 55 37 81 58 15 51 90 3 67 38 30 46 47 60 66 83 23 70 10 98 16 76 94 62 75 31 41 32 48 36 2 34 91 22 21 35 74
best 554692
best 551365 step 1 time 646 ms
best 547302 step 3 time 1161 ms
best 547066 step 6 time 2219 ms
best 546152 step 7 time 2454 ms
best 544668 step 8 time 2657 ms
best 537462 step 10 time 3076 ms
best 534261 step 11 time 3315 ms
best 532613 step 25 time 6507 ms
best 532175 step 94 time 24603 ms
best 530182 step 98 time 25463 ms
best 529067 step 121 time 31140 ms
best 527709 step 122 time 31578 ms
best 525787 step 180 time 47474 ms
best 518423 step 183 time 48506 ms
best 517330 step 2952 time 760146 ms
done 0 33 26 24 52 78 86 14 72 12 69 29 64 11 80 82 53 61 63 97 42 54 79 43 17 90 57 25 13 56 89 49 7 6 77 85 81 18 88 5 9 40 68 100 8 59 92 73 84 15 99 95 45 44 55 71 4 93 50 37 1 20 3 19 96 38 28 67 27 30 65 87 47 46 58 39 23 83 10 98 75 51 66 41 62 76 32 70 94 16 31 48 34 60 36 91 21 35 74 2 22
best 517330
time 950017 ms
seed 9
