jobs 50
mach 20
init 0 46 16 38 47 32 35 42 31 21 20 43 12 26 48 11 36 33 45 28 6 44 17 10 9 40 14 23 19 25 7 50 15 2 8 18 24 13 41 22 49 27 1 4 29 37 39 5 3 34 30
best 25691
best 24429 step 2 time 125 ms
best 24228 step 31 time 729 ms
best 24180 step 114 time 2379 ms
best 24135 step 286 time 5857 ms
best 24106 step 295 time 6015 ms
best 23958 step 437 time 8986 ms
best 23936 step 783 time 16121 ms
best 23887 step 1106 time 22732 ms
best 23770 step 1107 time 22753 ms
done 0 46 43 16 35 38 47 32 42 20 31 48 21 33 12 26 11 36 45 28 6 44 17 10 9 14 23 19 25 7 40 15 2 8 18 50 13 41 49 39 22 27 1 4 29 37 3 24 34 30 5
best 23770
time 950017 ms
seed 9
