jobs 50
mach 20
init 0 48 44 40 29 25 6 41 33 26 1 24 32 27 10 28 23 21 34 11 3 12 17 19 37 15 42 22 5 31 50 2 38 13 35 36 16 30 4 39 18 46 45 20 8 14 7 43 9 47 49
best 21916
best 20497 step 5 time 228 ms
best 20177 step 11 time 357 ms
best 18664 step 15 time 467 ms
best 18357 step 17 time 517 ms
best 18268 step 28 time 818 ms
best 18252 step 30 time 851 ms
best 18212 step 2096 time 48995 ms
best 18059 step 2111 time 49305 ms
best 17938 step 2115 time 49391 ms
best 17839 step 2117 time 49448 ms
best 17779 step 15890 time 373679 ms
done 0 6 40 29 25 41 10 33 26 1 24 32 48 44 27 28 42 13 12 23 21 34 11 3 17 37 38 22 19 5 31 15 36 50 16 4 35 2 30 39 18 46 45 7 20 8 43 9 14 47 49
best 17779
time 950004 ms
seed 9
