jobs 50
mach 20
init 0 9 15 32 36 35 47 2 22 7 30 4 43 19 17 14 11 28 48 6 39 31 1 5 49 21 13 27 42 8 3 29 44 20 40 46 38 45 25 34 50 37 23 10 26 33 18 41 12 24 16
best 33717
best 32765 step 1 time 81 ms
best 32553 step 96 time 1536 ms
best 32390 step 553 time 8630 ms
best 31736 step 556 time 8687 ms
best 31662 step 3965 time 64140 ms
best 31636 step 4708 time 76383 ms
best 31606 step 12113 time 197174 ms
done 0 32 36 15 35 2 22 7 39 47 30 43 31 19 14 11 4 1 21 17 6 49 28 13 8 5 27 46 3 29 42 44 48 20 9 38 25 45 34 50 37 40 23 10 26 33 18 12 41 24 16
best 31606
time 950010 ms
seed 9
