jobs 60
mach 20
init 0 3 43 46 49 54 11 1 36 35 48 7 20 37 38 8 31 57 16 55 18 29 28 13 24 26 50 9 5 53 12 25 41 32 58 17 14 27 40 15 33 6 42 45 30 2 59 44 47 22 52 10 4 23 56 21 60 39 51 19 34
best 68356
best 68137 step 1 time 121 ms
best 67953 step 7 time 375 ms
best 67945 step 10 time 475 ms
best 67534 step 13 time 598 ms
best 66634 step 35 time 1469 ms
best 65735 step 37 time 1558 ms
best 65586 step 38 time 1661 ms
best 65207 step 56 time 2340 ms
best 65134 step 57 time 2367 ms
best 64564 step 65 time 2670 ms
best 64488 step 6528 time 276260 ms
best 64201 step 17180 time 732590 ms
done 0 3 43 48 46 49 54 11 1 24 36 35 37 20 38 7 8 57 16 55 31 18 5 28 15 29 13 41 26 50 53 12 25 32 45 58 9 4 27 44 14 30 33 42 40 17 6 2 59 22 23 52 34 10 56 47 21 60 39 51 19
best 64201
time 950054 ms
seed 9
