jobs 60
mach 20
init 0 2 60 48 15 4 5 59 23 53 49 31 13 50 9 22 34 30 52 42 41 14 46 37 33 17 11 45 20 58 36 55 40 44 7 57 32 16 25 19 6 21 47 56 3 26 27 12 54 18 35 8 10 43 1 38 39 29 28 24 51
best 88717
best 84904 step 1 time 161 ms
best 83493 step 4 time 289 ms
best 83078 step 6 time 411 ms
best 82407 step 7 time 445 ms
best 82130 step 8 time 502 ms
best 82066 step 17 time 908 ms
best 82012 step 33 time 1381 ms
best 81509 step 34 time 1447 ms
best 79751 step 196 time 6990 ms
best 79680 step 197 time 7016 ms
best 79400 step 201 time 7109 ms
best 79216 step 4510 time 156650 ms
best 79054 step 9648 time 332157 ms
best 79034 step 12592 time 437670 ms
done 0 2 60 48 15 53 30 31 49 23 13 41 50 22 42 9 52 34 14 45 4 33 5 58 46 17 11 37 55 59 20 25 40 44 7 57 16 36 56 47 32 19 6 21 26 27 12 35 54 39 29 3 18 8 43 38 24 28 10 1 51
best 79034
time 950016 ms
seed 9
