jobs 60
mach 20
init 0 5 52 16 34 2 47 9 21 56 38 31 26 17 48 35 33 55 22 41 14 39 36 59 11 42 1 30 29 32 8 7 13 20 4 15 57 60 40 24 28 27 19 25 6 46 3 10 51 12 23 54 58 49 45 37 18 50 43 44 53
best 77049
best 76991 step 2 time 186 ms
best 73033 step 3 time 245 ms
best 71924 step 14 time 747 ms
best 71611 step 16 time 817 ms
best 71590 step 17 time 849 ms
best 71587 step 18 time 901 ms
best 71114 step 302 time 14007 ms
best 70905 step 665 time 31183 ms
best 70872 step 1286 time 59631 ms
best 70819 step 1303 time 60221 ms
best 70502 step 1304 time 60248 ms
best 69794 step 1930 time 87787 ms
best 69720 step 7134 time 323723 ms
done 0 47 34 37 16 31 2 56 9 21 33 26 17 48 7 38 5 55 52 35 39 36 14 41 1 59 11 30 22 29 32 8 40 13 60 20 4 15 51 57 42 24 28 6 25 27 19 54 3 46 10 58 12 23 49 45 53 18 50 43 44
best 69720
time 950073 ms
seed 9
