jobs 60
mach 20
init 0 20 46 58 12 25 40 21 17 54 45 42 57 49 16 32 38 9 29 13 15 24 53 60 59 41 2 55 14 43 39 19 48 23 52 5 37 31 10 50 18 6 33 28 47 44 30 3 26 4 27 35 56 7 36 8 11 22 1 34 51
best 111542
best 101634 step 4 time 292 ms
best 100286 step 5 time 345 ms
best 97998 step 6 time 385 ms
best 97118 step 14 time 772 ms
best 96901 step 16 time 818 ms
best 96254 step 218 time 7742 ms
best 95860 step 219 time 7774 ms
best 95064 step 826 time 30000 ms
best 94994 step 1224 time 44809 ms
best 94446 step 1654 time 59688 ms
best 93716 step 22123 time 788511 ms
done 0 20 46 25 32 38 12 40 9 17 21 31 45 42 57 53 49 3 29 16 15 59 13 14 55 24 43 2 60 19 39 48 23 52 41 37 50 47 18 5 10 33 28 6 58 56 44 26 54 35 4 11 7 27 36 1 30 22 8 34 51
best 93716
time 950004 ms
seed 9
