jobs 70
mach 20
init 0 63 34 53 20 27 32 11 70 3 16 41 50 55 2 47 15 28 56 64 54 68 26 22 7 38 42 21 12 4 1 52 13 30 14 36 33 66 44 45 37 10 35 57 9 24 39 67 17 6 25 8 62 51 59 61 65 48 31 46 5 60 29 43 40 69 18 23 58 19 49
best 169445
best 168526 step 1 time 184 ms
best 168415 step 2 time 235 ms
best 162344 step 3 time 298 ms
best 153946 step 4 time 429 ms
best 153823 step 24 time 1742 ms
best 152059 step 33 time 2507 ms
best 150688 step 39 time 2928 ms
best 149552 step 82 time 5964 ms
best 148978 step 85 time 6217 ms
best 148499 step 91 time 6551 ms
best 148291 step 92 time 6607 ms
best 147177 step 145 time 10101 ms
best 145846 step 276 time 19038 ms
best 145337 step 645 time 44502 ms
best 144969 step 779 time 54267 ms
best 144485 step 8117 time 579660 ms
best 144449 step 8119 time 579741 ms
done 0 47 34 32 16 27 53 70 20 56 38 3 50 64 28 11 26 41 42 55 2 12 68 4 13 15 39 7 54 14 22 1 65 10 30 52 33 36 35 57 21 45 44 37 67 59 25 9 63 17 6 8 62 66 24 61 69 48 31 46 51 18 29 43 60 40 19 23 49 58 5
best 144449
time 950106 ms
seed 9
