jobs 70
mach 20
init 0 24 18 64 38 56 26 6 42 41 15 17 20 13 45 65 23 27 54 62 50 59 53 10 16 57 30 34 14 25 12 31 69 63 55 9 58 36 44 11 47 7 66 43 49 29 33 22 19 39 4 28 1 52 8 5 68 32 21 60 35 2 67 70 61 3 48 51 37 40 46
best 153953
best 152023 step 4 time 494 ms
best 146058 step 14 time 1362 ms
best 145972 step 19 time 1765 ms
best 145655 step 20 time 1824 ms
best 145331 step 27 time 2402 ms
best 143957 step 36 time 2996 ms
best 143946 step 37 time 3024 ms
best 143767 step 48 time 3954 ms
best 143132 step 49 time 3980 ms
best 140676 step 70 time 5741 ms
best 140188 step 3173 time 241809 ms
best 139811 step 3178 time 242030 ms
best 139612 step 3180 time 242197 ms
done 0 24 27 64 38 15 18 10 20 6 41 56 26 17 42 13 31 34 54 65 45 62 50 59 52 14 25 53 57 12 69 30 11 63 8 16 55 58 9 36 44 47 66 29 7 33 22 19 43 49 68 23 2 4 21 39 28 67 1 5 32 70 60 35 61 51 3 48 37 40 46
best 139612
time 950079 ms
seed 9
