jobs 70
mach 20
init 0 15 53 41 59 22 25 9 58 43 10 51 3 52 47 49 28 61 14 21 37 32 68 6 13 46 16 67 18 20 36 55 11 29 57 35 4 66 31 48 12 1 65 30 54 42 70 27 40 26 39 62 24 45 38 19 69 60 2 34 63 56 64 33 44 23 7 50 17 8 5
best 135006
best 131409 step 2 time 372 ms
best 128479 step 15 time 1122 ms
best 127825 step 16 time 1179 ms
best 126514 step 539 time 34660 ms
best 126483 step 540 time 34731 ms
best 126292 step 541 time 34803 ms
best 126192 step 542 time 34839 ms
best 125988 step 545 time 34926 ms
best 125768 step 546 time 35014 ms
done 0 15 53 59 41 21 28 43 10 9 25 68 58 3 52 61 47 14 22 6 49 32 13 16 37 62 4 20 46 66 57 36 55 31 11 29 35 12 48 54 1 51 67 40 65 30 38 70 27 26 42 39 63 24 18 19 2 56 5 44 69 23 7 45 60 34 64 17 33 50 8
best 125768
time 950076 ms
seed 9
