jobs 80
mach 20
init 0 6 54 23 77 79 36 58 22 38 37 27 47 80 12 56 59 55 62 7 70 26 40 14 18 28 11 33 71 74 16 53 69 51 42 61 30 9 2 24 43 52 32 5 63 49 8 45 66 13 65 4 50 48 17 60 21 75 72 20 57 64 35 10 29 67 34 15 46 41 76 39 25 3 73 78 31 1 44 68 19
best 310852
best 309671 step 1 time 409 ms
best 308260 step 2 time 456 ms
best 308068 step 4 time 619 ms
best 306423 step 5 time 700 ms
best 304215 step 6 time 827 ms
best 300787 step 21 time 2389 ms
best 297810 step 22 time 2498 ms
best 297544 step 23 time 2532 ms
best 297078 step 25 time 2747 ms
best 297076 step 28 time 3010 ms
best 295722 step 256 time 27945 ms
best 295679 step 339 time 37287 ms
best 294560 step 342 time 37578 ms
best 294087 step 612 time 69446 ms
best 294073 step 613 time 69547 ms
best 293550 step 808 time 91647 ms
best 292710 step 827 time 93420 ms
best 292663 step 831 time 93778 ms
best 292121 step 1130 time 127222 ms
best 291005 step 1689 time 187900 ms
best 289813 step 1708 time 189716 ms
best 289059 step 3259 time 360659 ms
best 288242 step 3260 time 360829 ms
done 0 47 79 36 59 23 77 28 74 56 7 37 21 38 12 61 55 6 69 14 80 71 26 75 18 51 45 11 27 33 54 58 2 40 43 42 53 30 16 24 5 70 8 52 32 13 63 67 65 9 62 4 66 72 49 10 34 17 60 57 64 35 15 22 50 46 41 76 48 29 39 25 20 3 31 73 1 78 68 44 19
best 288242
time 950022 ms
seed 9
