jobs 80
mach 20
init 0 20 68 25 71 9 35 65 26 54 76 27 43 72 14 24 46 70 10 66 33 53 34 41 2 56 42 64 22 61 60 38 47 18 5 31 39 59 11 17 40 51 80 49 69 57 50 15 52 45 23 62 12 16 55 1 37 44 30 4 3 28 74 13 75 78 36 48 19 67 32 77 21 6 58 8 63 29 73 79 7
best 254566
best 246202 step 1 time 446 ms
best 244759 step 2 time 578 ms
best 240987 step 3 time 825 ms
best 237648 step 4 time 992 ms
best 237080 step 13 time 2303 ms
best 236050 step 38 time 6045 ms
best 234819 step 39 time 6183 ms
best 233575 step 42 time 6557 ms
best 233090 step 43 time 6675 ms
best 232012 step 45 time 6826 ms
best 231649 step 52 time 7375 ms
best 231590 step 56 time 7671 ms
best 231483 step 59 time 8054 ms
best 230075 step 60 time 8194 ms
best 228938 step 61 time 8359 ms
best 227363 step 92 time 11990 ms
best 227334 step 95 time 12241 ms
best 227274 step 2213 time 277699 ms
best 227190 step 2258 time 282759 ms
best 227179 step 2873 time 360336 ms
best 227141 step 7036 time 883990 ms
best 225513 step 7040 time 884463 ms
done 0 20 68 26 71 9 65 25 24 43 60 27 22 39 70 72 10 14 76 54 35 66 46 42 53 2 41 61 64 34 56 47 50 38 51 33 18 31 5 59 11 17 49 15 75 52 69 40 4 57 80 45 48 23 62 13 44 30 28 12 74 1 78 37 3 16 55 36 32 67 6 77 19 8 58 21 63 29 73 79 7
best 225513
time 950140 ms
seed 9
