jobs 80
mach 20
init 0 47 53 9 44 25 5 72 2 21 15 48 1 70 59 78 69 55 18 45 30 3 77 31 67 80 76 43 32 71 29 12 40 4 79 73 39 74 16 50 63 22 11 19 75 27 57 14 65 64 17 26 51 28 62 66 36 24 60 33 42 13 41 56 46 68 58 7 52 6 35 20 10 8 34 49 37 23 38 54 61
best 230770
best 230764 step 3 time 748 ms
best 229911 step 4 time 898 ms
best 229300 step 8 time 1616 ms
best 227432 step 10 time 1840 ms
best 227290 step 33 time 5543 ms
best 227256 step 35 time 5839 ms
best 225860 step 49 time 7686 ms
best 225309 step 51 time 7879 ms
best 225099 step 52 time 7989 ms
best 224340 step 54 time 8261 ms
best 224215 step 55 time 8321 ms
best 222168 step 60 time 8818 ms
best 222110 step 61 time 8981 ms
best 218503 step 63 time 9260 ms
best 218283 step 528 time 68658 ms
best 217865 step 632 time 80697 ms
best 217339 step 633 time 80783 ms
best 217095 step 634 time 80936 ms
best 216874 step 637 time 81328 ms
best 213206 step 970 time 122871 ms
best 212628 step 1774 time 222408 ms
done 0 47 5 26 21 25 79 72 53 1 15 59 45 30 18 48 69 3 2 43 77 76 67 44 31 80 73 55 32 29 12 57 9 40 74 4 39 16 63 22 50 62 14 11 19 75 65 71 51 17 78 28 70 27 42 49 66 13 36 24 64 68 60 56 7 33 52 46 35 41 8 20 10 58 34 37 6 23 38 54 61
best 212628
time 950067 ms
seed 9
