jobs 80
mach 20
init 0 66 25 62 18 41 65 47 57 71 29 17 53 42 58 33 50 1 4 63 22 21 19 15 11 76 14 37 70 13 73 23 12 79 6 52 59 75 74 28 3 30 2 38 55 39 35 78 54 72 61 60 26 24 40 7 77 67 34 31 27 20 43 10 49 8 36 64 44 9 32 80 46 16 5 69 45 48 68 56 51
best 274050
best 265212 step 1 time 390 ms
best 256529 step 4 time 707 ms
best 254817 step 5 time 790 ms
best 254089 step 74 time 8625 ms
best 254029 step 79 time 9417 ms
best 254011 step 81 time 9602 ms
best 253273 step 88 time 10486 ms
best 253120 step 90 time 10688 ms
best 252408 step 91 time 10920 ms
best 252276 step 92 time 11019 ms
best 252114 step 93 time 11086 ms
best 251604 step 94 time 11200 ms
best 251006 step 95 time 11323 ms
best 245765 step 340 time 39767 ms
best 245560 step 1249 time 148635 ms
best 245515 step 1250 time 148740 ms
best 245006 step 1251 time 148845 ms
best 243993 step 1252 time 148949 ms
best 243210 step 5594 time 659655 ms
best 242709 step 6996 time 822354 ms
done 0 66 25 19 29 2 18 57 14 53 47 17 62 12 42 58 71 50 4 38 41 11 65 52 22 76 63 20 21 15 73 79 55 70 37 59 75 6 72 74 28 61 26 77 30 35 1 13 39 33 3 54 60 78 40 23 10 7 67 24 44 34 36 64 31 27 8 69 43 49 46 5 32 80 9 51 56 16 68 45 48
best 242709
time 950043 ms
seed 9
