jobs 80
mach 20
init 0 67 22 54 7 16 77 42 18 64 3 39 68 14 5 23 40 19 58 66 51 80 72 47 27 38 34 33 75 74 26 50 63 69 35 21 46 61 49 48 11 79 41 56 1 4 45 29 78 6 25 62 37 52 9 36 60 8 31 15 65 59 73 57 53 13 17 43 28 10 71 20 70 76 2 55 30 12 24 44 32
best 242205
best 232683 step 3 time 584 ms
best 225423 step 4 time 819 ms
best 225240 step 7 time 1043 ms
best 223974 step 8 time 1171 ms
best 222275 step 23 time 2641 ms
best 221339 step 26 time 2993 ms
best 221174 step 27 time 3086 ms
best 219780 step 113 time 12502 ms
best 219369 step 114 time 12613 ms
best 218809 step 116 time 12746 ms
best 218694 step 3232 time 355894 ms
best 218672 step 3233 time 355978 ms
done 0 67 22 54 7 16 23 18 64 39 5 27 42 14 19 51 58 77 80 38 66 72 26 34 75 33 63 69 40 35 11 49 21 6 50 47 48 74 68 46 56 1 41 60 3 45 61 4 29 78 25 15 62 52 9 65 73 37 31 8 28 36 79 53 17 43 57 12 71 20 13 59 10 30 70 76 2 24 44 55 32
best 218672
time 950022 ms
seed 9
