jobs 80
mach 20
init 0 56 47 3 21 38 50 31 17 59 54 57 32 34 64 15 29 60 62 67 66 72 41 71 4 2 43 74 49 18 69 63 13 52 7 14 23 76 8 39 44 48 42 22 75 20 45 73 11 30 53 78 46 40 58 55 36 27 28 33 35 61 16 77 19 25 68 10 80 79 6 1 26 65 12 51 24 9 5 70 37
best 306723
best 305757 step 1 time 391 ms
best 303428 step 2 time 569 ms
best 300316 step 3 time 789 ms
best 298453 step 4 time 912 ms
best 294501 step 6 time 1087 ms
best 290210 step 13 time 1976 ms
best 289838 step 14 time 2073 ms
best 288925 step 15 time 2179 ms
best 288420 step 16 time 2285 ms
best 285638 step 23 time 3267 ms
best 285322 step 424 time 55280 ms
best 283187 step 472 time 60900 ms
best 282731 step 5892 time 768155 ms
best 282688 step 5932 time 773355 ms
done 0 38 56 47 57 59 17 50 31 21 32 15 3 60 29 18 67 64 72 54 66 71 43 49 4 62 2 41 34 8 19 53 7 13 23 74 14 73 52 36 48 30 44 63 39 28 22 45 76 75 46 25 78 11 55 69 40 77 35 42 33 16 58 10 27 68 20 6 61 80 79 51 65 26 24 12 5 9 1 70 37
best 282688
time 950011 ms
seed 9
