jobs 80
mach 20
init 0 45 24 29 78 20 42 75 12 1 76 19 63 14 61 7 22 46 11 35 60 33 49 10 44 57 56 27 41 17 71 3 31 79 72 53 4 30 48 26 69 32 50 66 5 73 28 77 21 34 9 67 8 59 51 74 15 39 64 16 80 2 40 25 62 68 38 18 54 70 36 6 23 58 43 55 13 37 47 52 65
best 208895
best 201421 step 1 time 466 ms
best 193489 step 3 time 719 ms
best 192973 step 20 time 2612 ms
best 192046 step 21 time 2695 ms
best 189263 step 22 time 2895 ms
best 187939 step 23 time 3054 ms
best 185073 step 25 time 3445 ms
best 183519 step 35 time 4506 ms
best 181724 step 36 time 4636 ms
best 181303 step 42 time 5388 ms
best 180051 step 102 time 12896 ms
best 179825 step 265 time 32513 ms
best 179691 step 266 time 32574 ms
best 178692 step 283 time 34739 ms
best 178452 step 723 time 86913 ms
best 177731 step 1016 time 122430 ms
best 177708 step 1020 time 122729 ms
best 175569 step 1117 time 134761 ms
best 175444 step 6752 time 830149 ms
done 0 19 3 24 45 42 1 78 56 22 75 20 63 14 61 7 46 59 35 10 12 44 76 31 49 41 60 17 29 33 27 69 21 79 66 57 34 72 48 71 53 4 30 26 5 11 77 15 73 32 28 51 50 39 9 74 8 16 36 67 80 2 40 25 62 70 64 18 43 68 54 23 38 58 13 6 55 37 47 52 65
best 175444
time 950130 ms
seed 9
