jobs 80
mach 20
init 0 21 36 58 77 74 66 68 25 1 31 27 23 55 4 17 16 70 33 3 40 44 8 57 75 49 56 20 73 34 5 69 45 64 22 30 50 18 46 51 6 52 14 19 11 76 79 32 10 61 80 7 53 28 65 12 63 41 78 62 37 35 38 29 60 43 42 9 47 48 13 26 39 71 2 24 72 67 59 15 54
best 276564
best 270362 step 1 time 453 ms
best 269854 step 20 time 2795 ms
best 263101 step 26 time 3617 ms
best 261640 step 65 time 8528 ms
best 259857 step 79 time 10030 ms
best 259276 step 199 time 23624 ms
best 258875 step 203 time 24361 ms
best 258245 step 205 time 24603 ms
best 257411 step 213 time 25480 ms
best 256481 step 1492 time 175568 ms
best 256272 step 3614 time 418917 ms
best 255282 step 7677 time 880906 ms
best 255199 step 7717 time 885463 ms
done 0 21 65 68 1 36 25 58 70 23 4 77 55 66 33 34 16 31 27 69 17 74 3 56 40 11 49 57 20 75 8 44 5 50 22 6 80 73 14 45 64 18 51 52 30 13 79 46 19 10 63 7 76 32 62 28 12 61 48 41 78 35 60 47 38 29 43 53 42 9 26 39 37 71 2 24 15 59 72 67 54
best 255199
time 950092 ms
seed 9
