jobs 80
mach 20
init 0 5 9 60 28 48 64 49 35 23 74 75 21 39 73 32 44 11 10 18 4 31 69 68 1 24 25 7 33 13 34 36 70 59 52 12 43 2 20 8 57 14 46 45 26 16 51 66 30 29 61 76 6 37 22 62 50 15 42 80 55 79 17 58 56 38 72 41 78 47 63 71 3 77 65 27 19 54 53 40 67
best 202538
best 201908 step 1 time 329 ms
best 201840 step 3 time 439 ms
best 195787 step 4 time 550 ms
best 193758 step 25 time 3185 ms
best 193257 step 40 time 4479 ms
best 193027 step 42 time 4585 ms
best 192391 step 43 time 4727 ms
best 192117 step 60 time 6538 ms
best 191234 step 146 time 16039 ms
best 190278 step 149 time 16312 ms
best 189371 step 150 time 16396 ms
best 188901 step 151 time 16496 ms
best 188736 step 987 time 104173 ms
best 188584 step 993 time 104830 ms
best 188083 step 997 time 105238 ms
best 187949 step 8228 time 872248 ms
done 0 5 9 52 75 28 48 74 49 60 35 39 32 36 21 18 44 59 11 4 31 10 33 13 1 24 68 61 23 64 70 25 7 34 12 62 43 69 17 14 73 46 2 8 26 45 57 16 51 66 37 6 20 30 50 80 15 58 76 42 55 29 72 71 22 56 38 19 65 77 41 78 47 63 3 79 53 54 67 27 40
best 187949
time 950044 ms
seed 9
