jobs 80
mach 20
init 0 55 2 70 45 1 43 68 67 72 71 6 54 50 34 7 74 13 47 33 26 78 37 27 18 22 48 53 23 46 65 25 32 39 4 8 29 40 49 35 17 51 36 56 66 52 75 64 60 16 61 15 42 21 9 57 63 14 73 80 5 20 38 3 58 79 41 76 77 59 31 19 28 62 30 24 11 69 44 12 10
best 191638
best 189138 step 1 time 400 ms
best 188055 step 6 time 1156 ms
best 185681 step 10 time 1830 ms
best 180230 step 12 time 2121 ms
best 178851 step 15 time 2558 ms
best 178340 step 39 time 5642 ms
best 178313 step 40 time 5776 ms
best 176314 step 41 time 5976 ms
best 175353 step 465 time 62915 ms
best 175290 step 466 time 63014 ms
best 175040 step 1007 time 134966 ms
best 174218 step 1009 time 135269 ms
best 173410 step 1012 time 135613 ms
best 173086 step 1013 time 135696 ms
best 173059 step 1014 time 135824 ms
best 172750 step 1706 time 230044 ms
best 172623 step 1707 time 230109 ms
best 172477 step 1708 time 230269 ms
done 0 55 1 2 45 13 68 67 71 70 43 34 54 6 7 74 8 72 47 22 78 37 26 27 50 51 48 23 36 46 17 9 53 35 39 25 40 32 65 29 33 61 4 49 52 15 5 66 75 38 3 16 60 42 21 57 56 41 73 64 63 14 18 80 20 79 11 58 31 19 62 59 24 69 76 77 28 30 44 12 10
best 172477
time 950003 ms
seed 9
