jobs 90
mach 20
init 0 23 78 29 1 55 9 6 66 81 12 85 36 7 26 16 44 53 80 65 17 56 64 57 82 76 11 42 27 84 37 43 10 83 33 2 49 58 48 8 50 60 3 47 63 35 45 77 70 71 52 31 14 39 75 18 32 13 67 73 24 62 46 59 51 4 19 61 28 74 25 90 68 41 88 5 38 15 34 86 21 87 89 69 30 20 40 22 54 72 79
best 353290
best 352754 step 1 time 442 ms
best 352514 step 2 time 564 ms
best 349919 step 6 time 1277 ms
best 342770 step 10 time 1964 ms
best 341188 step 11 time 2070 ms
best 336289 step 12 time 2326 ms
best 332575 step 79 time 13819 ms
best 332322 step 183 time 31071 ms
best 332099 step 185 time 31427 ms
best 329349 step 189 time 32019 ms
best 328974 step 919 time 150676 ms
best 327616 step 1051 time 172368 ms
best 327177 step 1052 time 172568 ms
best 323466 step 1053 time 172739 ms
best 323126 step 3875 time 632131 ms
best 322766 step 3876 time 632218 ms
done 0 23 12 78 1 65 81 80 7 9 46 16 61 44 55 17 26 82 11 56 64 57 53 42 27 6 85 37 43 84 10 60 76 63 36 35 49 2 83 45 66 58 77 31 50 33 18 3 14 39 32 47 48 8 70 67 73 90 51 52 59 75 62 19 4 24 71 28 74 25 68 87 88 13 5 38 69 29 34 15 86 21 30 41 54 89 72 79 20 40 22
best 322766
time 950059 ms
seed 9
