jobs 90
mach 20
init 0 5 52 13 88 65 30 57 55 75 44 51 66 1 42 81 53 61 80 63 76 20 67 60 43 77 2 32 73 3 68 8 64 87 19 4 39 7 24 22 31 46 50 90 27 70 37 86 10 25 40 69 89 78 82 71 38 56 26 47 58 79 12 85 21 11 14 49 23 17 16 15 36 34 72 28 33 74 48 62 35 83 29 6 59 41 18 54 9 45 84
best 308610
best 303162 step 1 time 576 ms
best 302206 step 2 time 661 ms
best 298159 step 3 time 981 ms
best 295486 step 5 time 1150 ms
best 294407 step 65 time 10851 ms
best 294084 step 66 time 10971 ms
best 293166 step 108 time 17756 ms
best 293164 step 109 time 17884 ms
best 293006 step 110 time 18098 ms
best 292162 step 453 time 75148 ms
best 291730 step 1253 time 202416 ms
best 291667 step 1254 time 202611 ms
best 290509 step 1421 time 229642 ms
best 289800 step 2532 time 407501 ms
best 288913 step 5233 time 840156 ms
done 0 5 52 13 88 64 65 66 57 81 30 75 44 53 1 42 61 20 55 76 7 77 67 60 43 2 51 63 32 4 80 39 31 3 50 24 73 22 8 90 87 19 27 70 72 46 68 49 25 26 10 40 69 47 37 21 17 86 38 56 82 79 58 12 85 14 48 28 89 33 11 78 71 83 16 36 34 15 23 74 59 6 62 84 54 9 41 18 29 35 45
best 288913
time 950221 ms
seed 9
