jobs 90
mach 20
init 0 12 36 78 53 60 34 75 72 66 11 83 56 15 6 82 61 52 51 67 57 35 86 21 13 71 77 55 46 39 20 42 50 58 90 32 33 48 44 26 4 2 69 31 65 54 28 10 22 80 88 27 37 89 3 29 14 63 8 17 16 87 25 84 30 85 73 49 23 76 62 68 79 1 81 7 5 41 19 43 47 38 45 18 64 24 59 9 70 74 40
best 342319
best 333462 step 1 time 524 ms
best 333213 step 2 time 665 ms
best 327745 step 3 time 925 ms
best 325640 step 6 time 1440 ms
best 322404 step 30 time 5395 ms
best 319966 step 31 time 5584 ms
best 319231 step 69 time 12808 ms
best 318874 step 97 time 17482 ms
best 318646 step 130 time 22548 ms
best 318558 step 134 time 23219 ms
best 317882 step 136 time 23599 ms
best 317347 step 138 time 23811 ms
best 315996 step 153 time 26568 ms
best 315091 step 154 time 26873 ms
best 314368 step 235 time 40025 ms
best 310981 step 236 time 40280 ms
best 310828 step 238 time 40630 ms
best 310491 step 244 time 41502 ms
best 309600 step 463 time 78171 ms
best 308323 step 764 time 128696 ms
best 308256 step 765 time 128792 ms
best 307338 step 927 time 155732 ms
best 307271 step 928 time 155967 ms
done 0 12 60 66 78 72 6 83 15 34 11 8 88 61 87 82 46 2 52 56 39 57 13 55 51 21 35 67 31 10 20 50 42 32 44 77 58 90 33 48 26 28 4 53 22 75 69 54 29 65 71 37 27 89 3 17 84 30 80 14 63 16 85 86 79 49 36 25 23 73 62 68 76 81 59 5 41 38 7 24 43 9 47 19 18 64 45 1 70 74 40
best 307271
time 950148 ms
seed 9
