jobs 90
mach 20
init 0 12 51 37 35 26 42 45 52 7 6 10 19 61 84 65 11 27 15 17 34 59 58 75 43 70 69 2 77 73 40 76 13 88 30 9 60 29 56 8 72 55 50 32 1 71 74 81 54 24 78 22 16 41 49 79 68 67 87 66 90 14 80 39 89 23 48 63 85 86 31 20 46 25 53 44 5 3 57 18 21 4 33 36 64 82 62 38 47 28 83
best 440881
best 433771 step 3 time 865 ms
best 432322 step 7 time 1644 ms
best 427825 step 8 time 1890 ms
best 424425 step 9 time 2089 ms
best 421671 step 10 time 2336 ms
best 412859 step 16 time 3637 ms
best 409323 step 27 time 6014 ms
best 408637 step 30 time 6643 ms
best 408127 step 356 time 65521 ms
best 408061 step 357 time 65588 ms
best 407330 step 1020 time 188292 ms
best 406821 step 2756 time 500339 ms
best 406181 step 2765 time 501844 ms
best 405715 step 2770 time 502470 ms
best 405535 step 3339 time 603811 ms
best 404848 step 3340 time 604092 ms
best 404570 step 3341 time 604359 ms
best 402869 step 3507 time 636353 ms
done 0 12 51 10 34 70 45 65 19 7 11 76 42 61 6 27 15 75 50 60 43 84 52 17 40 58 59 56 32 16 2 35 77 69 9 71 73 67 29 8 24 74 55 78 1 80 54 37 88 30 39 49 26 48 85 68 46 81 13 22 90 41 87 14 72 44 79 4 66 63 31 89 20 57 3 25 23 53 82 5 86 18 33 36 64 62 21 38 83 47 28
best 402869
time 950051 ms
seed 9
