jobs 90
mach 20
init 0 85 36 58 71 7 74 49 11 54 46 70 90 21 12 79 48 20 29 6 43 38 27 44 34 3 17 28 76 37 18 81 57 83 88 22 41 75 15 51 60 31 68 30 33 62 61 23 25 84 2 87 72 63 19 26 56 47 13 10 50 45 69 59 35 39 53 66 67 24 73 5 42 80 78 8 89 16 55 77 52 1 14 4 82 65 9 86 32 64 40
best 430820
best 426695 step 1 time 556 ms
best 425572 step 6 time 1588 ms
best 415068 step 7 time 1942 ms
best 413053 step 55 time 9211 ms
best 412867 step 57 time 9637 ms
best 410825 step 60 time 10144 ms
best 410769 step 61 time 10240 ms
best 408099 step 62 time 10505 ms
best 406203 step 76 time 12890 ms
best 402767 step 386 time 66769 ms
best 402337 step 1454 time 243721 ms
best 401406 step 4722 time 792165 ms
best 400650 step 4724 time 792547 ms
best 399995 step 5329 time 896710 ms
done 0 48 49 11 36 58 15 71 7 74 54 85 12 24 21 20 70 79 6 41 46 38 27 44 28 90 31 17 57 76 3 68 43 22 34 84 60 81 75 83 88 62 61 45 63 51 18 2 87 72 23 25 67 47 37 26 50 33 29 89 19 66 56 5 13 69 59 35 53 73 30 80 10 39 42 8 78 65 9 16 55 77 40 82 14 32 52 1 64 4 86
best 399995
time 950179 ms
seed 9
