jobs 90
mach 20
init 0 35 71 32 75 90 50 5 43 80 26 77 79 66 64 63 39 29 24 13 45 70 44 76 88 20 1 36 46 49 56 82 25 47 51 8 17 52 87 23 57 58 41 27 37 7 62 48 15 19 3 72 2 61 85 84 60 86 89 55 73 16 33 34 14 83 53 21 74 28 30 38 42 6 65 4 9 67 10 11 68 40 78 18 81 69 54 22 59 31 12
best 385310
best 383299 step 1 time 416 ms
best 378052 step 2 time 639 ms
best 377874 step 7 time 1436 ms
best 376341 step 8 time 1576 ms
best 373542 step 10 time 1963 ms
best 369612 step 12 time 2445 ms
best 369512 step 13 time 2541 ms
best 364996 step 14 time 2863 ms
best 361672 step 15 time 2994 ms
best 359313 step 31 time 5618 ms
best 358392 step 32 time 5929 ms
best 357365 step 33 time 6106 ms
best 356687 step 57 time 10295 ms
best 356600 step 58 time 10419 ms
best 355678 step 62 time 11161 ms
best 355543 step 64 time 11457 ms
best 354761 step 65 time 11602 ms
best 352742 step 287 time 52030 ms
best 352705 step 308 time 55807 ms
best 348363 step 309 time 56061 ms
best 348206 step 310 time 56198 ms
done 0 35 46 45 26 32 75 90 43 50 80 79 29 13 64 61 70 44 63 60 1 66 39 41 89 76 88 20 24 17 25 82 49 5 47 37 58 8 87 23 57 62 48 19 27 52 85 51 3 77 7 56 15 2 72 28 86 36 30 84 73 16 53 71 74 34 10 38 55 83 68 14 21 42 40 6 18 11 78 33 9 4 67 69 65 54 59 22 12 81 31
best 348206
time 950031 ms
seed 9
