jobs 90
mach 20
init 0 52 69 75 2 20 85 59 33 57 12 27 54 18 42 10 14 43 11 48 34 71 81 28 88 87 45 17 5 32 46 78 24 39 19 79 25 37 26 82 21 23 68 31 22 6 70 40 61 29 1 15 90 86 8 49 63 58 4 77 53 67 55 65 76 50 80 73 47 35 72 13 66 41 62 3 56 83 74 89 64 7 51 44 84 9 36 60 30 16 38
best 417470
best 411025 step 1 time 525 ms
best 411008 step 2 time 663 ms
best 410106 step 5 time 1002 ms
best 408721 step 6 time 1166 ms
best 378847 step 7 time 1566 ms
best 378300 step 12 time 2259 ms
best 377541 step 13 time 2441 ms
best 377037 step 34 time 5720 ms
best 376463 step 122 time 20013 ms
best 376074 step 269 time 44966 ms
best 375797 step 490 time 81736 ms
best 373943 step 506 time 84304 ms
best 372455 step 857 time 141924 ms
best 372315 step 1001 time 165361 ms
best 372204 step 1782 time 296655 ms
best 371821 step 2784 time 467319 ms
best 370469 step 2863 time 480686 ms
best 369598 step 4798 time 804189 ms
best 369478 step 4814 time 807082 ms
best 369402 step 5329 time 894491 ms
best 368840 step 5333 time 894979 ms
best 368810 step 5334 time 895053 ms
done 0 52 85 12 57 78 2 33 21 24 20 67 27 42 28 14 39 5 46 81 54 88 48 71 32 87 45 34 10 43 19 75 79 69 68 37 25 17 23 26 18 31 22 86 4 11 82 1 15 70 29 40 55 6 61 49 63 90 59 72 77 80 50 58 56 53 73 47 65 76 89 35 13 41 8 3 36 83 62 44 64 7 66 74 38 84 16 60 51 9 30
best 368810
time 950176 ms
seed 9
