jobs 90
mach 20
init 0 55 16 68 8 90 51 42 1 28 60 71 10 78 54 64 41 39 81 89 30 53 36 34 27 47 2 32 74 12 52 63 14 11 31 49 40 48 73 37 83 9 70 13 5 25 26 17 80 29 88 77 86 23 21 69 57 87 67 24 35 43 19 4 3 7 58 66 62 82 76 56 59 61 79 45 18 15 65 46 33 6 85 72 44 38 84 22 20 50 75
best 426623
best 425502 step 1 time 599 ms
best 421782 step 2 time 809 ms
best 419655 step 5 time 1388 ms
best 418892 step 8 time 1835 ms
best 417533 step 10 time 2158 ms
best 417262 step 11 time 2292 ms
best 416765 step 16 time 3269 ms
best 414762 step 17 time 3413 ms
best 411176 step 18 time 3535 ms
best 409921 step 32 time 5878 ms
best 407642 step 218 time 39504 ms
best 407340 step 220 time 39917 ms
best 406893 step 221 time 40074 ms
best 404395 step 506 time 92879 ms
best 403847 step 1146 time 210193 ms
best 403091 step 2057 time 377315 ms
best 403068 step 2059 time 377483 ms
best 403007 step 3176 time 579752 ms
best 402210 step 4802 time 873059 ms
done 0 55 16 51 89 42 90 28 8 54 60 78 64 10 73 1 71 39 81 53 36 34 27 47 32 2 29 49 30 52 12 41 14 68 63 11 31 48 37 40 88 69 70 13 5 83 24 35 86 9 25 65 80 26 58 23 4 77 74 56 87 57 7 76 3 67 45 62 33 43 79 82 59 61 66 46 19 21 6 18 17 85 44 38 84 72 15 20 22 50 75
best 402210
time 950158 ms
seed 9
