jobs 90
mach 20
init 0 45 69 31 30 35 7 4 42 12 76 77 62 53 89 25 58 46 33 27 37 13 44 80 57 28 32 9 43 72 17 36 6 14 83 52 1 26 65 73 64 29 66 24 79 41 70 2 85 90 67 54 3 5 87 78 55 39 60 84 50 88 15 48 10 34 8 75 74 59 61 81 19 63 71 51 21 20 11 47 56 40 49 82 38 16 23 86 18 68 22
best 391748
best 379716 step 4 time 881 ms
best 371545 step 5 time 1141 ms
best 370461 step 6 time 1235 ms
best 368456 step 9 time 1820 ms
best 361874 step 10 time 1928 ms
best 360172 step 11 time 1994 ms
best 352517 step 18 time 3044 ms
best 348027 step 20 time 3320 ms
best 348015 step 22 time 3657 ms
best 347972 step 27 time 4437 ms
best 347967 step 228 time 35709 ms
best 345193 step 236 time 37286 ms
best 344115 step 559 time 89892 ms
best 341587 step 560 time 90100 ms
best 341010 step 1411 time 226364 ms
best 340548 step 1832 time 293356 ms
best 338283 step 2752 time 439689 ms
done 0 76 42 69 35 4 12 58 89 30 53 46 31 62 65 25 54 9 33 55 80 27 77 5 32 17 44 36 57 52 28 26 88 45 64 6 48 72 66 83 1 14 81 37 70 13 79 61 78 73 3 90 85 29 87 43 39 2 67 60 50 24 7 34 15 20 41 75 59 74 10 8 51 84 11 71 21 63 19 47 38 16 18 82 49 40 22 86 68 23 56
best 338283
time 950134 ms
seed 9
