jobs 90
mach 20
init 0 47 75 60 53 1 49 55 32 83 20 28 70 35 26 68 39 72 21 8 45 54 87 77 64 40 59 29 9 7 86 42 13 25 63 44 69 88 17 6 73 31 19 14 50 74 4 57 43 67 27 48 36 65 89 16 23 66 52 18 41 82 30 33 3 10 34 62 22 85 5 79 81 38 12 80 84 15 61 78 56 46 24 51 37 71 11 90 2 76 58
best 421142
best 416528 step 2 time 544 ms
best 412163 step 3 time 733 ms
best 410854 step 4 time 886 ms
best 404548 step 8 time 1488 ms
best 404194 step 10 time 1784 ms
best 401589 step 12 time 2202 ms
best 400344 step 13 time 2416 ms
best 400190 step 20 time 3746 ms
best 399280 step 21 time 3945 ms
best 395675 step 56 time 10400 ms
best 395621 step 57 time 10607 ms
best 394780 step 58 time 10780 ms
best 390869 step 61 time 11386 ms
best 390312 step 64 time 12050 ms
best 389869 step 66 time 12392 ms
best 389187 step 82 time 15318 ms
best 389085 step 183 time 33292 ms
best 388878 step 184 time 33416 ms
best 388711 step 185 time 33488 ms
best 387245 step 191 time 34346 ms
best 386871 step 219 time 39038 ms
best 386747 step 273 time 48507 ms
best 383153 step 274 time 48702 ms
done 0 47 26 75 20 53 83 59 73 18 64 55 28 1 39 32 68 35 8 44 45 30 40 77 87 72 29 70 25 89 42 49 27 21 69 7 63 22 13 17 54 16 9 6 57 14 74 50 67 81 4 48 65 31 66 36 88 62 23 38 43 86 52 41 19 60 82 34 33 10 79 85 84 5 80 12 3 76 15 61 11 78 24 51 2 71 37 90 46 56 58
best 383153
time 950033 ms
seed 9
