jobs 100
mach 20
init 0 25 48 31 100 19 64 99 45 96 21 89 9 75 65 4 35 1 63 77 92 38 6 83 61 51 91 23 29 68 86 39 24 32 97 49 73 95 52 87 66 60 50 82 94 70 17 59 44 71 47 85 37 36 42 79 22 93 62 34 3 14 41 18 11 12 88 16 98 2 15 30 67 27 7 46 13 72 84 53 54 55 90 80 26 56 20 10 40 78 8 76 58 5 69 33 43 28 81 74 57
best 509921
best 502141 step 2 time 886 ms
best 486467 step 3 time 1357 ms
best 483524 step 4 time 1675 ms
best 481872 step 5 time 2050 ms
best 478025 step 6 time 2288 ms
best 473715 step 7 time 2498 ms
best 469341 step 8 time 2896 ms
best 468887 step 10 time 3345 ms
best 468375 step 180 time 48296 ms
best 468367 step 309 time 81609 ms
best 467857 step 314 time 83088 ms
best 467291 step 842 time 225266 ms
best 465349 step 1163 time 309084 ms
best 463963 step 2242 time 596045 ms
best 462595 step 2596 time 688159 ms
done 0 69 25 48 31 92 4 38 97 75 23 19 21 65 99 82 73 24 51 9 64 63 100 35 22 6 39 29 77 68 87 45 86 1 50 96 49 89 70 17 32 95 83 79 52 59 66 62 34 3 71 36 37 98 94 85 44 41 14 47 42 60 91 11 18 88 16 67 93 7 72 2 15 13 20 53 78 55 61 40 84 76 90 8 30 80 56 26 54 46 10 27 33 12 5 58 43 28 81 74 57
best 462595
time 950166 ms
seed 10
