jobs 100
mach 20
init 0 72 22 26 92 80 63 27 97 67 33 71 50 23 86 16 1 99 41 88 68 47 34 70 91 51 37 13 25 6 87 30 54 96 61 89 94 21 100 39 98 17 12 55 32 84 93 24 36 18 3 20 45 83 95 75 43 69 2 82 15 42 35 10 79 52 46 73 49 62 85 53 76 4 11 29 5 90 9 7 78 40 74 56 60 31 64 19 81 66 57 65 48 59 44 14 28 38 8 58 77
best 379878
best 379820 step 1 time 944 ms
best 371182 step 3 time 1598 ms
best 368770 step 5 time 2031 ms
best 368744 step 6 time 2170 ms
best 366688 step 7 time 2479 ms
best 365278 step 46 time 12652 ms
best 363491 step 69 time 18954 ms
best 362019 step 70 time 19125 ms
best 361652 step 73 time 19827 ms
best 361537 step 171 time 44580 ms
best 354787 step 180 time 46955 ms
best 354670 step 554 time 146145 ms
best 353147 step 1319 time 344137 ms
best 351180 step 1322 time 344991 ms
done 0 91 27 26 13 72 92 80 97 22 63 67 99 87 37 88 50 68 16 41 70 86 93 52 47 1 25 23 34 33 96 6 98 61 30 89 12 55 94 100 51 39 17 43 32 84 54 20 69 71 36 18 42 45 10 3 24 75 83 82 2 73 95 35 21 15 79 49 62 85 53 46 4 29 5 90 76 31 7 48 60 78 9 56 19 11 40 57 77 74 65 44 64 66 81 14 59 28 8 38 58
best 351180
time 950177 ms
seed 10
