jobs 100
mach 20
init 0 66 98 50 22 25 21 26 29 69 61 38 36 95 79 55 59 90 99 35 14 80 83 96 16 85 11 81 17 30 8 89 13 75 37 15 31 40 32 53 94 92 47 41 51 3 10 27 24 91 2 68 63 18 19 23 56 1 87 54 72 28 67 57 44 97 45 7 46 58 86 48 77 100 33 65 74 34 5 93 4 70 43 49 6 78 71 20 9 62 64 73 42 60 84 88 82 39 12 76 52
best 464741
best 460402 step 1 time 988 ms
best 449733 step 8 time 2836 ms
best 445785 step 9 time 3253 ms
best 445683 step 10 time 3559 ms
best 442683 step 11 time 3863 ms
best 442163 step 12 time 4072 ms
best 442042 step 51 time 14734 ms
best 441406 step 53 time 15092 ms
best 440972 step 54 time 15293 ms
best 440013 step 56 time 15627 ms
best 439123 step 120 time 33916 ms
best 434572 step 122 time 34239 ms
best 434350 step 1065 time 281484 ms
best 432519 step 1920 time 503604 ms
best 431320 step 2312 time 607700 ms
done 0 98 22 99 21 25 26 29 61 36 38 95 30 2 55 35 79 85 15 1 80 69 17 83 96 11 8 89 37 13 16 32 53 94 50 75 91 31 40 23 92 47 72 14 3 63 19 51 10 27 86 59 24 90 44 87 54 56 41 66 28 68 81 45 100 18 65 67 43 57 7 78 58 48 77 97 33 34 4 5 74 70 93 20 49 46 73 42 60 62 6 84 82 39 71 9 88 64 52 76 12
best 431320
time 950040 ms
seed 10
