jobs 100
mach 20
init 0 26 64 52 16 39 72 80 82 61 29 12 11 18 57 33 63 54 90 65 17 53 89 42 7 49 20 79 25 43 97 99 69 13 92 77 81 86 15 59 78 100 88 28 56 5 84 44 40 95 8 9 1 68 50 6 45 19 37 27 73 55 71 14 3 93 24 96 85 23 83 67 4 38 51 30 47 66 87 46 98 58 62 60 94 76 10 70 41 32 75 31 48 34 36 21 22 35 91 74 2
best 579034
best 556961 step 1 time 661 ms
best 545537 step 2 time 923 ms
best 544653 step 4 time 1350 ms
best 543739 step 8 time 2479 ms
best 540537 step 10 time 3170 ms
best 538536 step 11 time 3407 ms
best 533170 step 16 time 4438 ms
best 533012 step 18 time 4672 ms
best 530234 step 40 time 10440 ms
best 528448 step 51 time 12916 ms
best 526254 step 52 time 13053 ms
best 525948 step 74 time 18205 ms
best 523815 step 88 time 22041 ms
best 520880 step 155 time 38549 ms
best 519361 step 3311 time 842823 ms
best 519003 step 3312 time 843133 ms
done 0 33 26 39 24 52 78 86 14 72 64 29 80 82 12 69 11 61 63 54 89 42 18 97 90 7 93 25 79 43 56 5 59 13 57 17 49 53 40 9 92 68 77 100 88 81 28 8 84 99 45 4 50 73 19 20 1 95 85 44 30 6 37 27 65 3 55 47 38 71 46 58 23 87 83 32 67 96 16 98 51 60 66 76 94 62 15 70 41 10 75 31 48 34 36 21 35 91 2 22 74
best 519003
time 950044 ms
seed 10
