jobs 100
mach 20
init 0 67 11 75 59 71 4 92 56 60 2 83 94 54 16 100 41 53 76 10 20 17 96 23 47 65 44 86 33 43 21 25 36 64 32 95 82 58 46 89 69 49 81 73 84 55 98 97 37 99 38 1 78 39 12 6 13 91 3 15 74 57 52 30 70 42 34 8 40 19 63 62 18 26 29 66 31 45 35 7 50 14 51 28 27 85 90 80 22 24 68 9 72 79 5 87 48 61 93 88 77
best 480852
best 479424 step 1 time 936 ms
best 476036 step 2 time 1136 ms
best 471009 step 3 time 1413 ms
best 469152 step 5 time 2099 ms
best 467159 step 17 time 4938 ms
best 464424 step 18 time 5330 ms
best 463465 step 20 time 5966 ms
best 460641 step 44 time 12620 ms
best 458623 step 45 time 12874 ms
best 455701 step 937 time 243143 ms
best 455393 step 938 time 243399 ms
best 455315 step 942 time 244325 ms
best 453227 step 943 time 244497 ms
best 452537 step 944 time 244682 ms
done 0 67 75 71 11 16 4 60 92 53 2 83 94 54 86 65 56 10 20 89 17 76 33 41 44 59 58 23 100 36 64 82 91 47 25 21 32 95 69 43 46 96 49 98 81 84 55 97 37 52 30 1 38 6 57 78 15 39 12 73 13 74 34 99 42 50 19 63 45 35 62 18 29 3 8 70 26 51 66 28 7 40 85 90 80 14 27 31 22 24 68 87 79 9 72 48 61 93 88 5 77
best 452537
time 950055 ms
seed 10
