jobs 100
mach 20
init 0 61 48 77 79 23 17 67 41 13 92 74 51 70 24 80 87 38 37 16 91 82 35 14 12 94 54 63 84 89 69 47 34 66 64 22 7 42 9 78 20 52 4 19 86 27 60 56 65 1 33 72 58 6 45 96 50 95 76 100 53 43 55 3 68 62 73 93 83 59 28 97 31 49 39 88 75 29 36 81 15 85 98 25 99 46 32 40 30 57 11 26 44 71 21 2 5 8 90 18 10
best 504164
best 495740 step 4 time 1367 ms
best 489924 step 9 time 3016 ms
best 489804 step 10 time 3374 ms
best 489600 step 12 time 3933 ms
best 488287 step 13 time 4209 ms
best 487969 step 16 time 5051 ms
best 485036 step 17 time 5399 ms
best 484346 step 176 time 46652 ms
best 483934 step 177 time 46904 ms
best 482859 step 296 time 76873 ms
best 482491 step 297 time 77215 ms
best 481181 step 447 time 114373 ms
best 480953 step 1062 time 270991 ms
best 477423 step 1984 time 508418 ms
best 476247 step 1989 time 509982 ms
best 474746 step 1995 time 511145 ms
best 473040 step 1998 time 511863 ms
best 472886 step 2000 time 512509 ms
done 0 61 13 41 17 77 79 51 37 58 67 92 38 70 80 74 54 42 22 24 12 87 23 82 35 86 63 91 69 9 52 94 34 16 56 65 19 14 7 64 20 33 84 4 72 31 6 66 89 47 60 1 93 96 76 100 43 62 68 50 73 28 27 83 59 48 81 78 29 97 45 95 39 55 75 53 32 49 88 3 85 36 98 25 99 26 11 15 71 40 30 57 46 44 21 2 8 90 5 18 10
best 472886
time 950000 ms
seed 10
