jobs 100
mach 20
init 0 56 62 74 15 39 57 16 81 3 14 55 24 96 91 83 38 66 94 10 71 64 68 97 11 23 75 80 26 29 54 100 25 30 98 84 41 21 33 69 27 92 49 76 52 18 82 19 9 13 6 70 77 12 46 63 59 36 95 43 34 4 51 1 50 93 61 42 73 79 5 78 31 88 32 17 35 2 72 58 37 67 48 86 20 45 7 87 8 28 60 90 65 85 89 53 44 40 99 22 47
best 600586
best 598190 step 2 time 1095 ms
best 596095 step 4 time 1912 ms
best 595044 step 5 time 2072 ms
best 593676 step 6 time 2291 ms
best 592172 step 7 time 2429 ms
best 587563 step 8 time 2732 ms
best 584607 step 34 time 9367 ms
best 579412 step 35 time 9816 ms
best 576917 step 38 time 10457 ms
best 575592 step 76 time 20347 ms
best 568617 step 534 time 150457 ms
done 0 56 62 55 24 39 57 10 46 74 81 83 3 16 93 14 15 38 66 23 71 29 68 11 64 96 97 75 80 84 33 54 91 26 98 94 70 52 27 41 63 25 19 12 92 100 21 73 6 49 9 13 61 77 34 43 18 82 51 4 30 69 17 76 67 36 1 88 35 42 2 78 50 32 95 59 58 37 8 31 86 5 48 79 87 72 53 44 7 40 20 45 28 60 90 65 85 89 99 22 47
best 568617
time 950200 ms
seed 10
