jobs 100
mach 20
init 0 94 71 61 79 37 19 45 78 17 33 95 44 68 27 2 25 73 80 1 40 54 24 82 8 70 47 55 92 63 42 41 38 53 65 64 32 39 97 62 43 6 5 14 67 87 81 50 83 11 77 69 76 3 48 34 31 10 46 86 15 60 35 75 98 52 49 28 16 72 4 88 100 58 84 21 74 20 90 51 93 56 23 26 30 22 29 18 89 7 13 96 99 85 12 36 57 91 66 9 59
best 568655
best 559143 step 1 time 1299 ms
best 549784 step 2 time 1612 ms
best 548179 step 3 time 2084 ms
best 540361 step 4 time 2259 ms
best 539941 step 5 time 2471 ms
best 538522 step 6 time 2736 ms
best 537568 step 7 time 3072 ms
best 536984 step 12 time 4838 ms
best 532687 step 24 time 8849 ms
best 529300 step 31 time 10696 ms
best 528146 step 33 time 11018 ms
best 526214 step 119 time 33423 ms
best 525076 step 190 time 50805 ms
best 524841 step 192 time 51496 ms
best 522374 step 193 time 51862 ms
best 521596 step 281 time 72932 ms
best 521385 step 284 time 73395 ms
best 520734 step 286 time 73822 ms
best 520032 step 287 time 74043 ms
best 518517 step 288 time 74262 ms
best 517805 step 2304 time 576574 ms
best 517040 step 2305 time 576751 ms
best 516873 step 2306 time 576905 ms
done 0 16 33 30 27 61 48 17 80 40 95 54 37 25 1 78 71 68 24 73 63 2 45 79 81 8 19 38 44 42 5 41 97 62 32 70 64 55 47 92 14 39 53 82 76 50 77 94 34 65 75 10 43 6 87 69 83 3 11 46 67 86 35 60 100 20 15 49 28 90 58 52 72 98 21 31 84 7 4 56 26 22 29 74 93 88 85 23 13 51 89 18 36 96 99 57 12 91 59 66 9
best 516873
time 950264 ms
seed 10
