jobs 50
mach 20
init 0 6 41 28 29 1 33 26 25 40 24 32 48 44 23 27 21 10 34 3 22 12 11 5 42 37 38 19 31 15 17 50 2 13 35 36 16 30 4 39 18 46 45 7 20 8 43 9 14 47 49
best 24558
best 20937 step 1 time 83 ms
best 20327 step 8 time 271 ms
best 19755 step 15 time 433 ms
best 18466 step 20 time 513 ms
best 18464 step 115 time 2825 ms
best 18405 step 117 time 2860 ms
best 18016 step 118 time 2881 ms
best 17964 step 2002 time 47309 ms
best 17938 step 4344 time 102862 ms
best 17839 step 6120 time 144021 ms
best 17833 step 15731 time 369571 ms
best 17759 step 30283 time 707604 ms
done 0 6 40 29 25 41 10 33 26 1 24 32 48 44 27 28 42 13 12 23 21 34 11 3 17 37 38 22 19 5 31 15 36 50 16 4 35 2 30 39 18 46 45 20 8 14 43 9 7 49 47
best 17759
time 950010 ms
seed 10
