jobs 50
mach 20
init 0 46 16 28 35 38 47 31 43 32 42 21 20 14 26 12 48 11 36 45 6 44 17 23 10 9 33 25 15 18 7 40 2 8 39 50 13 41 49 3 34 27 4 1 37 29 22 24 5 19 30
best 28652
best 27800 step 1 time 55 ms
best 24461 step 3 time 117 ms
best 24336 step 4 time 153 ms
best 24313 step 13 time 368 ms
best 24077 step 106 time 2230 ms
best 23985 step 535 time 10923 ms
best 23936 step 536 time 10931 ms
best 23770 step 2445 time 50289 ms
done 0 46 43 16 35 38 47 32 42 20 31 48 21 33 12 26 11 36 45 28 6 44 17 10 9 14 23 19 25 7 40 15 2 8 18 50 13 41 49 39 22 27 1 4 29 37 3 24 34 30 5
best 23770
time 950022 ms
seed 10
