jobs 50
mach 20
init 0 33 18 10 45 50 8 17 11 1 29 9 37 3 20 48 6 31 41 39 35 43 44 2 4 13 34 46 22 19 14 47 32 36 12 5 26 24 38 25 21 7 30 15 42 27 23 49 40 16 28
best 13061
best 12846 step 1 time 76 ms
best 12832 step 4 time 143 ms
best 12185 step 50 time 1146 ms
best 12081 step 62 time 1356 ms
best 12069 step 94 time 1918 ms
done 0 33 18 10 45 8 29 11 50 1 37 9 20 3 48 17 6 31 41 39 35 43 44 2 4 13 46 34 22 19 14 47 32 36 12 5 26 24 38 25 21 7 30 15 42 16 23 49 40 27 28
best 12069
time 950004 ms
seed 10
