jobs 50
mach 20
init 0 47 31 17 1 24 27 30 34 20 29 8 2 45 39 41 37 11 4 32 26 43 44 23 42 25 6 36 14 33 5 15 13 19 16 22 12 10 18 9 38 48 21 50 28 46 40 49 35 7 3
best 71901
best 69973 step 1 time 77 ms
best 69958 step 3 time 130 ms
best 66613 step 4 time 153 ms
best 66266 step 6 time 182 ms
best 65677 step 83 time 1526 ms
best 64908 step 110 time 1985 ms
best 64689 step 111 time 2013 ms
best 63590 step 455 time 8152 ms
best 63549 step 4022 time 70803 ms
best 63487 step 35064 time 609719 ms
done 0 47 17 23 31 1 24 27 29 34 8 30 20 2 45 39 41 42 37 11 4 32 44 12 36 14 26 43 33 5 50 22 13 6 15 19 16 25 18 48 10 38 9 49 35 28 46 21 40 3 7
best 63487
time 950013 ms
seed 10
