jobs 60
mach 20
init 0 3 43 46 49 54 1 48 36 8 35 38 20 37 11 7 57 16 55 18 28 13 24 31 29 26 50 15 53 12 25 32 5 17 33 58 9 14 41 27 42 40 30 47 19 59 2 45 22 10 44 4 52 56 39 23 21 60 6 34 51
best 70748
best 67733 step 1 time 178 ms
best 65300 step 4 time 317 ms
best 64963 step 7 time 446 ms
best 64943 step 10 time 546 ms
best 64929 step 211 time 9331 ms
best 64892 step 244 time 10829 ms
best 64773 step 245 time 10866 ms
best 64676 step 247 time 10971 ms
best 64299 step 8222 time 355659 ms
done 0 3 43 46 49 54 11 1 36 35 48 20 38 7 37 8 57 16 55 18 28 13 24 29 5 31 50 26 45 12 53 25 41 32 17 58 14 9 27 40 15 30 33 42 6 51 2 59 44 47 22 19 10 56 4 23 21 60 52 39 34
best 64299
time 950025 ms
seed 10
