jobs 60
mach 20
init 0 53 31 36 58 38 5 55 42 9 28 4 20 22 47 52 44 54 14 21 33 41 40 6 23 15 27 30 10 39 35 1 25 29 2 48 7 43 24 3 18 37 57 16 12 32 34 13 46 50 45 60 49 8 11 59 51 26 56 19 17
best 88122
best 85916 step 2 time 193 ms
best 85887 step 5 time 300 ms
best 85712 step 9 time 444 ms
best 85676 step 10 time 488 ms
best 85319 step 13 time 576 ms
best 84738 step 28 time 1041 ms
best 84735 step 30 time 1103 ms
best 84546 step 39 time 1300 ms
best 84086 step 110 time 3800 ms
best 83980 step 130 time 4384 ms
best 83808 step 137 time 4618 ms
best 83752 step 138 time 4647 ms
best 83604 step 1454 time 47388 ms
best 83544 step 12629 time 412908 ms
done 0 53 31 36 58 38 5 55 42 9 28 4 20 22 52 21 47 44 6 54 14 41 40 33 23 35 25 15 27 1 39 10 30 18 29 2 7 43 24 3 37 13 57 16 12 32 34 50 8 46 49 48 60 51 59 11 45 26 19 17 56
best 83544
time 950001 ms
seed 10
