jobs 70
mach 20
init 0 23 12 29 22 32 50 27 67 36 24 64 54 63 66 51 61 45 44 34 13 38 8 41 48 25 16 3 43 65 9 37 11 53 2 6 68 26 58 31 33 46 19 40 18 39 20 70 7 49 57 52 56 42 28 4 47 1 62 60 21 5 30 10 55 35 15 14 17 59 69
best 176286
best 175015 step 4 time 850 ms
best 170814 step 6 time 1118 ms
best 168355 step 22 time 3287 ms
best 168274 step 70 time 10520 ms
best 167383 step 102 time 14912 ms
best 161677 step 133 time 18649 ms
best 161570 step 2423 time 329400 ms
best 161101 step 2794 time 379791 ms
best 160800 step 2909 time 395586 ms
best 159729 step 2912 time 395902 ms
done 0 23 29 22 27 36 24 50 13 38 63 64 66 51 67 8 61 44 16 25 53 32 9 56 34 41 65 37 11 45 43 3 12 6 54 2 48 68 26 58 42 20 31 33 46 19 40 70 7 18 49 57 39 52 28 4 47 1 62 60 21 30 14 59 15 5 10 55 35 17 69
best 159729
time 950076 ms
seed 10
