jobs 70
mach 20
init 0 47 34 32 55 53 70 20 27 56 38 3 16 15 41 33 64 26 42 22 13 68 2 12 7 14 50 54 28 52 30 11 37 1 10 36 4 35 39 45 57 44 67 21 25 65 6 8 9 63 17 62 24 66 59 61 46 51 60 31 43 69 29 48 40 19 23 49 58 18 5
best 161723
best 160122 step 1 time 270 ms
best 157230 step 3 time 417 ms
best 157214 step 4 time 475 ms
best 152938 step 5 time 584 ms
best 152937 step 6 time 618 ms
best 151746 step 7 time 694 ms
best 151578 step 15 time 1220 ms
best 150382 step 17 time 1319 ms
best 148098 step 153 time 11035 ms
best 148081 step 216 time 15673 ms
best 147876 step 221 time 16129 ms
best 147866 step 228 time 16561 ms
best 146632 step 427 time 31118 ms
best 146387 step 435 time 31564 ms
best 146239 step 440 time 31885 ms
best 145536 step 617 time 44102 ms
best 144255 step 3532 time 255545 ms
done 0 47 34 32 55 16 27 53 70 56 38 28 20 11 3 4 41 50 64 54 26 2 12 68 13 15 42 1 25 21 39 22 7 14 10 30 52 33 36 35 45 57 44 37 65 6 8 9 63 17 66 62 67 60 59 24 61 31 46 29 51 40 69 48 18 43 23 19 58 49 5
best 144255
time 950054 ms
seed 10
