jobs 70
mach 20
init 0 13 53 34 45 23 56 17 24 15 26 57 5 69 37 60 49 33 12 11 52 67 10 59 22 44 61 6 32 35 68 55 9 42 21 30 7 8 14 40 16 28 25 63 43 31 47 70 58 50 65 19 46 54 41 38 27 4 20 64 18 51 39 62 1 29 48 36 3 2 66
best 159900
best 152301 step 1 time 239 ms
best 151378 step 3 time 433 ms
best 150835 step 4 time 512 ms
best 146659 step 8 time 752 ms
best 145824 step 13 time 1241 ms
best 145316 step 15 time 1333 ms
best 144900 step 16 time 1391 ms
best 144731 step 34 time 2514 ms
best 143151 step 48 time 3521 ms
best 140935 step 346 time 23119 ms
best 140553 step 1275 time 84373 ms
best 140410 step 3050 time 201306 ms
best 140271 step 3052 time 201407 ms
best 140270 step 6276 time 411885 ms
best 139196 step 6791 time 445612 ms
best 138961 step 14413 time 945231 ms
best 138885 step 14415 time 945353 ms
best 138723 step 14416 time 945394 ms
best 138709 step 14419 time 945593 ms
done 0 23 56 42 5 45 34 53 54 55 13 15 26 37 49 17 57 67 60 69 33 11 10 7 52 22 68 44 6 21 32 16 24 12 47 59 14 30 9 8 35 28 70 40 4 43 25 58 50 61 65 63 19 46 41 38 20 64 39 51 18 27 31 1 36 62 66 48 29 3 2
best 138709
time 950042 ms
seed 10
