jobs 70
mach 20
init 0 28 10 25 59 43 41 58 15 3 9 38 47 22 14 61 49 52 21 6 37 32 53 4 13 46 16 20 36 62 57 35 11 68 48 29 12 1 67 55 31 65 54 42 30 51 70 27 40 26 24 19 39 66 56 18 60 69 2 63 34 33 64 44 23 7 45 50 8 17 5
best 148315
best 133692 step 2 time 329 ms
best 133522 step 16 time 1138 ms
best 133020 step 20 time 1436 ms
best 131071 step 22 time 1543 ms
best 130226 step 24 time 1627 ms
best 129731 step 25 time 1686 ms
best 129721 step 33 time 2118 ms
best 129388 step 36 time 2286 ms
best 128097 step 37 time 2372 ms
best 127673 step 162 time 10707 ms
best 126301 step 428 time 28662 ms
best 126221 step 1848 time 121585 ms
best 125578 step 3400 time 224823 ms
best 125015 step 7413 time 489980 ms
done 0 53 59 41 22 28 15 43 51 3 10 9 21 25 47 14 61 58 6 49 32 13 68 52 16 37 46 57 48 4 20 36 55 66 11 31 35 29 1 12 54 42 67 40 65 30 38 70 27 26 62 39 24 18 19 2 63 56 44 69 23 7 45 60 34 64 17 33 50 5 8
best 125015
time 950005 ms
seed 10
