jobs 70
mach 20
init 0 24 64 38 18 10 26 41 42 6 15 56 17 34 59 13 20 54 27 65 45 50 25 16 14 57 30 53 12 69 63 8 31 55 58 9 36 44 11 7 47 66 62 22 29 33 52 4 49 28 68 23 43 1 19 21 67 5 32 70 60 39 2 35 61 51 3 48 37 40 46
best 159629
best 153082 step 1 time 289 ms
best 152732 step 2 time 356 ms
best 146712 step 4 time 554 ms
best 146593 step 5 time 628 ms
best 146553 step 6 time 724 ms
best 146320 step 8 time 904 ms
best 145259 step 10 time 1089 ms
best 142817 step 39 time 3079 ms
best 142655 step 42 time 3294 ms
best 142626 step 43 time 3375 ms
best 142354 step 45 time 3519 ms
best 141909 step 52 time 3994 ms
best 140546 step 53 time 4027 ms
best 140505 step 1393 time 96887 ms
best 140098 step 1394 time 96969 ms
best 139982 step 1431 time 99491 ms
best 139980 step 1828 time 127026 ms
best 139566 step 1831 time 127184 ms
done 0 24 27 64 38 15 18 10 20 6 41 56 26 17 42 13 31 34 54 65 45 62 50 59 52 14 25 53 57 12 69 30 11 63 8 16 55 58 9 36 44 47 66 29 7 33 22 19 43 49 68 23 2 4 21 39 28 67 1 5 51 32 60 35 61 40 70 48 37 3 46
best 139566
time 950045 ms
seed 10
