jobs 70
mach 20
init 0 38 11 61 14 25 64 13 52 69 46 17 68 63 15 59 58 29 12 44 70 20 40 54 66 60 34 7 9 24 23 10 47 22 51 41 18 36 33 6 3 4 65 42 27 8 57 16 32 1 67 5 31 21 26 50 53 48 37 35 56 55 45 39 62 2 30 28 49 19 43
best 212567
best 211782 step 1 time 235 ms
best 209110 step 6 time 622 ms
best 207678 step 9 time 809 ms
best 206063 step 12 time 1102 ms
best 204865 step 15 time 1247 ms
best 203019 step 16 time 1349 ms
best 200223 step 19 time 1532 ms
best 197919 step 20 time 1608 ms
best 196420 step 1039 time 69263 ms
best 196359 step 1041 time 69368 ms
best 196168 step 1061 time 70477 ms
best 196061 step 1934 time 129488 ms
best 195707 step 1935 time 129562 ms
best 194368 step 2755 time 183663 ms
best 194023 step 2756 time 183694 ms
done 0 38 11 13 61 14 69 12 17 68 64 25 63 44 29 60 66 59 15 46 58 20 40 7 9 6 70 31 54 24 67 41 23 10 3 34 55 22 33 51 36 47 4 18 65 27 42 21 5 52 8 57 53 1 32 56 48 37 16 26 50 35 45 39 30 62 2 28 49 19 43
best 194023
time 950001 ms
seed 10
