jobs 70
mach 20
init 0 8 41 9 31 12 4 35 25 65 32 46 14 51 53 52 21 56 68 19 2 34 47 59 39 17 38 36 22 30 23 64 7 10 1 50 18 24 61 62 67 6 16 15 57 69 44 58 27 70 43 20 66 54 33 5 60 29 63 11 40 49 13 48 3 37 26 28 42 55 45
best 131683
best 130736 step 2 time 329 ms
best 129718 step 3 time 405 ms
best 125962 step 5 time 653 ms
best 125364 step 10 time 1057 ms
best 125275 step 16 time 1708 ms
best 124934 step 47 time 4628 ms
best 124824 step 48 time 4677 ms
best 124491 step 51 time 4913 ms
best 124422 step 52 time 4985 ms
best 124214 step 53 time 5064 ms
best 121785 step 76 time 7205 ms
best 121194 step 82 time 7646 ms
best 121145 step 83 time 7699 ms
best 118227 step 87 time 8044 ms
best 117395 step 619 time 53793 ms
best 116854 step 620 time 53929 ms
best 116618 step 2341 time 199754 ms
best 116530 step 4311 time 364938 ms
best 115924 step 4312 time 365010 ms
best 114672 step 9775 time 818483 ms
done 0 8 35 25 31 4 32 9 68 46 12 65 14 53 51 2 21 56 19 10 23 39 47 34 1 17 50 7 36 22 64 59 38 30 41 6 24 62 61 15 67 18 16 52 69 66 57 58 70 43 44 20 54 5 60 29 49 63 11 40 37 13 27 33 48 3 26 28 42 55 45
best 114672
time 950009 ms
seed 10
