jobs 70
mach 20
init 0 15 11 43 53 51 61 24 26 23 42 52 14 45 8 35 62 4 49 5 69 59 56 68 55 25 44 64 37 17 57 40 6 18 34 48 2 70 29 28 13 32 50 21 16 67 31 65 41 20 7 66 22 19 58 33 12 9 60 63 27 47 54 10 1 30 38 36 39 46 3
best 123614
best 123232 step 2 time 227 ms
best 120868 step 4 time 429 ms
best 120228 step 7 time 540 ms
best 119710 step 9 time 698 ms
best 116470 step 13 time 1006 ms
best 116374 step 14 time 1067 ms
best 115104 step 16 time 1269 ms
best 114494 step 17 time 1328 ms
best 114335 step 52 time 4061 ms
best 114282 step 53 time 4109 ms
best 113592 step 58 time 4463 ms
best 113493 step 360 time 24757 ms
best 113334 step 1693 time 112061 ms
best 112332 step 11686 time 772457 ms
done 0 4 43 15 51 53 61 11 26 24 23 5 14 45 8 35 62 59 42 55 52 56 37 69 49 17 57 68 28 64 6 25 18 70 32 2 29 50 34 48 44 41 40 13 21 16 67 31 65 20 7 9 19 22 66 33 60 12 63 27 58 47 10 30 36 1 39 54 38 46 3
best 112332
time 950077 ms
seed 10
