jobs 70
mach 20
init 0 6 11 58 3 43 22 62 18 57 14 9 60 55 5 21 38 64 50 70 69 35 42 52 13 56 30 54 15 41 53 17 44 63 2 28 40 67 65 32 31 26 1 24 68 19 34 47 46 20 29 27 59 4 51 66 8 61 10 16 25 36 45 39 23 49 7 48 33 12 37
best 134173
best 134094 step 1 time 227 ms
best 133401 step 5 time 554 ms
best 132688 step 6 time 639 ms
best 132519 step 10 time 879 ms
best 132457 step 11 time 942 ms
best 131925 step 13 time 1048 ms
best 130701 step 14 time 1110 ms
best 130483 step 33 time 2603 ms
best 128708 step 119 time 8092 ms
best 126957 step 122 time 8290 ms
best 126366 step 861 time 55100 ms
done 0 6 54 60 18 35 14 9 3 43 57 62 55 5 21 58 70 11 38 69 64 50 42 13 31 56 8 15 30 53 17 52 44 1 63 2 41 22 67 29 28 40 26 68 19 34 47 32 51 20 24 65 46 4 66 36 59 45 10 16 25 27 61 33 39 48 23 12 49 37 7
best 126366
time 950022 ms
seed 10
