jobs 80
mach 20
init 0 44 31 47 21 59 29 57 54 50 18 32 15 3 72 41 34 67 56 64 7 71 43 66 60 75 4 23 74 17 49 63 38 62 8 25 19 13 52 14 10 36 48 30 2 22 45 73 28 58 76 68 40 46 53 78 11 55 35 69 77 42 20 39 33 27 61 80 16 51 79 6 24 1 26 65 12 5 9 37 70
best 324800
best 307106 step 1 time 495 ms
best 300559 step 2 time 636 ms
best 290766 step 4 time 955 ms
best 290218 step 5 time 1022 ms
best 287228 step 10 time 1592 ms
best 284213 step 14 time 2226 ms
best 284171 step 15 time 2347 ms
best 284139 step 16 time 2491 ms
best 284100 step 3620 time 475011 ms
best 282678 step 4097 time 536130 ms
best 282457 step 4215 time 551871 ms
done 0 38 56 47 3 59 17 31 21 32 42 57 50 34 15 60 29 18 67 64 72 54 66 71 43 49 4 62 8 74 7 23 41 78 13 14 69 19 52 44 73 36 48 30 2 22 45 76 55 46 28 11 58 75 35 68 40 20 27 53 63 39 10 80 61 26 25 33 16 77 5 24 1 51 65 79 6 12 9 37 70
best 282457
time 950053 ms
seed 10
