jobs 80
mach 20
init 0 23 47 79 36 28 74 56 6 27 77 37 80 12 59 55 7 75 61 60 11 14 16 38 26 53 69 33 18 43 71 9 30 42 54 67 49 58 66 51 5 63 8 45 62 70 24 65 52 21 32 13 34 4 48 20 17 64 35 57 2 40 72 15 22 10 29 46 50 76 39 41 1 25 3 78 31 73 68 44 19
best 309662
best 309629 step 1 time 436 ms
best 309490 step 4 time 735 ms
best 304598 step 15 time 2104 ms
best 304292 step 17 time 2268 ms
best 303333 step 19 time 2412 ms
best 298032 step 56 time 6673 ms
best 296364 step 70 time 8276 ms
best 294129 step 71 time 8413 ms
best 293653 step 74 time 8830 ms
best 291460 step 75 time 9032 ms
best 291215 step 95 time 11296 ms
best 290650 step 864 time 97738 ms
best 290427 step 868 time 98203 ms
best 290162 step 1111 time 124122 ms
best 289553 step 1123 time 125564 ms
best 288371 step 2173 time 244760 ms
done 0 47 79 36 59 23 77 28 56 37 45 12 61 55 6 21 38 14 80 7 75 71 70 40 27 18 26 69 16 11 54 51 43 42 53 30 33 8 58 13 52 32 63 67 66 9 24 5 74 62 4 60 72 65 34 17 57 50 49 22 64 35 15 48 2 10 76 46 39 41 29 25 20 31 3 1 73 78 68 44 19
best 288371
time 950107 ms
seed 10
