jobs 80
mach 20
init 0 68 20 71 46 65 43 9 25 24 60 39 26 54 76 35 56 70 72 27 14 10 66 34 41 42 2 64 31 22 61 47 51 17 5 38 15 52 11 13 53 33 49 59 40 57 80 50 18 69 4 45 75 23 62 12 74 44 1 28 16 48 30 63 37 3 36 55 32 77 67 6 19 8 78 58 29 73 21 79 7
best 246965
best 242410 step 1 time 360 ms
best 238968 step 2 time 478 ms
best 234464 step 56 time 6202 ms
best 233008 step 57 time 6409 ms
best 232933 step 214 time 25677 ms
best 230904 step 218 time 26260 ms
best 230840 step 219 time 26332 ms
best 229364 step 534 time 66366 ms
best 229288 step 536 time 66607 ms
best 228973 step 682 time 84785 ms
best 228953 step 683 time 84886 ms
best 228624 step 702 time 86884 ms
best 226827 step 861 time 107080 ms
best 226813 step 1622 time 200731 ms
best 225643 step 1623 time 200955 ms
done 0 68 20 71 46 60 65 54 26 9 25 43 24 27 22 39 70 72 10 14 76 66 33 35 42 2 41 61 64 34 56 47 50 38 51 18 31 5 59 11 53 17 57 80 49 52 75 40 4 12 45 69 23 48 62 13 15 44 1 37 30 3 28 74 55 78 16 67 32 36 6 77 19 8 21 58 29 63 73 79 7
best 225643
time 950112 ms
seed 10
