jobs 80
mach 20
init 0 67 22 54 7 16 23 18 64 39 42 14 5 58 77 19 80 66 49 38 51 75 40 60 34 26 63 3 69 72 47 27 50 35 11 48 1 33 74 41 46 21 79 56 61 45 4 6 68 62 78 9 29 25 73 37 15 8 36 52 53 31 65 17 57 43 28 59 10 20 70 13 44 71 12 2 24 76 55 32 30
best 222889
best 221991 step 12 time 1575 ms
best 221374 step 179 time 18921 ms
best 220912 step 182 time 19339 ms
best 220698 step 183 time 19413 ms
best 220307 step 188 time 19801 ms
best 219157 step 803 time 86673 ms
best 218646 step 5987 time 652963 ms
best 218111 step 6447 time 703023 ms
best 217298 step 8038 time 880181 ms
best 217022 step 8039 time 880253 ms
best 216854 step 8045 time 880816 ms
done 0 67 22 54 16 7 42 64 39 77 5 18 14 23 66 58 19 80 38 49 51 75 34 72 33 27 63 40 79 3 69 74 50 47 26 35 11 41 46 48 25 56 1 60 62 65 21 45 6 4 61 78 29 68 36 15 52 9 73 31 8 37 59 76 17 57 28 70 53 43 12 71 10 20 13 2 24 32 55 44 30
best 216854
time 950051 ms
seed 10
