jobs 80
mach 20
init 0 47 5 3 25 53 1 18 15 48 72 45 21 2 43 77 76 59 67 44 31 80 69 55 32 4 79 30 73 9 29 12 40 28 63 57 11 22 74 27 50 19 70 75 39 16 36 14 65 62 64 71 17 78 51 66 26 68 60 24 7 52 46 42 56 13 35 41 6 20 33 10 8 58 34 37 49 23 38 54 61
best 226673
best 225057 step 3 time 862 ms
best 224827 step 5 time 1008 ms
best 223418 step 9 time 1450 ms
best 221264 step 10 time 1593 ms
best 220322 step 13 time 1899 ms
best 219532 step 24 time 3218 ms
best 219077 step 26 time 3419 ms
best 218119 step 27 time 3639 ms
best 218116 step 37 time 4808 ms
best 216871 step 172 time 21622 ms
best 213948 step 620 time 78523 ms
best 213456 step 741 time 94793 ms
best 213335 step 856 time 109080 ms
best 213193 step 4395 time 553237 ms
done 0 47 5 26 21 72 53 1 15 59 25 48 30 18 45 3 2 76 43 77 44 31 67 4 28 80 73 71 57 69 55 29 12 32 40 22 39 16 9 11 74 27 19 50 79 75 63 51 17 65 62 78 70 66 14 36 24 64 68 60 33 42 56 7 49 52 46 13 35 41 20 10 8 58 6 34 23 38 37 54 61
best 213193
time 950012 ms
seed 10
