jobs 80
mach 20
init 0 19 25 41 47 18 71 29 2 57 62 53 17 14 66 42 15 65 12 11 23 63 4 37 38 52 58 73 22 79 21 70 55 26 13 6 72 59 50 30 67 28 7 39 77 35 54 75 76 78 1 61 60 24 74 33 40 34 10 3 20 80 9 49 36 64 31 27 43 46 44 8 32 69 48 68 5 51 56 16 45
best 276726
best 275526 step 1 time 247 ms
best 270847 step 2 time 416 ms
best 265881 step 3 time 575 ms
best 265830 step 4 time 674 ms
best 258762 step 5 time 834 ms
best 256084 step 6 time 942 ms
best 254231 step 7 time 1015 ms
best 252734 step 51 time 6454 ms
best 250978 step 62 time 7833 ms
best 250127 step 63 time 7935 ms
best 247292 step 64 time 8094 ms
best 247267 step 65 time 8200 ms
best 247252 step 66 time 8271 ms
best 246294 step 74 time 9155 ms
best 246075 step 79 time 9881 ms
best 244308 step 454 time 53131 ms
best 244285 step 456 time 53351 ms
best 243249 step 3226 time 383393 ms
done 0 66 25 53 47 17 29 2 18 57 19 71 62 58 42 14 4 38 41 11 65 21 63 76 20 22 15 50 73 79 55 70 37 52 13 59 6 75 74 72 28 61 30 12 39 26 77 35 78 54 23 24 60 3 1 10 7 34 33 40 27 67 36 64 31 44 9 46 49 8 69 43 5 80 32 48 68 56 16 51 45
best 243249
time 950031 ms
seed 10
