jobs 80
mach 20
init 0 70 58 36 23 21 55 25 1 77 74 66 27 68 31 16 40 3 4 56 50 75 8 18 33 49 57 69 44 45 6 22 5 51 11 34 61 14 20 30 53 46 79 10 62 35 52 32 17 28 7 76 29 73 41 12 78 80 37 38 64 47 63 60 42 19 26 65 13 43 48 9 39 2 24 15 71 72 67 59 54
best 287215
best 283019 step 1 time 349 ms
best 279163 step 2 time 578 ms
best 276962 step 3 time 766 ms
best 275664 step 6 time 1145 ms
best 271832 step 8 time 1412 ms
best 270249 step 9 time 1633 ms
best 269354 step 12 time 1964 ms
best 264099 step 25 time 3512 ms
best 263248 step 26 time 3609 ms
best 262563 step 27 time 3678 ms
best 261735 step 29 time 3927 ms
best 261403 step 131 time 15632 ms
best 260462 step 132 time 15817 ms
best 258989 step 139 time 16596 ms
best 258709 step 141 time 16786 ms
best 257774 step 142 time 16866 ms
best 256426 step 159 time 18623 ms
best 255300 step 179 time 21006 ms
best 254486 step 3264 time 376266 ms
best 253733 step 3279 time 377878 ms
best 253649 step 3280 time 377968 ms
best 252683 step 4719 time 544709 ms
done 0 21 65 68 23 1 36 25 58 70 4 77 55 66 31 33 16 40 17 74 11 8 69 3 57 20 27 49 56 44 75 22 53 50 46 5 34 14 73 80 6 45 30 18 19 10 52 79 48 32 76 62 7 28 12 63 61 41 51 78 35 64 29 2 9 47 37 38 42 13 60 43 71 67 26 39 15 24 72 54 59
best 252683
time 950083 ms
seed 10
