jobs 90
mach 20
init 0 39 9 75 20 64 83 1 32 59 55 28 49 35 74 60 53 72 68 8 17 26 45 30 77 25 87 52 40 29 42 21 73 89 13 7 18 14 63 86 57 6 69 50 62 4 48 54 67 36 31 79 65 43 70 23 33 66 44 27 88 19 41 82 84 38 10 34 16 47 85 80 22 81 12 3 78 90 24 61 5 51 11 2 46 37 76 15 71 58 56
best 415454
best 407918 step 1 time 649 ms
best 404648 step 2 time 793 ms
best 400501 step 3 time 1065 ms
best 397832 step 5 time 1620 ms
best 395933 step 6 time 1770 ms
best 395708 step 8 time 2181 ms
best 394457 step 10 time 2516 ms
best 394013 step 13 time 3218 ms
best 392318 step 17 time 3868 ms
best 388386 step 20 time 4424 ms
best 388072 step 27 time 5335 ms
best 387297 step 287 time 51337 ms
best 386031 step 1462 time 254118 ms
best 384218 step 1465 time 254620 ms
best 384210 step 4625 time 795337 ms
done 0 26 75 20 53 60 83 55 49 28 1 70 39 68 35 59 64 18 45 8 30 87 40 72 22 77 52 42 7 73 32 89 13 29 25 63 21 17 16 74 36 9 86 57 81 14 67 6 4 48 50 65 62 31 66 44 69 88 23 38 43 41 54 19 82 34 27 79 85 84 5 3 33 80 12 76 47 78 61 37 71 10 24 51 2 90 11 15 56 46 58
best 384210
time 950145 ms
seed 10
