jobs 90
mach 20
init 0 85 7 71 49 58 74 54 11 12 36 15 21 41 6 48 17 44 38 20 34 3 28 24 79 27 76 88 81 83 43 46 22 60 31 68 62 61 33 29 63 87 75 56 84 51 23 70 25 2 18 90 37 26 72 50 57 5 13 45 89 66 67 69 53 39 30 10 47 35 59 16 19 42 73 80 78 14 4 8 55 77 1 82 9 65 32 52 86 64 40
best 444752
best 433975 step 2 time 872 ms
best 430794 step 3 time 1134 ms
best 429678 step 5 time 1514 ms
best 424166 step 6 time 1722 ms
best 414925 step 12 time 2953 ms
best 414490 step 19 time 3925 ms
best 413132 step 39 time 7276 ms
best 412696 step 40 time 7419 ms
best 411133 step 41 time 7560 ms
best 403913 step 53 time 9758 ms
best 402834 step 55 time 10014 ms
best 402693 step 633 time 110712 ms
best 399907 step 881 time 150928 ms
best 399875 step 884 time 151284 ms
best 399073 step 4196 time 720957 ms
done 0 48 49 54 11 58 36 7 71 74 90 85 12 24 21 6 70 79 20 28 84 46 38 41 66 44 76 3 27 31 68 17 15 18 81 83 43 22 62 57 61 51 75 60 34 33 37 2 87 72 23 26 56 29 25 47 45 63 19 80 5 50 53 69 88 35 67 30 13 10 59 39 89 65 16 77 73 42 8 78 82 55 86 14 32 52 1 9 4 64 40
best 399073
time 950045 ms
seed 10
