jobs 90
mach 20
init 0 52 85 57 33 22 2 12 24 20 67 81 31 54 14 42 28 5 11 48 32 25 34 71 10 43 50 17 46 18 39 63 69 78 75 45 68 87 88 82 79 23 37 90 86 26 29 15 70 6 4 40 61 19 1 21 27 49 55 59 76 56 53 13 73 47 65 41 77 58 80 35 72 89 8 3 7 36 44 64 83 16 51 9 62 66 60 74 38 84 30
best 395251
best 394857 step 1 time 466 ms
best 388551 step 2 time 631 ms
best 386152 step 10 time 2176 ms
best 383712 step 11 time 2329 ms
best 382546 step 12 time 2477 ms
best 380453 step 15 time 3058 ms
best 380418 step 16 time 3322 ms
best 380066 step 36 time 6707 ms
best 378045 step 37 time 6941 ms
best 377370 step 42 time 7862 ms
best 375947 step 43 time 8067 ms
best 374185 step 44 time 8223 ms
best 373584 step 250 time 44028 ms
best 370860 step 253 time 44731 ms
best 370819 step 256 time 45192 ms
best 368747 step 424 time 72435 ms
best 368726 step 4073 time 685250 ms
done 0 52 85 12 57 2 33 77 21 71 20 45 24 67 81 42 28 27 54 14 79 5 46 88 48 32 43 10 37 87 63 34 75 23 69 26 78 68 82 17 18 40 31 39 90 22 86 1 6 70 4 61 29 35 25 49 59 11 65 19 55 15 53 76 50 58 56 73 13 80 41 47 89 8 36 3 83 66 72 16 44 64 7 84 60 62 74 38 51 30 9
best 368726
time 950064 ms
seed 10
