jobs 90
mach 20
init 0 60 87 75 72 34 11 78 6 83 82 56 61 66 8 51 15 12 39 86 13 57 35 71 31 2 46 20 50 52 67 10 90 44 21 33 4 55 48 26 80 53 32 58 29 65 22 69 77 89 54 27 88 14 3 37 42 84 30 63 17 36 85 28 49 16 81 25 23 73 76 62 79 41 7 19 64 68 5 47 18 43 24 38 45 1 70 59 9 74 40
best 347600
best 347377 step 1 time 260 ms
best 338351 step 2 time 423 ms
best 334494 step 3 time 687 ms
best 331713 step 8 time 1307 ms
best 327038 step 15 time 2457 ms
best 326334 step 22 time 3440 ms
best 324997 step 27 time 4295 ms
best 323643 step 28 time 4439 ms
best 318998 step 32 time 5068 ms
best 317789 step 33 time 5203 ms
best 316991 step 38 time 6104 ms
best 316831 step 39 time 6185 ms
best 315964 step 50 time 8021 ms
best 315223 step 79 time 13281 ms
best 315181 step 80 time 13551 ms
best 312959 step 81 time 13713 ms
best 312566 step 84 time 14210 ms
best 309386 step 104 time 17391 ms
best 309341 step 3278 time 543635 ms
done 0 12 36 72 87 60 83 15 6 71 34 11 88 31 61 66 2 20 51 46 82 78 57 52 56 67 8 35 50 39 13 21 32 44 77 58 55 90 33 10 48 28 4 30 65 75 26 80 22 69 54 53 27 29 89 3 84 37 14 63 42 17 16 86 25 85 49 62 73 23 76 81 68 79 41 38 7 47 19 43 45 18 64 24 9 5 1 74 59 70 40
best 309341
time 950055 ms
seed 10
