jobs 90
mach 20
init 0 12 11 51 42 70 7 6 10 61 17 80 76 69 19 45 15 77 32 59 56 65 84 52 35 40 58 2 50 60 43 13 88 27 34 75 16 67 68 29 30 74 37 55 1 8 22 9 81 54 71 87 73 72 39 78 41 24 57 49 26 48 85 66 63 90 14 79 20 89 3 46 53 44 23 31 5 4 36 25 33 86 64 62 21 82 18 38 47 28 83
best 447186
best 447149 step 1 time 432 ms
best 444655 step 5 time 1147 ms
best 444587 step 6 time 1247 ms
best 441535 step 8 time 1617 ms
best 440457 step 9 time 1769 ms
best 438168 step 10 time 1914 ms
best 432507 step 11 time 2223 ms
best 427950 step 13 time 2616 ms
best 427689 step 15 time 3070 ms
best 427509 step 17 time 3489 ms
best 424940 step 21 time 4330 ms
best 423191 step 25 time 5012 ms
best 420973 step 27 time 5371 ms
best 420794 step 28 time 5490 ms
best 418772 step 32 time 6332 ms
best 413868 step 33 time 6567 ms
best 413336 step 34 time 6700 ms
best 412662 step 57 time 10213 ms
best 412459 step 58 time 10349 ms
best 410215 step 61 time 10839 ms
best 409932 step 149 time 28048 ms
best 405728 step 155 time 28935 ms
best 403457 step 566 time 100822 ms
done 0 12 51 11 65 45 58 35 42 61 6 27 7 22 76 70 15 75 19 84 50 52 17 34 77 32 59 56 2 8 60 69 55 43 71 39 40 10 66 1 9 74 37 24 88 30 90 67 87 72 73 54 16 78 29 81 48 49 26 68 80 85 44 46 41 13 89 63 14 20 79 53 82 57 23 31 5 4 25 18 21 36 3 33 86 64 62 83 47 38 28
best 403457
time 950024 ms
seed 10
