jobs 90
mach 20
init 0 5 30 88 13 65 52 75 44 57 42 64 81 53 67 1 72 61 20 55 4 76 7 77 2 66 60 43 51 63 87 3 8 50 24 73 22 49 68 80 31 46 27 39 70 90 47 25 32 40 69 16 19 78 11 26 10 82 48 86 37 21 79 15 28 33 12 17 14 89 71 85 38 56 83 34 36 58 84 23 74 59 29 6 35 18 54 62 41 45 9
best 304048
best 302231 step 1 time 639 ms
best 300978 step 2 time 748 ms
best 300137 step 5 time 1405 ms
best 299899 step 7 time 1663 ms
best 299073 step 38 time 6927 ms
best 298462 step 44 time 7718 ms
best 298248 step 48 time 8353 ms
best 297989 step 49 time 8495 ms
best 297893 step 81 time 14387 ms
best 295262 step 84 time 15029 ms
best 294339 step 86 time 15335 ms
best 293575 step 96 time 16971 ms
best 292089 step 97 time 17095 ms
best 290862 step 111 time 19263 ms
best 290727 step 114 time 19758 ms
best 289884 step 266 time 44996 ms
best 289786 step 489 time 80061 ms
done 0 52 65 13 5 30 88 66 57 81 75 44 63 53 42 1 20 64 77 7 80 67 55 60 72 51 76 2 43 4 39 32 61 3 73 86 31 22 68 8 70 87 24 46 19 90 50 27 78 25 49 10 40 69 37 56 47 12 82 79 85 26 38 28 89 21 48 11 71 83 14 15 17 36 33 58 84 34 23 74 16 6 29 35 59 62 9 41 18 54 45
best 289786
time 950094 ms
seed 10
