jobs 90
mach 20
init 0 35 81 45 75 26 90 43 32 80 71 34 24 13 76 79 64 63 1 39 41 44 61 70 66 29 20 17 52 87 25 49 5 88 82 51 8 23 57 58 37 27 77 19 7 15 46 85 62 72 89 36 56 84 16 3 50 60 48 2 30 73 47 28 10 14 86 74 53 83 55 21 33 68 18 38 11 6 9 4 67 78 42 40 69 65 54 59 22 31 12
best 386056
best 374867 step 1 time 880 ms
best 364794 step 4 time 1898 ms
best 364070 step 5 time 2108 ms
best 363665 step 7 time 2354 ms
best 363288 step 8 time 2531 ms
best 362752 step 9 time 2834 ms
best 361051 step 11 time 3194 ms
best 360970 step 12 time 3307 ms
best 360857 step 13 time 3555 ms
best 359445 step 116 time 29095 ms
best 359390 step 118 time 29338 ms
best 352773 step 288 time 72176 ms
best 352695 step 898 time 222538 ms
best 351989 step 2198 time 543335 ms
best 349483 step 2199 time 543700 ms
done 0 35 46 13 32 71 45 79 75 50 43 26 90 61 80 29 66 1 70 64 63 39 41 89 24 44 88 20 17 76 56 82 49 5 25 47 37 8 51 52 87 57 77 58 23 48 62 85 3 68 7 15 19 27 36 34 84 16 28 53 60 73 72 30 86 2 83 21 42 10 55 14 38 74 33 9 4 6 11 40 67 78 18 69 54 65 59 31 22 12 81
best 349483
time 950053 ms
seed 10
