jobs 90
mach 20
init 0 23 85 1 55 9 16 78 81 7 46 53 66 75 12 65 17 57 61 6 27 82 37 26 43 42 11 45 33 10 84 36 76 80 63 49 58 35 64 2 3 18 83 50 44 47 31 60 77 14 70 71 39 56 8 52 24 87 62 25 67 73 59 32 13 19 4 90 68 38 28 48 21 74 88 5 69 30 51 34 86 41 89 29 79 15 54 72 20 40 22
best 384102
best 360225 step 1 time 597 ms
best 344210 step 2 time 912 ms
best 341962 step 29 time 5885 ms
best 339250 step 30 time 6019 ms
best 332653 step 74 time 13484 ms
best 332585 step 121 time 20406 ms
best 332465 step 122 time 20502 ms
best 330956 step 147 time 25026 ms
best 329434 step 149 time 25433 ms
best 328399 step 712 time 121968 ms
best 326892 step 861 time 145222 ms
done 0 23 12 66 78 16 1 44 81 80 55 7 9 53 65 61 17 11 56 64 57 43 83 82 6 27 42 10 60 36 76 84 63 37 49 85 35 2 45 46 58 77 33 18 3 14 39 50 32 52 8 47 31 75 71 67 73 24 70 38 4 19 62 59 48 90 26 68 28 74 13 51 25 86 87 89 88 5 69 30 29 34 15 22 54 21 72 20 41 79 40
best 326892
time 950160 ms
seed 10
