jobs 90
mach 20
init 0 83 68 55 51 27 54 89 42 78 60 47 28 10 8 69 73 39 1 36 81 64 53 2 52 88 41 34 49 7 90 35 14 12 31 63 9 5 11 57 56 13 29 70 71 86 32 25 26 77 80 48 40 30 4 82 23 21 37 67 24 46 3 62 66 87 74 76 45 16 59 58 18 19 61 79 33 17 84 44 20 15 65 43 85 72 6 38 22 50 75
best 444697
best 442439 step 1 time 549 ms
best 441542 step 2 time 775 ms
best 425871 step 3 time 1076 ms
best 415834 step 4 time 1393 ms
best 410289 step 5 time 1659 ms
best 406369 step 44 time 8006 ms
best 402638 step 45 time 8150 ms
best 401113 step 46 time 8394 ms
best 400442 step 47 time 8503 ms
best 400399 step 1244 time 232746 ms
best 399743 step 3164 time 580730 ms
done 0 55 16 39 42 78 90 28 8 54 60 73 51 1 10 34 27 47 81 64 52 30 2 53 36 89 48 49 29 12 41 68 14 32 31 63 11 37 17 40 70 71 88 83 13 80 4 25 5 24 35 86 9 26 58 23 77 56 57 3 7 76 67 45 66 59 69 62 87 74 33 44 82 61 65 46 43 18 21 85 79 72 15 84 19 22 6 38 20 50 75
best 399743
time 950089 ms
seed 10
