jobs 100
mach 20
init 0 48 97 86 25 100 23 92 99 45 38 96 19 75 65 4 61 51 50 21 1 68 64 9 6 79 35 63 83 87 52 29 47 77 24 95 73 31 16 32 70 62 66 39 94 3 37 60 85 59 71 22 98 91 36 82 44 2 13 14 11 49 89 34 7 41 93 18 88 42 17 67 72 20 8 40 84 53 12 55 30 27 76 90 80 15 56 78 46 43 5 54 26 28 10 58 33 81 69 74 57
best 519457
best 515678 step 1 time 665 ms
best 501196 step 2 time 1190 ms
best 496018 step 3 time 1418 ms
best 492495 step 4 time 1599 ms
best 489420 step 5 time 1977 ms
best 489086 step 8 time 3053 ms
best 489072 step 11 time 3900 ms
best 488719 step 17 time 5643 ms
best 483149 step 18 time 6117 ms
best 480763 step 28 time 9636 ms
best 480262 step 29 time 9902 ms
best 477384 step 31 time 10523 ms
best 476888 step 32 time 10822 ms
best 476187 step 35 time 11509 ms
best 475197 step 69 time 20728 ms
best 474669 step 71 time 21359 ms
best 470961 step 97 time 27758 ms
best 467764 step 98 time 28209 ms
best 467404 step 101 time 28834 ms
best 463756 step 116 time 33126 ms
done 0 69 25 1 92 4 48 38 97 75 23 19 99 45 96 82 64 24 51 9 100 73 65 52 35 89 63 29 77 87 21 6 86 39 32 49 83 95 70 22 31 68 50 66 94 98 17 59 44 71 37 36 91 85 3 34 14 41 42 60 11 90 93 79 67 7 16 47 13 62 88 72 78 18 30 2 15 84 53 27 55 76 61 40 80 33 8 56 46 26 5 20 10 54 12 58 43 28 81 74 57
best 463756
time 950183 ms
seed 1
