jobs 100
mach 20
init 0 23 62 1 45 81 75 44 37 21 17 98 52 32 55 16 25 34 71 40 60 66 29 27 88 19 42 79 84 80 9 87 50 61 12 11 18 39 26 69 82 64 53 86 85 70 51 22 97 68 83 2 94 56 77 59 58 5 95 90 73 10 49 76 89 65 91 24 33 78 36 54 41 63 31 92 100 47 6 99 8 30 15 67 20 13 74 35 14 48 7 3 96 46 28 4 43 38 93 72 57
best 554646
best 551431 step 1 time 961 ms
best 548045 step 2 time 1161 ms
best 546183 step 3 time 1381 ms
best 545955 step 5 time 1735 ms
best 544506 step 7 time 2250 ms
best 543934 step 8 time 2568 ms
best 541670 step 11 time 3568 ms
best 537315 step 12 time 3853 ms
best 536985 step 13 time 4103 ms
best 535659 step 14 time 4335 ms
best 534844 step 15 time 4673 ms
best 534320 step 280 time 80321 ms
best 534040 step 281 time 80684 ms
best 533212 step 1678 time 464279 ms
best 533119 step 2195 time 605294 ms
done 0 23 62 1 45 17 75 37 21 80 52 32 55 34 98 27 44 60 29 71 66 25 19 12 88 61 16 40 77 84 81 90 42 79 11 87 50 22 68 76 64 26 86 69 53 18 59 85 5 83 49 70 65 82 51 39 91 73 97 89 9 94 58 56 33 2 36 10 95 78 92 24 47 54 99 41 15 67 13 6 100 20 30 63 8 46 35 31 74 14 48 7 72 96 3 28 4 93 38 43 57
best 533119
time 950193 ms
seed 1
