jobs 100
mach 20
init 0 16 30 73 40 61 48 17 37 94 44 95 54 68 8 62 24 19 80 2 33 45 27 79 25 78 71 42 41 55 81 64 38 1 47 70 92 63 32 65 46 97 6 39 5 34 50 3 75 35 53 43 60 83 14 77 82 69 49 67 90 87 76 10 100 58 28 11 31 15 52 72 98 56 84 21 74 20 4 88 26 18 7 93 29 85 23 13 51 89 86 12 36 22 96 99 66 91 57 59 9
best 556322
best 548474 step 1 time 775 ms
best 548460 step 3 time 1339 ms
best 544991 step 4 time 1588 ms
best 538339 step 6 time 2063 ms
best 535749 step 8 time 2579 ms
best 534530 step 9 time 2748 ms
best 533350 step 14 time 4041 ms
best 532202 step 17 time 4843 ms
best 532134 step 23 time 6338 ms
best 530925 step 24 time 6736 ms
best 528530 step 25 time 7059 ms
best 528495 step 27 time 7524 ms
best 525053 step 62 time 16927 ms
best 524604 step 73 time 19740 ms
best 523309 step 80 time 21276 ms
best 521972 step 235 time 59519 ms
best 521237 step 238 time 60285 ms
best 520245 step 514 time 127965 ms
best 518841 step 965 time 237597 ms
best 517756 step 967 time 238007 ms
best 514807 step 2323 time 575558 ms
done 0 16 33 30 27 17 61 37 80 2 45 78 71 94 68 34 92 40 95 44 8 54 79 25 55 24 42 63 1 73 5 41 62 97 38 81 64 3 39 47 53 32 77 82 50 70 65 87 76 19 10 43 6 75 83 46 69 67 60 86 35 14 100 28 90 49 21 4 52 11 48 88 98 58 31 15 20 72 93 84 29 74 51 56 23 26 18 7 22 13 85 89 36 96 99 57 12 66 91 59 9
best 514807
time 950182 ms
seed 1
