jobs 100
mach 20
init 0 98 22 21 25 26 89 36 61 2 30 38 55 95 85 59 90 80 79 69 17 83 96 35 15 11 37 8 66 29 86 14 50 53 94 1 40 75 99 13 51 92 24 47 3 32 16 10 81 91 19 63 34 41 68 56 28 18 27 23 31 7 87 97 77 100 78 5 72 48 33 65 44 54 43 57 58 45 93 4 74 70 67 49 42 73 20 46 71 6 60 62 64 88 9 84 82 39 12 76 52
best 461642
best 459246 step 1 time 1028 ms
best 459095 step 3 time 1668 ms
best 458612 step 4 time 1831 ms
best 450787 step 5 time 2414 ms
best 448270 step 7 time 3301 ms
best 438902 step 12 time 5619 ms
best 438082 step 35 time 12811 ms
best 437937 step 274 time 92584 ms
best 434752 step 328 time 110414 ms
best 434615 step 329 time 110723 ms
best 433656 step 404 time 136109 ms
best 433201 step 408 time 137617 ms
best 431972 step 409 time 137864 ms
done 0 98 22 99 21 26 25 2 89 29 61 36 38 30 55 95 85 17 35 15 13 83 96 11 69 1 8 66 16 81 50 80 32 53 14 79 91 75 92 40 19 47 23 18 37 86 10 27 31 3 59 24 90 63 41 68 87 54 56 94 28 51 48 100 58 7 45 43 65 72 57 44 97 70 77 93 33 4 67 49 46 74 34 78 5 73 6 60 20 62 42 88 64 52 9 82 39 71 76 84 12
best 431972
time 950191 ms
seed 1
