jobs 100
mach 20
init 0 64 26 52 39 86 72 29 14 12 69 11 80 82 61 63 33 79 42 54 90 43 24 7 89 56 49 96 18 93 17 25 97 99 13 68 9 77 81 88 78 57 5 84 53 38 100 8 59 19 45 40 73 44 92 55 4 50 28 1 20 3 85 6 95 23 46 37 27 16 30 71 58 87 83 65 70 32 67 15 47 51 60 66 98 62 31 76 94 10 75 22 41 74 48 34 36 21 35 91 2
best 547947
best 540271 step 1 time 722 ms
best 537497 step 14 time 4598 ms
best 535900 step 15 time 5013 ms
best 534659 step 20 time 6722 ms
best 528730 step 22 time 7438 ms
best 526276 step 59 time 16895 ms
best 523129 step 250 time 65985 ms
best 523120 step 1099 time 284702 ms
best 522468 step 1250 time 322655 ms
best 522205 step 1252 time 323270 ms
best 521801 step 1253 time 323608 ms
best 520889 step 2175 time 559337 ms
best 520387 step 2176 time 559393 ms
best 519615 step 2257 time 579236 ms
best 517542 step 2258 time 579437 ms
done 0 33 26 24 52 78 18 86 14 72 12 69 29 80 82 97 63 90 43 64 11 42 9 54 89 49 7 17 53 61 93 25 6 56 99 88 92 5 81 13 68 77 79 100 59 57 28 8 84 1 20 95 50 4 45 39 73 40 44 55 47 37 85 3 30 71 58 23 96 19 65 67 16 38 83 87 51 66 10 98 46 60 94 62 76 70 41 27 75 31 15 32 2 34 36 91 48 22 21 35 74
best 517542
time 950100 ms
seed 1
