jobs 100
mach 20
init 0 61 69 79 41 66 51 58 67 23 54 92 80 70 24 87 37 35 12 13 74 77 22 38 17 16 86 63 91 94 34 82 65 27 1 64 84 19 14 4 68 42 72 33 20 60 52 100 9 76 7 89 43 6 62 78 39 3 50 73 28 56 95 45 53 48 47 55 96 93 83 97 31 49 88 59 75 85 15 29 99 36 30 81 25 44 46 21 26 11 98 32 71 40 57 90 2 8 5 18 10
best 533728
best 514069 step 1 time 1019 ms
best 495480 step 8 time 2649 ms
best 494234 step 10 time 3201 ms
best 493284 step 11 time 3440 ms
best 491863 step 13 time 4014 ms
best 489887 step 15 time 4463 ms
best 488535 step 38 time 10279 ms
best 488162 step 39 time 10554 ms
best 482741 step 86 time 23061 ms
best 482662 step 568 time 147933 ms
best 482552 step 685 time 178119 ms
best 482379 step 1031 time 266279 ms
best 480683 step 1032 time 266545 ms
best 480129 step 1077 time 277936 ms
best 479216 step 2715 time 688608 ms
best 479211 step 2716 time 688711 ms
done 0 61 13 41 17 77 79 51 58 37 92 66 38 70 80 23 24 22 67 87 54 74 82 12 35 86 63 91 69 14 94 16 34 42 65 1 84 9 19 52 64 7 72 56 4 20 33 76 73 31 60 89 78 28 6 96 100 68 47 43 50 55 93 49 27 62 39 45 53 83 48 88 59 97 81 36 29 95 30 15 99 25 3 75 85 98 44 71 2 11 32 46 40 57 21 26 18 90 8 10 5
best 479211
time 950097 ms
seed 1
