jobs 100
mach 20
init 0 56 62 39 3 57 94 66 74 16 81 83 55 24 14 38 29 10 75 71 26 11 64 91 68 52 21 96 30 15 97 27 33 23 41 49 54 25 19 100 76 70 12 92 17 6 73 46 9 67 1 88 63 4 36 84 61 98 13 51 18 79 2 80 95 43 93 50 82 77 34 35 59 42 32 78 69 5 58 37 8 31 86 48 87 90 72 53 7 60 28 89 20 45 44 65 85 99 40 22 47
best 607202
best 601849 step 1 time 1238 ms
best 597796 step 5 time 2881 ms
best 591580 step 6 time 3255 ms
best 588056 step 7 time 3670 ms
best 580489 step 32 time 11889 ms
best 577709 step 36 time 13590 ms
best 577688 step 37 time 14111 ms
best 576844 step 40 time 15095 ms
best 572805 step 182 time 63897 ms
best 572447 step 411 time 141739 ms
best 570017 step 1774 time 608797 ms
done 0 56 62 55 24 39 57 3 10 74 94 66 14 15 16 81 83 71 29 68 46 52 91 64 96 75 80 21 97 33 84 27 26 98 23 93 54 41 63 11 49 38 25 19 12 92 18 82 100 1 6 70 9 13 36 77 69 34 43 88 51 17 4 30 42 79 78 50 76 35 73 67 2 32 61 95 59 58 37 60 48 72 5 99 31 87 7 8 86 28 90 53 45 40 44 65 85 89 20 22 47
best 570017
time 950464 ms
seed 1
