jobs 100
mach 20
init 0 67 75 71 11 16 94 4 60 92 2 65 56 54 83 96 53 86 41 20 100 76 33 17 59 58 23 10 47 32 64 82 21 95 46 36 43 13 81 69 49 84 25 52 73 40 55 6 98 89 38 1 37 34 97 78 12 39 57 99 42 15 8 30 18 29 74 63 91 19 44 70 26 35 62 66 3 51 45 27 80 50 7 14 28 85 31 90 68 87 22 24 79 72 9 48 61 93 88 5 77
best 477826
best 465227 step 1 time 974 ms
best 460995 step 2 time 1307 ms
best 458355 step 3 time 1470 ms
best 457207 step 39 time 10656 ms
best 455594 step 43 time 11457 ms
best 455592 step 44 time 11576 ms
best 455391 step 45 time 11797 ms
best 452081 step 46 time 12120 ms
done 0 67 92 71 11 16 4 56 75 53 2 83 94 54 86 65 10 20 60 91 76 33 17 59 64 23 82 58 96 21 100 32 47 36 89 25 95 46 43 81 69 55 98 30 49 84 6 44 97 41 37 38 1 15 99 39 13 78 3 52 73 57 12 40 19 74 45 29 70 42 18 34 26 63 31 8 35 27 62 90 50 51 24 80 14 28 22 85 7 66 68 87 93 88 79 9 72 48 61 5 77
best 452081
time 950272 ms
seed 1
