jobs 100
mach 20
init 0 5 87 72 22 92 80 63 27 97 47 26 88 50 37 68 1 99 67 41 23 86 12 13 24 70 33 6 91 93 25 55 34 30 51 89 54 96 94 16 100 61 21 39 98 17 32 43 84 20 46 36 18 69 10 71 45 75 83 82 4 2 73 60 42 35 49 79 95 3 52 29 90 7 85 76 78 48 15 53 62 9 56 74 31 64 81 19 11 59 40 66 57 77 65 38 44 14 28 8 58
best 371815
best 366237 step 2 time 1301 ms
best 365939 step 3 time 1479 ms
best 360413 step 8 time 3048 ms
best 360031 step 27 time 8165 ms
best 359637 step 117 time 31917 ms
best 359282 step 118 time 32041 ms
best 357203 step 156 time 41774 ms
best 356363 step 510 time 136122 ms
best 356289 step 511 time 136375 ms
best 355063 step 1053 time 277148 ms
best 354937 step 1104 time 292342 ms
best 353685 step 3469 time 919723 ms
best 353296 step 3470 time 919990 ms
best 352991 step 3472 time 920411 ms
done 0 91 27 26 13 87 72 22 92 63 80 97 99 67 16 5 88 41 50 68 34 37 52 70 47 86 93 12 25 61 23 33 96 6 98 30 89 100 1 55 94 51 24 39 43 17 54 32 36 20 69 10 84 18 71 46 45 75 83 2 82 3 73 21 85 35 49 15 4 29 95 7 60 11 42 90 76 78 40 74 31 79 48 56 53 62 9 57 81 59 64 19 66 77 65 44 14 28 38 8 58
best 352991
time 950152 ms
seed 1
