jobs 100
mach 20
init 0 63 18 37 16 24 53 58 8 51 23 54 70 60 19 38 56 17 52 35 31 2 96 88 81 3 10 43 65 33 44 73 36 21 99 100 91 74 45 80 67 34 75 85 83 61 69 98 90 82 71 76 79 15 89 92 29 72 20 41 46 86 28 1 11 84 50 48 42 40 13 64 59 93 62 94 26 97 22 57 27 66 7 6 4 47 32 25 12 95 87 30 68 14 39 5 55 77 49 78 9
best 479638
best 469972 step 4 time 2056 ms
best 469769 step 7 time 3020 ms
best 468037 step 9 time 3794 ms
best 467946 step 10 time 4001 ms
best 464497 step 25 time 8234 ms
best 463626 step 34 time 10416 ms
best 461758 step 46 time 14077 ms
best 461176 step 235 time 63957 ms
best 458873 step 237 time 64578 ms
best 458479 step 238 time 64773 ms
best 457600 step 246 time 66819 ms
best 456361 step 305 time 82247 ms
best 455442 step 306 time 82404 ms
best 453994 step 311 time 83614 ms
best 452312 step 355 time 95470 ms
best 451416 step 3554 time 930631 ms
done 0 52 73 100 16 54 18 24 23 58 8 53 19 35 1 51 70 37 17 56 38 88 31 2 96 67 81 3 91 45 20 65 10 79 74 21 98 34 99 36 63 80 85 75 69 83 43 33 82 61 76 86 28 89 90 71 15 46 29 92 60 44 93 41 50 59 11 48 42 26 6 97 22 47 12 68 57 64 30 40 13 84 72 94 62 87 32 14 95 27 66 55 9 25 7 77 5 4 39 49 78
best 451416
time 950068 ms
seed 1
