jobs 60
mach 20
init 0 55 47 32 50 11 8 60 42 3 28 46 4 33 52 18 34 59 20 45 40 43 53 31 48 44 1 57 49 7 24 5 51 30 37 10 19 12 22 21 36 25 54 58 15 56 6 17 16 29 13 39 26 9 14 27 41 38 23 2 35
best 61468
best 55869 step 1 time 206 ms
best 55344 step 110 time 4893 ms
best 55313 step 112 time 4977 ms
best 55305 step 147 time 6524 ms
best 53622 step 198 time 8759 ms
best 53562 step 406 time 17970 ms
best 53130 step 1206 time 53225 ms
best 53124 step 3860 time 172852 ms
best 52310 step 4346 time 193637 ms
best 52262 step 4347 time 193656 ms
done 0 60 20 50 32 33 5 47 8 11 3 42 28 46 34 59 4 52 18 51 45 48 43 53 40 1 31 55 25 49 30 44 7 57 24 10 19 21 37 12 22 36 26 58 41 54 15 6 17 16 29 56 14 39 9 27 35 13 23 38 2
best 52262
time 950031 ms
seed 1
