jobs 60
mach 20
init 0 22 7 34 39 40 6 12 20 17 9 47 27 11 49 52 26 60 56 1 29 16 55 33 30 19 58 23 38 15 4 45 46 36 14 31 35 10 28 2 8 18 54 59 5 57 32 44 13 43 53 25 51 3 24 37 21 41 42 50 48
best 147055
best 140953 step 1 time 162 ms
best 139735 step 12 time 632 ms
best 139507 step 13 time 676 ms
best 138714 step 23 time 978 ms
best 138593 step 24 time 1011 ms
best 136197 step 29 time 1127 ms
best 135677 step 30 time 1173 ms
best 135428 step 64 time 2473 ms
best 134020 step 84 time 3308 ms
best 133899 step 158 time 5767 ms
best 131585 step 168 time 6106 ms
best 130199 step 823 time 27895 ms
best 129129 step 824 time 27921 ms
best 129107 step 834 time 28246 ms
done 0 22 7 34 39 6 27 40 11 49 29 20 17 9 12 1 26 58 59 23 38 53 47 19 60 16 30 36 14 4 33 35 45 46 56 15 10 2 28 55 31 8 18 54 5 51 3 13 52 44 43 37 57 32 25 42 24 21 41 50 48
best 129107
time 950022 ms
seed 1
