jobs 60
mach 20
init 0 53 31 58 9 5 38 55 36 42 28 22 47 4 20 52 44 54 14 33 41 40 6 23 15 21 27 30 35 1 39 10 25 29 2 43 7 12 24 3 8 18 57 37 48 16 34 32 13 50 45 59 46 60 51 11 49 26 19 17 56
best 88620
best 87071 step 7 time 335 ms
best 86914 step 8 time 376 ms
best 84321 step 11 time 471 ms
best 84302 step 52 time 1648 ms
best 83896 step 60 time 1810 ms
best 83862 step 314 time 10268 ms
best 83673 step 315 time 10325 ms
best 83544 step 317 time 10386 ms
done 0 53 31 36 58 38 5 55 42 9 28 4 20 22 52 21 47 44 6 54 14 41 40 33 23 35 25 15 27 1 39 10 30 18 29 2 7 43 24 3 37 13 57 16 12 32 34 50 8 46 49 48 60 51 59 11 45 26 19 17 56
best 83544
time 950011 ms
seed 1
