jobs 60
mach 20
init 0 2 60 48 15 23 53 30 37 31 49 34 13 9 22 50 41 14 52 4 20 33 42 17 11 45 58 46 5 59 55 25 35 7 57 16 36 47 56 19 6 21 27 26 44 32 40 54 24 12 8 3 18 43 39 29 28 38 51 10 1
best 88975
best 87479 step 1 time 113 ms
best 83790 step 2 time 184 ms
best 82541 step 5 time 294 ms
best 82471 step 6 time 320 ms
best 82068 step 9 time 420 ms
best 82010 step 17 time 642 ms
best 81249 step 138 time 4892 ms
best 81168 step 144 time 5084 ms
best 79795 step 149 time 5222 ms
best 79341 step 500 time 17688 ms
best 79305 step 2913 time 101211 ms
best 79222 step 2916 time 101301 ms
best 79155 step 11251 time 389961 ms
done 0 2 60 48 15 53 30 31 49 23 13 41 50 22 42 9 52 34 14 45 4 33 5 58 46 17 11 37 55 59 20 25 40 44 7 57 16 36 56 47 32 19 6 21 26 27 12 35 54 29 3 8 39 18 10 43 28 38 1 24 51
best 79155
time 950014 ms
seed 1
