jobs 70
mach 20
init 0 53 16 59 28 41 15 25 3 21 43 58 13 14 47 10 51 61 49 32 6 9 68 52 22 62 4 20 37 46 63 31 36 11 57 35 67 48 29 12 1 65 54 42 39 66 30 70 27 26 38 24 56 19 40 55 2 34 18 69 64 44 23 7 45 60 8 33 50 5 17
best 139208
best 137034 step 1 time 235 ms
best 136347 step 3 time 335 ms
best 135310 step 4 time 408 ms
best 135029 step 5 time 456 ms
best 134204 step 6 time 539 ms
best 133542 step 14 time 1318 ms
best 132004 step 15 time 1405 ms
best 131272 step 16 time 1484 ms
best 130202 step 17 time 1612 ms
best 130013 step 22 time 2067 ms
best 129908 step 28 time 2564 ms
best 129708 step 29 time 2641 ms
best 128985 step 163 time 11003 ms
best 128870 step 203 time 13772 ms
best 128538 step 431 time 28685 ms
best 127594 step 459 time 30701 ms
best 127091 step 628 time 42562 ms
best 126680 step 867 time 58847 ms
best 125724 step 1046 time 70512 ms
best 125175 step 1198 time 80269 ms
done 0 53 59 22 28 41 25 58 15 43 9 51 3 49 52 47 61 10 21 32 6 14 62 16 37 46 66 13 4 20 57 36 35 31 11 29 48 68 12 65 54 42 1 67 38 70 27 40 55 26 30 39 18 24 63 56 19 2 34 44 60 69 23 7 45 8 64 17 33 50 5
best 125175
time 950053 ms
seed 1
