jobs 70
mach 20
init 0 23 29 12 54 27 67 50 36 22 38 32 64 13 51 63 45 66 61 34 24 44 9 8 25 3 41 48 16 11 65 57 56 20 37 26 53 31 2 43 33 70 7 19 40 46 68 42 49 28 6 39 52 14 4 47 58 62 18 21 1 5 30 60 10 55 35 15 59 17 69
best 194799
best 193047 step 1 time 255 ms
best 184588 step 2 time 372 ms
best 178128 step 3 time 451 ms
best 169490 step 4 time 580 ms
best 163964 step 26 time 2441 ms
best 163643 step 30 time 2774 ms
best 163477 step 56 time 4687 ms
best 159628 step 321 time 26311 ms
best 159086 step 6119 time 488903 ms
done 0 23 12 29 22 67 27 36 63 50 66 51 38 64 8 61 13 44 16 24 25 53 32 9 34 43 41 65 46 37 11 45 6 54 57 3 48 58 20 2 31 68 42 19 56 40 70 7 26 33 49 39 52 28 4 47 5 1 62 18 21 30 60 10 55 35 14 59 15 69 17
best 159086
time 950008 ms
seed 1
