jobs 70
mach 20
init 0 6 14 22 3 43 60 9 18 35 62 55 21 58 70 57 11 38 64 69 5 50 42 13 52 54 56 30 15 41 53 51 44 63 2 28 8 32 26 31 1 29 40 68 19 59 67 17 47 34 46 20 45 4 65 10 16 24 27 33 66 36 25 61 39 48 23 49 12 37 7
best 130462
best 130421 step 64 time 4362 ms
best 130391 step 67 time 4577 ms
best 129502 step 68 time 4662 ms
best 129480 step 70 time 4743 ms
best 129324 step 366 time 22502 ms
best 129310 step 367 time 22528 ms
best 129067 step 368 time 22607 ms
best 128566 step 369 time 22691 ms
best 128554 step 556 time 34511 ms
best 128030 step 891 time 54199 ms
best 127926 step 892 time 54267 ms
best 127250 step 1875 time 119796 ms
best 127119 step 5916 time 375766 ms
best 126231 step 6529 time 414136 ms
done 0 6 14 58 18 60 9 3 43 57 62 55 5 35 50 69 70 21 42 13 11 38 54 56 8 30 53 15 44 17 52 63 41 64 22 2 28 32 26 29 67 40 31 1 68 19 34 47 46 20 24 65 59 45 4 51 66 36 27 16 25 61 39 48 10 33 49 23 12 37 7
best 126231
time 950048 ms
seed 1
