jobs 70
mach 20
init 0 47 11 14 43 5 53 51 61 26 24 15 23 4 45 42 8 62 59 35 56 55 69 37 17 49 52 57 64 68 34 6 29 18 70 28 50 2 13 48 44 67 41 21 25 16 31 65 20 7 40 22 32 66 12 27 19 33 58 60 10 36 9 39 63 54 30 1 38 46 3
best 126706
best 126481 step 3 time 330 ms
best 125102 step 6 time 490 ms
best 124412 step 7 time 547 ms
best 118594 step 13 time 913 ms
best 117599 step 14 time 980 ms
best 116293 step 16 time 1177 ms
best 114823 step 27 time 1906 ms
best 114570 step 33 time 2247 ms
best 114428 step 103 time 6596 ms
best 114019 step 111 time 7176 ms
best 113747 step 133 time 8403 ms
best 113500 step 315 time 20193 ms
best 113312 step 407 time 26605 ms
best 112901 step 12145 time 811883 ms
done 0 4 43 15 51 53 61 11 26 24 23 5 14 52 8 45 62 59 42 49 35 50 56 68 55 37 69 64 57 70 18 6 28 29 40 2 34 48 16 13 25 44 41 21 17 67 31 65 20 7 9 19 22 66 33 12 36 60 63 32 27 46 58 39 47 10 30 1 54 38 3
best 112901
time 950056 ms
seed 1
