jobs 70
mach 20
init 0 23 56 45 34 33 55 53 15 44 42 57 67 5 13 60 26 37 10 69 7 11 68 24 22 12 52 32 6 59 61 16 17 9 47 30 49 4 43 8 35 14 70 40 28 25 63 50 21 65 54 58 46 19 51 38 36 41 39 64 27 18 20 31 1 29 62 66 48 3 2
best 152273
best 150941 step 1 time 292 ms
best 145751 step 6 time 670 ms
best 144501 step 10 time 934 ms
best 144453 step 11 time 998 ms
best 142588 step 12 time 1089 ms
best 140277 step 13 time 1143 ms
best 139909 step 1005 time 66297 ms
best 139896 step 2320 time 151998 ms
best 139782 step 2321 time 152053 ms
best 139267 step 4182 time 275584 ms
done 0 23 56 45 34 42 53 55 13 15 26 5 37 10 60 57 67 69 33 17 7 11 68 49 44 52 21 24 16 22 32 59 6 30 9 12 47 4 43 8 35 14 70 40 28 25 58 50 61 65 63 19 46 54 41 38 20 64 39 51 18 27 31 1 36 62 66 48 29 3 2
best 139267
time 950017 ms
seed 1
