jobs 70
mach 20
init 0 39 11 29 61 63 14 25 64 13 60 69 23 52 70 17 59 46 58 44 38 12 15 22 40 7 68 31 24 67 34 10 41 54 9 6 51 36 47 18 32 4 20 53 66 42 57 27 33 16 5 55 37 3 65 8 1 56 50 21 48 45 35 26 30 62 2 28 49 19 43
best 223236
best 219956 step 1 time 192 ms
best 215697 step 2 time 267 ms
best 211249 step 3 time 377 ms
best 208104 step 6 time 609 ms
best 207306 step 10 time 819 ms
best 205415 step 18 time 1266 ms
best 205048 step 19 time 1399 ms
best 203658 step 38 time 2667 ms
best 203063 step 39 time 2705 ms
best 202035 step 53 time 3740 ms
best 199615 step 232 time 15842 ms
best 199058 step 613 time 42621 ms
best 198769 step 799 time 54799 ms
best 197654 step 800 time 54907 ms
best 196276 step 1555 time 105129 ms
best 195505 step 2127 time 140963 ms
best 195240 step 4990 time 330169 ms
done 0 38 11 13 69 61 14 12 17 68 64 25 63 44 29 60 66 59 34 46 58 15 20 9 40 6 70 54 24 7 23 3 22 41 10 33 51 36 47 18 65 8 4 52 42 27 53 57 5 31 67 1 32 37 16 55 48 50 21 56 26 35 45 39 30 62 2 28 49 19 43
best 195240
time 950016 ms
seed 1
