jobs 70
mach 20
init 0 8 35 9 25 68 64 4 14 51 46 53 12 65 31 21 56 10 32 2 47 22 39 23 61 17 36 59 50 34 7 38 41 19 62 24 30 52 60 16 33 67 1 69 43 18 66 57 58 70 20 6 5 40 15 63 29 49 27 3 37 13 48 11 44 26 54 55 28 45 42
best 144968
best 131038 step 1 time 262 ms
best 130814 step 2 time 331 ms
best 123932 step 3 time 460 ms
best 123659 step 14 time 1223 ms
best 121851 step 23 time 1997 ms
best 121483 step 48 time 3821 ms
best 121343 step 49 time 3884 ms
best 120276 step 120 time 8902 ms
best 119954 step 364 time 25876 ms
best 119943 step 376 time 26526 ms
best 118705 step 426 time 29781 ms
best 118289 step 427 time 29894 ms
best 117331 step 429 time 30009 ms
best 116595 step 430 time 30070 ms
best 114609 step 3865 time 278327 ms
done 0 8 35 25 31 4 32 9 68 46 12 65 14 53 51 2 21 56 19 10 23 47 39 34 1 17 50 7 36 22 64 59 38 30 41 6 24 62 61 67 18 16 52 69 66 57 60 58 70 43 44 20 54 5 33 40 15 63 29 49 27 3 13 48 11 37 26 28 55 45 42
best 114609
time 950060 ms
seed 1
