jobs 70
mach 20
init 0 63 30 28 70 47 20 2 32 38 53 3 50 41 64 55 16 42 27 68 26 13 54 15 11 21 12 4 7 34 56 22 52 35 65 1 14 10 36 33 39 45 57 44 37 17 6 51 9 25 66 8 62 67 60 24 61 69 43 46 59 29 40 31 58 48 18 23 19 49 5
best 177742
best 163470 step 3 time 370 ms
best 162400 step 4 time 422 ms
best 156808 step 6 time 576 ms
best 155129 step 7 time 665 ms
best 154533 step 8 time 741 ms
best 150723 step 9 time 833 ms
best 149553 step 46 time 3510 ms
best 148900 step 49 time 3711 ms
best 148893 step 50 time 3794 ms
best 146855 step 58 time 4495 ms
best 146631 step 64 time 4849 ms
best 146363 step 124 time 9204 ms
best 145584 step 438 time 31638 ms
best 145038 step 451 time 32603 ms
best 145029 step 452 time 32683 ms
best 144993 step 2283 time 164067 ms
best 144707 step 2284 time 164163 ms
done 0 47 34 32 16 27 53 70 20 56 38 3 11 2 50 41 28 55 15 64 54 26 13 12 68 22 7 21 4 42 14 1 65 10 30 52 33 36 35 67 45 57 44 37 6 25 39 9 63 8 62 17 24 66 59 61 31 48 46 40 69 60 29 51 18 43 23 58 19 5 49
best 144707
time 950054 ms
seed 1
