jobs 80
mach 20
init 0 38 45 24 42 78 75 1 56 63 19 14 61 12 20 46 35 7 10 49 22 31 27 29 33 57 69 60 71 3 30 41 17 44 34 72 48 53 21 79 66 4 26 77 32 15 73 5 51 62 67 8 39 9 76 28 74 59 50 16 58 11 80 2 40 25 64 68 18 70 54 43 36 23 13 6 55 37 47 52 65
best 203452
best 193482 step 1 time 504 ms
best 190694 step 2 time 684 ms
best 190038 step 3 time 839 ms
best 189961 step 33 time 4562 ms
best 188726 step 36 time 4870 ms
best 186598 step 40 time 5307 ms
best 186268 step 49 time 6413 ms
best 186221 step 50 time 6507 ms
best 184204 step 52 time 6724 ms
best 184126 step 53 time 6838 ms
best 182765 step 109 time 13218 ms
best 180339 step 110 time 13315 ms
best 179417 step 228 time 27323 ms
best 179124 step 308 time 37189 ms
best 178754 step 382 time 45901 ms
best 178101 step 396 time 47280 ms
best 177650 step 408 time 48726 ms
best 177434 step 409 time 48828 ms
best 177100 step 878 time 105784 ms
best 174732 step 879 time 105862 ms
done 0 19 3 24 45 42 46 1 76 63 75 78 14 41 49 61 10 12 20 71 7 22 27 44 33 11 56 31 60 17 72 69 29 79 57 34 53 4 66 30 48 5 77 26 21 32 59 15 73 35 28 51 50 39 9 74 8 16 67 80 36 2 40 25 64 68 54 62 47 37 18 38 70 23 58 43 55 13 6 52 65
best 174732
time 950030 ms
seed 1
