jobs 80
mach 20
init 0 21 65 58 36 23 66 25 77 74 1 68 31 27 4 50 16 3 40 70 33 61 56 69 44 75 22 49 57 53 20 11 45 8 34 5 12 30 18 46 14 19 10 6 29 55 79 32 7 17 73 52 48 76 78 62 35 28 63 51 80 37 38 41 64 9 2 43 42 60 47 26 39 13 59 71 67 24 72 15 54
best 281339
best 275137 step 1 time 385 ms
best 269030 step 2 time 486 ms
best 266139 step 7 time 1291 ms
best 261337 step 11 time 2087 ms
best 261148 step 20 time 3551 ms
best 259483 step 88 time 13386 ms
best 259406 step 141 time 20620 ms
best 259017 step 143 time 20793 ms
best 258901 step 149 time 21555 ms
best 257197 step 599 time 83214 ms
best 256697 step 600 time 83313 ms
best 256306 step 602 time 83546 ms
best 254717 step 1886 time 257293 ms
best 253496 step 1888 time 257443 ms
best 253331 step 1889 time 257550 ms
best 252079 step 1919 time 262137 ms
done 0 21 65 68 23 1 36 25 58 70 4 77 55 33 34 16 31 74 11 66 69 40 3 8 56 75 17 49 57 20 27 44 73 14 45 22 53 5 50 46 6 30 18 19 10 52 79 48 32 76 62 7 28 12 63 51 61 29 60 78 42 80 37 38 41 64 35 43 24 47 9 13 26 39 2 71 72 67 59 15 54
best 252079
time 950075 ms
seed 1
