jobs 80
mach 20
init 0 23 47 28 75 77 79 80 56 37 12 22 59 6 55 7 40 14 38 74 36 69 60 21 18 51 11 33 43 30 53 54 71 42 26 16 61 8 62 45 50 52 70 27 5 32 63 67 65 58 4 72 10 34 66 9 24 17 49 48 64 35 2 13 41 15 20 29 25 57 39 46 3 1 76 73 78 31 68 44 19
best 313293
best 311643 step 2 time 487 ms
best 309178 step 4 time 792 ms
best 306869 step 5 time 913 ms
best 306333 step 11 time 1478 ms
best 305972 step 20 time 2563 ms
best 305446 step 65 time 7710 ms
best 305048 step 66 time 7780 ms
best 304897 step 67 time 7832 ms
best 296328 step 71 time 8466 ms
best 295442 step 78 time 9217 ms
best 294972 step 89 time 10363 ms
best 293669 step 463 time 48626 ms
best 292173 step 786 time 84343 ms
best 290958 step 1754 time 185921 ms
best 288951 step 1763 time 186839 ms
best 288711 step 1764 time 186925 ms
best 287967 step 4668 time 493701 ms
best 287644 step 4669 time 493845 ms
done 0 47 79 36 59 23 77 28 56 80 37 12 61 6 22 74 7 71 40 58 14 38 27 18 33 55 70 11 53 69 51 26 54 43 75 42 16 30 49 8 13 60 5 63 52 32 24 45 65 21 66 9 62 4 34 17 67 72 50 64 35 15 10 76 48 2 46 41 29 25 57 20 39 3 73 1 19 68 78 31 44
best 287644
time 950065 ms
seed 1
