jobs 80
mach 20
init 0 26 47 53 3 72 69 1 5 18 15 48 2 21 76 25 45 30 43 77 44 31 55 29 78 80 67 32 79 73 9 11 12 40 59 16 39 14 4 74 19 71 50 57 42 63 65 22 75 27 51 17 62 70 66 36 28 24 64 49 68 60 41 7 52 46 56 20 33 6 13 35 10 58 34 8 37 23 38 54 61
best 232624
best 229531 step 6 time 905 ms
best 225316 step 7 time 1004 ms
best 225131 step 15 time 1913 ms
best 224992 step 16 time 2013 ms
best 223782 step 17 time 2148 ms
best 222662 step 21 time 2713 ms
best 221381 step 22 time 2861 ms
best 220795 step 23 time 2923 ms
best 219664 step 27 time 3418 ms
best 218813 step 31 time 3764 ms
best 215573 step 83 time 9685 ms
best 215247 step 978 time 104221 ms
best 214902 step 1024 time 109041 ms
best 214736 step 1025 time 109143 ms
best 214213 step 3396 time 362705 ms
best 213685 step 3397 time 362815 ms
best 213184 step 4784 time 513598 ms
best 212883 step 7532 time 805570 ms
best 212538 step 7533 time 805660 ms
done 0 47 5 26 21 72 53 1 15 59 25 48 2 18 45 30 3 67 44 31 79 43 77 76 32 4 69 55 80 73 29 12 39 16 9 64 40 28 63 22 74 71 50 11 19 75 57 14 65 62 78 51 17 27 41 70 66 68 60 36 24 42 7 13 56 52 46 35 20 33 8 10 58 34 37 6 49 23 38 54 61
best 212538
time 950044 ms
seed 1
