jobs 80
mach 20
init 0 67 22 46 16 77 18 7 42 64 54 5 60 23 58 66 19 14 51 80 75 49 3 39 38 34 40 63 74 47 9 79 50 11 69 33 72 21 26 41 25 56 6 78 52 68 45 35 62 1 4 48 61 65 27 8 31 15 36 29 37 59 73 57 53 76 17 43 28 70 10 20 13 2 71 12 24 44 55 32 30
best 241786
best 239660 step 1 time 333 ms
best 238671 step 2 time 399 ms
best 238317 step 3 time 520 ms
best 236679 step 4 time 761 ms
best 231364 step 5 time 949 ms
best 226411 step 10 time 1503 ms
best 226390 step 11 time 1549 ms
best 226328 step 14 time 1851 ms
best 226118 step 15 time 1958 ms
best 224368 step 20 time 2428 ms
best 223682 step 26 time 3116 ms
best 223469 step 30 time 3477 ms
best 222942 step 31 time 3567 ms
best 221671 step 116 time 13301 ms
best 220857 step 154 time 17385 ms
best 219935 step 188 time 21173 ms
best 219873 step 1538 time 171099 ms
best 219517 step 1540 time 171360 ms
best 218462 step 2059 time 227895 ms
best 218166 step 4968 time 543626 ms
done 0 67 22 54 16 7 49 39 77 5 18 64 23 58 66 42 14 19 51 80 75 38 34 3 72 33 11 27 40 26 69 63 50 47 6 74 68 35 21 46 41 60 48 25 56 1 45 61 4 79 78 15 29 62 31 8 36 52 9 65 73 37 17 57 43 12 53 59 71 28 10 20 70 13 2 24 76 44 55 32 30
best 218166
time 950016 ms
seed 1
