jobs 80
mach 20
init 0 39 47 3 57 54 64 72 59 56 17 29 32 31 50 15 67 21 66 71 4 62 7 38 34 60 49 74 2 41 43 23 19 13 18 69 52 14 8 30 44 78 73 22 45 76 11 55 36 75 46 40 35 28 58 48 80 33 77 53 20 63 42 68 25 10 27 61 16 51 6 24 79 26 65 12 5 9 1 37 70
best 300789
best 299665 step 1 time 398 ms
best 297149 step 5 time 744 ms
best 294345 step 7 time 848 ms
best 294245 step 8 time 932 ms
best 293409 step 9 time 1028 ms
best 292681 step 12 time 1423 ms
best 291858 step 19 time 2086 ms
best 290629 step 94 time 10077 ms
best 290185 step 132 time 14081 ms
best 289876 step 147 time 15827 ms
best 289439 step 307 time 31950 ms
best 288876 step 318 time 33138 ms
best 287799 step 325 time 33685 ms
best 286473 step 326 time 33771 ms
best 286282 step 409 time 42313 ms
best 284860 step 466 time 48246 ms
best 284416 step 1857 time 193642 ms
best 283906 step 2367 time 248488 ms
best 283580 step 2369 time 248680 ms
best 282206 step 2372 time 248988 ms
done 0 38 56 47 57 59 17 50 31 21 32 15 3 60 29 18 67 64 72 54 66 71 4 62 2 41 34 43 49 8 74 22 23 7 73 52 14 11 30 13 44 69 36 48 42 39 53 63 76 19 45 75 46 35 40 58 78 55 33 27 28 16 77 20 6 25 68 10 80 61 24 1 51 65 79 26 12 5 9 37 70
best 282206
time 950161 ms
seed 1
