jobs 90
mach 20
init 0 85 7 71 49 58 11 74 54 36 21 6 12 79 41 48 46 44 3 20 38 88 17 57 27 15 76 28 43 84 24 70 81 22 60 26 31 34 33 62 83 45 87 75 61 18 90 68 72 2 23 25 37 53 51 56 47 29 63 19 80 50 66 10 69 30 13 59 89 16 67 39 42 5 55 35 65 78 8 77 73 14 4 52 1 64 86 82 9 32 40
best 440251
best 439459 step 1 time 437 ms
best 439416 step 2 time 636 ms
best 433114 step 3 time 964 ms
best 431701 step 4 time 1152 ms
best 431483 step 5 time 1264 ms
best 428375 step 7 time 1652 ms
best 418463 step 8 time 1966 ms
best 418277 step 9 time 2106 ms
best 415159 step 10 time 2358 ms
best 414928 step 12 time 2704 ms
best 413738 step 16 time 3526 ms
best 409639 step 17 time 3808 ms
best 409103 step 18 time 3994 ms
best 407705 step 176 time 31246 ms
best 407662 step 177 time 31333 ms
best 405048 step 178 time 31485 ms
best 402392 step 180 time 31789 ms
best 401448 step 3634 time 614294 ms
best 400687 step 3637 time 614896 ms
best 399687 step 4522 time 764638 ms
best 398835 step 4523 time 764878 ms
best 397913 step 4524 time 765230 ms
done 0 48 58 49 11 12 24 3 36 71 7 74 54 21 6 70 90 20 79 85 84 46 38 41 29 27 44 76 31 17 28 15 37 43 87 56 26 22 75 83 60 81 62 68 61 45 51 18 33 2 23 72 25 57 67 5 47 13 50 63 19 66 78 34 53 69 73 88 59 35 80 16 30 10 42 82 39 8 89 55 77 1 14 4 65 9 52 64 86 32 40
best 397913
time 950114 ms
seed 1
