jobs 90
mach 20
init 0 70 55 39 42 78 90 28 54 51 27 16 47 64 36 10 60 81 73 1 37 2 89 48 49 30 53 52 32 8 69 63 31 68 14 12 11 56 88 34 29 13 71 83 80 57 5 25 40 82 59 65 77 86 9 26 41 7 23 21 67 62 43 24 4 46 66 3 87 74 33 35 19 58 17 76 61 79 45 44 20 84 15 85 18 22 6 72 38 50 75
best 426048
best 424516 step 1 time 570 ms
best 422338 step 3 time 831 ms
best 413095 step 9 time 1850 ms
best 410967 step 12 time 2233 ms
best 410589 step 57 time 9934 ms
best 410484 step 171 time 31031 ms
best 408606 step 174 time 31339 ms
best 405311 step 177 time 31952 ms
best 404466 step 180 time 32585 ms
best 400841 step 181 time 32835 ms
best 400586 step 2993 time 521307 ms
done 0 55 70 51 8 90 28 78 42 1 54 36 10 34 60 27 73 39 81 64 89 71 30 53 2 52 49 41 48 37 68 14 32 31 63 12 11 47 29 88 66 40 83 13 80 25 57 5 24 35 86 9 26 58 23 69 82 77 65 56 33 4 67 3 7 74 87 76 17 62 16 46 43 18 44 59 79 21 15 84 19 61 45 85 6 72 38 20 22 50 75
best 400586
time 950197 ms
seed 1
