jobs 90
mach 20
init 0 12 60 78 34 75 72 66 6 82 11 56 71 61 55 83 8 15 39 88 46 51 86 10 31 57 13 4 2 21 35 20 50 58 67 52 90 33 48 26 65 28 29 44 69 54 42 53 22 77 32 37 27 89 3 80 14 63 17 16 36 23 84 30 87 41 25 49 68 40 81 85 73 76 62 79 9 18 43 47 7 24 5 38 45 64 19 1 74 59 70
best 327969
best 325714 step 1 time 427 ms
best 325027 step 3 time 879 ms
best 322244 step 9 time 1929 ms
best 318044 step 13 time 2597 ms
best 316894 step 25 time 4987 ms
best 316029 step 99 time 17940 ms
best 314865 step 105 time 19128 ms
best 314517 step 177 time 31069 ms
best 314513 step 178 time 31200 ms
best 312126 step 284 time 50592 ms
best 311955 step 285 time 50701 ms
best 310223 step 493 time 86205 ms
best 308911 step 494 time 86458 ms
best 308462 step 496 time 86753 ms
best 308407 step 2769 time 473229 ms
best 308142 step 4553 time 780139 ms
best 307754 step 4554 time 780295 ms
done 0 12 36 72 87 60 83 15 6 71 34 11 82 78 66 2 56 57 39 88 46 61 55 50 21 31 67 35 20 51 32 52 13 8 10 48 28 58 90 4 33 44 42 75 26 65 69 77 30 54 84 53 22 27 89 3 17 29 14 63 16 86 37 85 80 49 23 76 79 25 41 73 81 19 47 18 43 62 68 24 38 7 45 5 64 70 1 59 9 74 40
best 307754
time 950084 ms
seed 1
