jobs 90
mach 20
init 0 52 85 22 33 67 57 2 77 12 71 45 81 31 90 24 48 46 5 78 27 10 63 32 43 34 75 23 82 39 69 54 68 17 18 59 11 40 42 37 87 4 21 26 86 88 28 14 25 79 70 61 55 29 49 76 6 19 1 80 50 15 53 58 56 73 35 89 13 47 65 41 66 20 72 8 7 36 3 44 83 64 16 9 62 60 84 74 38 51 30
best 411461
best 411417 step 1 time 421 ms
best 401271 step 2 time 575 ms
best 401206 step 3 time 630 ms
best 398276 step 4 time 733 ms
best 392227 step 6 time 1174 ms
best 391840 step 8 time 1430 ms
best 383735 step 17 time 2900 ms
best 383647 step 20 time 3267 ms
best 381252 step 23 time 3725 ms
best 381198 step 147 time 26970 ms
best 380850 step 156 time 28238 ms
best 380806 step 157 time 28446 ms
best 378607 step 159 time 28794 ms
best 374497 step 160 time 29002 ms
best 372626 step 208 time 37002 ms
best 368498 step 209 time 37192 ms
best 368209 step 928 time 161218 ms
best 367621 step 930 time 161491 ms
done 0 52 85 12 57 31 2 33 21 24 20 67 71 81 27 54 42 14 39 5 46 88 48 32 45 34 10 37 68 43 78 25 75 23 28 79 87 69 26 18 11 40 22 86 82 4 1 29 6 70 61 17 63 90 50 15 19 55 58 49 59 76 72 80 53 13 77 56 41 47 73 35 65 89 8 3 44 36 64 7 66 83 62 60 74 16 38 84 51 9 30
best 367621
time 950085 ms
seed 1
