jobs 90
mach 20
init 0 5 52 13 57 53 75 34 65 77 66 30 1 76 81 7 63 42 64 4 60 44 51 67 43 32 61 55 80 20 3 73 22 8 50 88 87 2 68 24 46 19 90 27 25 39 70 86 21 31 11 10 47 40 37 38 56 82 49 17 79 15 69 12 72 23 85 16 36 89 33 26 14 71 58 78 83 74 6 29 48 28 62 84 54 35 18 59 45 9 41
best 318631
best 309316 step 1 time 817 ms
best 308199 step 4 time 1060 ms
best 306458 step 5 time 1358 ms
best 305917 step 6 time 1554 ms
best 305888 step 7 time 1605 ms
best 305132 step 9 time 1841 ms
best 300848 step 10 time 2041 ms
best 299253 step 25 time 4938 ms
best 298118 step 26 time 5073 ms
best 297520 step 33 time 6196 ms
best 296457 step 37 time 6682 ms
best 296093 step 38 time 6882 ms
best 294923 step 52 time 9153 ms
best 292405 step 67 time 11691 ms
best 291501 step 642 time 105001 ms
best 291304 step 808 time 132116 ms
best 290490 step 826 time 135307 ms
best 290055 step 1245 time 206145 ms
best 289959 step 1451 time 238922 ms
best 289684 step 3357 time 555680 ms
best 288729 step 3779 time 624674 ms
done 0 5 52 13 88 64 65 66 57 30 75 44 53 42 1 61 20 81 76 7 77 67 55 60 80 51 63 43 4 2 39 32 73 3 50 24 31 22 8 90 87 86 27 19 70 72 46 68 49 25 10 40 69 37 47 12 82 21 11 79 26 17 89 56 48 58 78 38 28 71 85 33 83 36 16 14 34 15 23 74 6 62 84 54 9 29 35 18 59 45 41
best 288729
time 950026 ms
seed 1
