jobs 90
mach 20
init 0 12 26 37 65 51 56 11 35 42 70 61 7 19 6 90 76 50 84 45 17 15 32 22 59 58 2 75 52 13 71 27 40 77 68 30 43 69 55 34 67 8 80 1 74 73 29 24 78 54 10 88 49 9 85 66 63 39 81 60 48 14 72 41 86 16 46 87 4 23 79 31 53 21 89 20 57 5 3 25 18 44 33 36 64 82 62 38 47 28 83
best 440457
best 438161 step 1 time 677 ms
best 437189 step 2 time 790 ms
best 430504 step 3 time 995 ms
best 427165 step 4 time 1321 ms
best 415988 step 6 time 1958 ms
best 412253 step 9 time 2591 ms
best 406877 step 16 time 4389 ms
best 406822 step 18 time 4812 ms
best 406617 step 511 time 113334 ms
best 406401 step 752 time 165032 ms
best 406274 step 1635 time 356965 ms
best 405605 step 1661 time 362639 ms
best 404739 step 2723 time 593110 ms
best 402598 step 3210 time 700730 ms
best 402271 step 3246 time 708542 ms
best 399916 step 3247 time 708735 ms
done 0 12 51 11 35 65 45 19 26 42 61 6 27 7 22 70 15 75 50 84 52 17 56 77 32 59 43 34 16 2 40 60 29 8 10 58 30 69 73 71 9 74 55 67 37 24 81 1 80 54 88 76 78 49 87 72 39 41 48 85 66 44 63 90 14 79 20 31 89 46 68 57 23 53 13 5 3 25 4 36 62 86 21 18 82 64 33 38 47 28 83
best 399916
time 950300 ms
seed 1
