jobs 90
mach 20
init 0 21 75 64 55 1 70 83 18 26 53 73 68 35 74 60 39 28 20 54 72 8 40 45 32 7 89 77 59 87 42 49 13 25 63 29 22 27 14 67 6 17 81 16 9 57 4 30 50 65 48 31 36 82 69 88 86 23 33 66 52 47 41 85 38 19 61 10 62 34 78 51 43 5 79 12 44 37 84 3 80 15 76 90 46 24 71 58 11 56 2
best 414722
best 410189 step 2 time 847 ms
best 408327 step 3 time 1081 ms
best 408090 step 4 time 1352 ms
best 407117 step 5 time 1478 ms
best 406307 step 6 time 1692 ms
best 405196 step 7 time 1884 ms
best 401372 step 13 time 2731 ms
best 396678 step 32 time 6021 ms
best 396217 step 33 time 6266 ms
best 394692 step 41 time 7755 ms
best 392151 step 45 time 8432 ms
best 390616 step 46 time 8692 ms
best 390474 step 148 time 26280 ms
best 389264 step 157 time 28403 ms
best 387433 step 165 time 30161 ms
best 387257 step 656 time 117448 ms
best 387088 step 657 time 117613 ms
best 384702 step 658 time 117889 ms
best 384353 step 3037 time 529389 ms
best 383355 step 3049 time 530995 ms
best 383350 step 4972 time 866538 ms
done 0 39 9 20 53 83 18 75 64 40 28 1 73 55 32 68 35 72 70 44 45 30 77 59 8 49 42 69 21 26 7 5 13 29 25 63 89 54 52 87 17 16 6 4 48 57 14 62 50 67 36 65 74 31 41 82 43 88 66 86 23 38 85 34 79 27 84 19 60 10 22 33 61 81 47 46 11 80 78 3 12 51 37 90 15 71 24 76 56 58 2
best 383350
time 950041 ms
seed 1
