jobs 90
mach 20
init 0 76 45 25 35 12 30 53 89 4 65 69 46 44 31 55 77 73 33 80 27 57 62 37 52 36 42 9 32 72 58 28 6 88 29 1 54 64 83 66 14 17 3 79 5 26 78 70 90 85 48 61 2 81 87 50 43 60 15 13 39 34 74 67 7 59 84 71 24 20 41 8 21 75 51 11 10 38 63 19 47 16 86 18 82 68 40 23 49 22 56
best 372433
best 369405 step 1 time 684 ms
best 368174 step 5 time 1287 ms
best 367910 step 10 time 2330 ms
best 360470 step 11 time 2509 ms
best 356700 step 12 time 2691 ms
best 352420 step 14 time 3230 ms
best 352313 step 15 time 3339 ms
best 351461 step 16 time 3472 ms
best 348744 step 19 time 3865 ms
best 346138 step 22 time 4347 ms
best 345473 step 23 time 4594 ms
best 343810 step 25 time 4988 ms
best 343320 step 26 time 5118 ms
best 342630 step 905 time 150189 ms
best 342011 step 1386 time 230743 ms
best 341877 step 1387 time 230960 ms
best 341857 step 1389 time 231254 ms
best 340485 step 1443 time 240252 ms
best 340300 step 3822 time 639472 ms
best 339003 step 3823 time 639669 ms
done 0 28 76 42 69 35 4 89 53 12 30 58 31 62 65 25 54 9 33 55 80 27 77 5 32 17 46 44 48 36 57 37 52 67 45 14 6 64 29 66 24 79 72 81 70 13 83 1 61 3 78 73 90 85 26 39 2 87 43 60 50 88 15 75 34 74 7 20 41 8 84 10 59 21 63 51 82 71 11 47 38 22 19 40 16 86 18 49 68 23 56
best 339003
time 950085 ms
seed 1
