jobs 90
mach 20
init 0 46 35 50 45 26 90 32 75 43 27 34 13 64 29 61 39 44 79 70 66 25 1 88 24 41 20 17 48 52 49 63 76 56 82 87 47 51 8 80 57 58 37 7 23 3 89 77 15 19 85 62 5 84 60 30 28 36 73 72 16 68 14 86 65 2 83 53 21 10 55 71 67 42 9 38 74 6 18 78 33 11 40 69 54 4 59 31 22 12 81
best 381052
best 380300 step 1 time 636 ms
best 373946 step 4 time 1398 ms
best 370884 step 6 time 1817 ms
best 369381 step 7 time 2220 ms
best 369355 step 8 time 2351 ms
best 369212 step 9 time 2573 ms
best 365314 step 13 time 3840 ms
best 364609 step 14 time 4130 ms
best 364462 step 32 time 8802 ms
best 364397 step 33 time 9074 ms
best 363199 step 43 time 11194 ms
best 363187 step 44 time 11302 ms
best 359870 step 45 time 11546 ms
best 356332 step 46 time 11832 ms
best 354108 step 276 time 69892 ms
best 353800 step 284 time 72163 ms
best 352264 step 289 time 73584 ms
best 352178 step 426 time 108635 ms
best 351130 step 456 time 116094 ms
best 350347 step 1358 time 337286 ms
best 349789 step 1386 time 345282 ms
done 0 35 46 13 32 71 45 50 75 43 26 80 79 1 64 29 90 61 41 89 39 63 70 66 24 49 44 82 25 17 20 5 88 76 85 47 8 51 52 87 23 57 62 48 58 37 3 19 27 7 15 56 36 77 84 60 28 72 16 53 73 83 30 86 74 34 10 6 14 21 2 9 38 55 42 68 4 67 11 40 54 78 33 18 69 65 81 22 59 31 12
best 349789
time 950122 ms
seed 1
