jobs 90
mach 20
init 0 23 66 1 55 9 12 7 81 11 78 53 16 44 17 56 65 26 27 10 83 82 57 6 49 42 43 76 85 84 80 63 18 35 2 58 48 33 37 61 45 36 77 60 3 13 31 50 19 52 59 47 90 71 73 75 8 74 70 38 32 62 4 64 14 39 28 46 67 24 51 25 68 87 88 5 34 86 21 89 69 30 29 20 41 15 54 79 22 72 40
best 373283
best 357984 step 1 time 678 ms
best 354129 step 2 time 858 ms
best 354045 step 6 time 1419 ms
best 354027 step 7 time 1533 ms
best 350440 step 8 time 1759 ms
best 350228 step 9 time 1916 ms
best 348374 step 11 time 2071 ms
best 346320 step 16 time 2864 ms
best 344271 step 18 time 3199 ms
best 340998 step 19 time 3430 ms
best 339843 step 21 time 3671 ms
best 327897 step 22 time 4157 ms
best 327205 step 1565 time 262634 ms
best 325990 step 2238 time 375862 ms
best 325767 step 2245 time 377059 ms
best 325725 step 2246 time 377283 ms
done 0 23 12 66 78 16 1 55 9 7 81 11 53 65 61 80 44 17 56 64 57 82 6 26 85 42 27 63 84 37 43 76 10 60 36 31 49 83 2 35 45 33 18 3 39 58 77 32 50 52 24 71 70 8 47 73 75 67 59 90 38 4 62 48 46 19 13 14 68 28 74 25 21 87 88 51 86 89 5 69 30 29 34 15 22 54 72 20 41 79 40
best 325725
time 950069 ms
seed 1
