jobs 100
mach 20
init 0 13 41 17 48 77 51 82 58 67 37 92 74 38 70 80 24 89 87 91 69 79 42 35 72 9 23 61 63 16 12 34 56 7 64 65 22 4 33 54 84 20 66 19 6 86 14 94 73 83 52 60 78 50 28 96 55 43 1 93 27 68 62 76 88 31 49 81 100 59 95 39 29 97 75 36 45 53 30 47 98 3 99 32 15 71 40 57 11 26 44 85 46 25 21 2 90 5 8 10 18
best 525302
best 496145 step 1 time 907 ms
best 489836 step 2 time 1172 ms
best 487610 step 3 time 1410 ms
best 486273 step 45 time 11330 ms
best 485902 step 77 time 19922 ms
best 483741 step 85 time 21684 ms
best 483715 step 89 time 22711 ms
best 481987 step 170 time 44288 ms
best 480902 step 193 time 50805 ms
best 480693 step 850 time 212742 ms
best 478686 step 895 time 223771 ms
best 478258 step 915 time 229627 ms
best 477861 step 917 time 230022 ms
best 476889 step 918 time 230373 ms
best 476888 step 919 time 230570 ms
best 476856 step 920 time 230883 ms
done 0 61 13 41 17 77 79 51 37 58 67 92 38 70 80 74 23 82 54 86 24 12 35 87 63 100 91 69 9 52 34 42 16 94 72 65 14 1 66 64 56 20 33 19 6 22 4 84 31 60 76 93 27 7 89 43 68 62 96 50 73 83 48 47 39 81 78 28 95 55 75 53 88 49 29 99 45 15 59 44 97 36 30 98 25 3 85 46 11 21 32 71 40 57 90 26 18 2 8 10 5
best 476856
time 950348 ms
seed 15
