jobs 100
mach 20
init 0 67 94 75 53 4 89 92 2 33 11 56 16 86 96 64 54 76 100 47 63 17 82 65 23 58 41 83 10 20 60 59 44 25 43 95 46 69 32 52 49 81 73 84 55 97 37 6 91 15 39 21 36 38 1 98 13 12 30 70 78 34 57 18 99 42 8 51 40 19 29 74 26 62 66 31 45 35 7 50 71 3 27 24 80 14 90 68 28 22 85 87 79 9 72 48 61 93 88 5 77
best 495840
best 488182 step 2 time 2015 ms
best 482447 step 3 time 2774 ms
best 481053 step 6 time 3926 ms
best 476097 step 7 time 4349 ms
best 475773 step 8 time 4709 ms
best 475238 step 10 time 5563 ms
best 471876 step 11 time 6032 ms
best 470811 step 12 time 6344 ms
best 470522 step 13 time 6438 ms
best 469955 step 14 time 6922 ms
best 469632 step 27 time 11284 ms
best 464754 step 28 time 11809 ms
best 463242 step 29 time 12069 ms
best 462065 step 30 time 12590 ms
best 461712 step 38 time 15468 ms
best 460103 step 40 time 16054 ms
best 458405 step 58 time 22952 ms
best 457691 step 68 time 25893 ms
best 456001 step 70 time 26271 ms
best 455338 step 2393 time 876256 ms
best 454920 step 2394 time 876627 ms
best 452594 step 2414 time 883939 ms
done 0 67 75 71 11 16 4 92 89 83 94 54 2 65 56 96 53 86 41 100 76 10 20 17 59 23 82 47 58 60 91 21 25 33 36 64 32 95 13 43 46 69 49 98 81 84 55 97 30 1 6 37 39 38 57 78 99 15 52 12 73 44 3 74 45 34 70 42 35 62 26 29 40 19 8 63 18 51 7 50 28 85 27 66 31 90 24 80 14 68 5 9 22 79 72 87 48 61 88 77 93
best 452594
time 950055 ms
seed 15
