jobs 100
mach 20
init 0 26 24 12 63 86 72 64 29 80 82 18 52 57 5 97 42 11 43 33 54 89 17 61 49 7 79 59 68 78 25 53 40 69 93 4 99 13 56 92 77 1 100 88 23 9 96 84 8 45 6 95 28 85 37 81 50 39 73 38 44 55 51 66 30 90 20 71 58 19 65 46 87 83 3 67 14 27 16 15 98 47 94 62 60 31 76 22 41 10 75 70 32 48 34 36 21 35 91 74 2
best 565847
best 562599 step 1 time 727 ms
best 560436 step 6 time 2034 ms
best 559716 step 7 time 2292 ms
best 559515 step 8 time 2531 ms
best 545954 step 9 time 2706 ms
best 545939 step 11 time 3306 ms
best 535161 step 13 time 3782 ms
best 534899 step 16 time 4338 ms
best 532805 step 19 time 5254 ms
best 531840 step 20 time 5434 ms
best 526329 step 23 time 6208 ms
best 526110 step 197 time 51035 ms
best 525780 step 205 time 53008 ms
best 525726 step 333 time 85083 ms
best 525491 step 335 time 85523 ms
best 523934 step 336 time 85769 ms
best 523806 step 483 time 123119 ms
best 522562 step 484 time 123392 ms
best 522024 step 506 time 129094 ms
best 521586 step 684 time 175418 ms
best 520651 step 783 time 200545 ms
done 0 26 14 52 64 29 82 33 18 24 72 69 80 57 42 12 11 86 97 54 63 61 79 43 17 25 7 90 81 13 56 89 39 49 68 77 88 9 92 5 53 28 59 78 100 99 84 8 40 6 95 45 44 55 71 4 93 50 37 1 20 23 73 3 87 58 19 96 85 67 38 65 15 51 60 30 47 66 10 46 83 70 94 62 76 41 27 98 32 16 36 91 31 75 22 48 21 35 74 2 34
best 520651
time 950278 ms
seed 15
