jobs 100
mach 20
init 0 56 62 55 3 57 10 14 94 24 15 81 74 16 83 38 76 75 93 23 91 66 68 11 26 96 71 29 36 97 27 54 30 70 63 12 46 21 64 98 49 52 19 92 100 25 41 6 17 80 9 18 84 82 95 13 59 33 77 69 35 34 4 67 1 78 43 79 42 2 88 39 32 61 51 73 72 50 5 44 37 8 31 7 86 48 60 58 87 90 65 85 40 53 20 45 28 89 22 99 47
best 612710
best 611520 step 1 time 798 ms
best 605049 step 2 time 1083 ms
best 601586 step 3 time 1278 ms
best 601468 step 6 time 2080 ms
best 599067 step 8 time 2666 ms
best 598197 step 9 time 3004 ms
best 596312 step 10 time 3231 ms
best 593281 step 12 time 3796 ms
best 591483 step 14 time 4211 ms
best 588695 step 32 time 9278 ms
best 587675 step 44 time 12840 ms
best 587058 step 50 time 14081 ms
best 578831 step 51 time 14231 ms
best 578621 step 63 time 17540 ms
best 577428 step 541 time 136807 ms
best 577362 step 622 time 156149 ms
best 577116 step 678 time 170037 ms
best 575222 step 679 time 170183 ms
best 571637 step 681 time 170585 ms
best 571460 step 682 time 170759 ms
best 571201 step 1846 time 468691 ms
best 570691 step 1847 time 468985 ms
best 568685 step 1987 time 504452 ms
done 0 56 62 55 3 16 94 24 74 66 57 83 10 14 80 46 39 23 29 71 64 96 75 81 68 11 15 91 26 93 38 97 33 12 27 21 52 19 100 98 70 25 41 92 84 49 30 6 54 9 17 82 4 36 69 63 77 34 95 1 13 76 43 18 51 2 88 78 79 32 61 37 42 50 67 59 31 73 44 48 35 87 72 5 86 8 20 7 60 58 28 40 53 99 45 89 90 85 65 22 47
best 568685
time 950213 ms
seed 15
