jobs 100
mach 20
init 0 47 52 51 65 23 24 53 18 19 16 34 70 10 35 37 98 36 58 43 31 2 96 67 54 91 63 17 45 33 74 73 3 100 38 88 99 86 69 75 60 21 76 83 80 61 89 56 8 82 81 48 28 41 46 1 71 79 15 90 72 92 50 20 29 44 94 11 97 85 93 59 26 66 22 68 64 84 6 40 62 13 57 42 27 95 12 32 14 25 39 7 30 4 49 87 5 55 77 78 9
best 495224
best 483415 step 1 time 752 ms
best 477661 step 2 time 1150 ms
best 476481 step 3 time 1817 ms
best 471447 step 4 time 2201 ms
best 467621 step 5 time 2632 ms
best 465063 step 7 time 3130 ms
best 464874 step 178 time 45898 ms
best 462541 step 179 time 46111 ms
best 460308 step 257 time 65685 ms
best 457228 step 291 time 74872 ms
best 457102 step 460 time 118249 ms
best 456226 step 1645 time 428205 ms
best 455427 step 1776 time 462955 ms
best 454242 step 1784 time 465017 ms
best 453748 step 2960 time 771547 ms
done 0 52 73 100 16 18 24 23 58 8 51 53 19 35 70 1 98 54 65 34 88 38 31 2 45 20 56 96 74 81 41 37 67 17 91 21 63 10 33 89 99 80 85 75 3 79 82 43 36 69 90 44 61 71 46 15 76 86 83 29 93 50 40 60 28 72 92 11 59 48 94 26 13 6 97 22 47 84 42 68 57 64 27 12 62 32 14 30 25 66 55 4 95 39 7 77 49 87 5 78 9
best 453748
time 950007 ms
seed 15
