jobs 100
mach 20
init 0 72 22 26 91 27 63 97 67 92 71 87 50 16 68 99 41 5 88 34 70 47 86 52 51 13 24 6 25 100 61 93 37 12 55 98 89 96 1 33 80 30 54 23 32 17 94 75 39 36 18 45 83 10 69 20 84 2 95 21 15 46 35 79 43 42 3 82 11 73 49 60 76 4 85 90 78 74 57 7 53 40 56 29 48 65 62 9 59 31 64 19 81 66 28 38 77 44 14 8 58
best 386994
best 386962 step 1 time 743 ms
best 371853 step 4 time 1602 ms
best 369195 step 14 time 4350 ms
best 368410 step 23 time 6528 ms
best 361654 step 32 time 9219 ms
best 361035 step 35 time 9847 ms
best 359444 step 83 time 22808 ms
best 358840 step 96 time 26497 ms
best 358173 step 207 time 55643 ms
best 355417 step 231 time 61984 ms
best 353709 step 652 time 171210 ms
done 0 48 27 22 26 13 87 72 92 67 99 63 80 97 16 37 33 70 41 50 88 68 91 34 47 86 98 93 61 25 95 23 96 1 89 30 12 55 51 94 6 100 39 17 71 32 43 84 54 20 36 18 69 24 46 45 75 83 82 15 52 10 3 2 73 21 85 60 42 35 49 79 5 29 7 53 62 9 56 76 4 57 90 78 40 74 31 65 11 64 81 19 66 59 28 38 8 44 14 58 77
best 353709
time 950097 ms
seed 15
