jobs 100
mach 20
init 0 98 22 61 80 21 99 25 29 26 36 2 83 16 95 30 96 55 18 15 69 1 17 50 11 85 38 35 14 31 32 19 86 89 8 72 40 92 13 23 47 59 90 37 44 53 94 10 81 91 3 75 24 33 41 68 56 87 7 63 51 54 28 79 58 66 45 100 57 77 27 67 4 43 70 78 48 46 65 97 74 34 93 20 49 5 42 73 6 62 64 71 9 84 82 60 88 39 52 76 12
best 472770
best 470775 step 1 time 863 ms
best 463565 step 2 time 1111 ms
best 462727 step 5 time 2231 ms
best 460186 step 6 time 2657 ms
best 459500 step 8 time 3435 ms
best 457015 step 10 time 4023 ms
best 455087 step 11 time 4428 ms
best 452741 step 13 time 5254 ms
best 450546 step 14 time 5540 ms
best 450109 step 23 time 8075 ms
best 450023 step 28 time 9090 ms
best 445094 step 29 time 9601 ms
best 444210 step 46 time 14517 ms
best 440252 step 96 time 31631 ms
best 438030 step 125 time 40937 ms
best 437751 step 732 time 245984 ms
best 436812 step 733 time 246435 ms
best 435226 step 1182 time 398411 ms
best 434044 step 1237 time 416514 ms
done 0 98 22 99 21 25 26 29 61 36 38 95 30 2 55 85 35 15 1 69 80 17 83 11 96 8 53 13 32 50 44 89 14 86 91 75 37 16 18 40 23 47 92 19 72 10 31 3 66 59 27 24 90 87 63 54 94 56 41 28 68 81 45 79 57 51 100 97 7 33 48 58 65 67 78 34 74 77 43 70 93 20 49 46 4 73 42 5 6 60 62 64 39 71 9 84 88 82 52 76 12
best 434044
time 950110 ms
seed 15
