jobs 100
mach 20
init 0 69 25 15 92 48 31 97 19 21 1 75 4 63 100 68 64 51 73 23 9 45 50 77 24 89 38 16 35 39 49 87 96 71 65 29 70 22 52 95 83 79 6 86 32 66 94 44 85 60 41 59 82 2 98 37 93 17 91 3 11 36 13 7 99 47 62 42 67 14 34 72 53 76 27 18 88 90 30 8 56 84 26 61 54 12 55 40 80 78 33 46 10 5 20 58 43 28 81 74 57
best 505528
best 500660 step 1 time 907 ms
best 499524 step 3 time 1452 ms
best 490094 step 5 time 1930 ms
best 489363 step 6 time 2259 ms
best 485221 step 8 time 2582 ms
best 485194 step 9 time 2843 ms
best 484952 step 11 time 3331 ms
best 476644 step 13 time 3834 ms
best 470642 step 51 time 14604 ms
best 470096 step 54 time 15246 ms
best 468031 step 58 time 15964 ms
best 468018 step 456 time 124312 ms
best 467182 step 458 time 124803 ms
best 466485 step 479 time 130517 ms
best 466437 step 480 time 130665 ms
best 465875 step 483 time 131747 ms
best 463723 step 2006 time 543362 ms
best 463604 step 2007 time 543492 ms
best 462587 step 2806 time 755223 ms
done 0 31 75 25 1 92 4 48 38 97 73 23 19 21 65 99 82 64 35 63 100 51 9 49 29 77 68 39 87 96 24 79 45 32 83 50 86 52 16 22 70 60 59 95 89 94 78 66 37 17 91 85 71 44 34 98 41 36 6 14 47 42 18 11 67 62 88 93 72 7 3 2 15 13 20 53 55 61 8 90 80 30 84 54 56 10 27 76 26 46 12 40 5 58 33 43 69 81 28 74 57
best 462587
time 950194 ms
seed 15
