jobs 100
mach 20
init 0 23 62 1 52 75 37 21 45 17 98 80 32 16 87 25 44 34 71 69 42 66 68 95 61 29 55 27 81 11 19 79 50 40 18 39 60 22 77 70 85 97 84 59 12 82 88 64 2 65 51 58 83 49 94 53 56 9 90 76 5 24 78 89 33 86 54 15 20 73 26 10 99 31 13 36 47 67 63 6 35 91 100 14 30 92 8 41 74 7 43 96 46 72 3 28 4 93 38 48 57
best 567595
best 563716 step 3 time 1048 ms
best 561763 step 4 time 1401 ms
best 557194 step 5 time 1584 ms
best 555354 step 6 time 1847 ms
best 554154 step 10 time 2964 ms
best 547775 step 12 time 3809 ms
best 544312 step 13 time 4029 ms
best 543686 step 84 time 23156 ms
best 543453 step 85 time 23377 ms
best 541859 step 89 time 24160 ms
best 539202 step 103 time 27851 ms
best 536216 step 1159 time 304353 ms
best 536213 step 1160 time 304507 ms
best 534511 step 1969 time 515109 ms
best 532853 step 2050 time 536757 ms
done 0 23 62 37 34 21 52 45 70 75 98 16 17 27 60 1 42 32 25 29 71 61 44 12 88 77 87 80 84 66 81 68 19 82 79 11 55 50 40 64 69 18 39 85 22 94 51 89 9 59 83 5 58 49 76 90 2 73 26 10 95 36 86 65 53 78 97 56 47 6 67 91 33 15 99 24 63 54 41 100 8 30 31 13 20 92 74 35 14 7 96 3 46 28 4 93 72 43 57 38 48
best 532853
time 950031 ms
seed 15
