jobs 100
mach 20
init 0 89 24 27 61 48 17 37 95 45 34 68 62 80 40 73 33 2 8 3 81 1 47 79 25 71 42 41 38 92 55 63 54 32 5 64 70 94 39 50 46 97 6 87 53 82 43 77 75 83 19 65 44 76 49 10 69 20 11 74 14 78 67 90 28 31 16 35 84 15 60 100 30 21 7 86 98 4 52 72 93 58 51 29 56 23 26 18 88 85 12 96 13 36 22 99 57 91 59 66 9
best 582416
best 561190 step 1 time 700 ms
best 551551 step 2 time 941 ms
best 540209 step 3 time 1330 ms
best 537521 step 4 time 1553 ms
best 534391 step 5 time 1862 ms
best 531769 step 6 time 2351 ms
best 530756 step 16 time 4477 ms
best 530601 step 20 time 5415 ms
best 528313 step 21 time 5692 ms
best 527973 step 23 time 6096 ms
best 527881 step 68 time 17519 ms
best 526160 step 101 time 24978 ms
best 524407 step 103 time 25352 ms
best 522899 step 107 time 26185 ms
best 521048 step 129 time 31357 ms
best 520287 step 130 time 31611 ms
best 518970 step 1132 time 278809 ms
best 518340 step 1872 time 460118 ms
best 518186 step 1873 time 460568 ms
best 517566 step 1875 time 460888 ms
best 516895 step 3236 time 796918 ms
done 0 16 33 48 27 17 37 92 94 71 61 25 80 68 62 40 95 44 45 8 54 24 79 19 78 2 5 81 42 41 1 34 38 97 32 47 70 55 64 39 53 50 65 73 77 67 82 3 63 75 10 43 6 69 14 87 83 35 76 49 90 28 15 60 100 58 46 21 98 30 11 31 88 72 52 4 84 29 74 56 26 20 18 23 93 51 89 22 86 96 99 85 7 13 36 57 12 66 91 9 59
best 516895
time 950024 ms
seed 15
