jobs 50
mach 20
init 0 36 25 3 39 20 46 17 6 10 14 12 42 4 44 40 31 33 24 21 26 35 28 50 23 32 2 15 19 45 9 8 34 47 1 5 13 11 48 30 27 7 38 49 18 37 43 29 22 16 41
best 41504
best 41392 step 3 time 79 ms
best 40766 step 7 time 143 ms
best 38652 step 8 time 181 ms
best 37847 step 12 time 264 ms
best 37051 step 227 time 4187 ms
best 37012 step 228 time 4196 ms
best 36978 step 234 time 4285 ms
best 36726 step 589 time 10897 ms
best 36491 step 1815 time 32840 ms
best 36432 step 7891 time 142388 ms
best 36395 step 16595 time 300623 ms
best 36336 step 16596 time 300636 ms
done 0 12 36 3 10 25 22 46 6 42 39 24 17 14 31 4 44 21 33 26 28 32 20 15 40 23 45 2 50 35 19 8 9 34 47 1 5 13 30 48 27 38 7 49 18 37 11 43 29 16 41
best 36336
time 950005 ms
seed 15
