jobs 50
mach 20
init 0 46 16 38 35 47 32 20 31 43 42 21 26 12 48 11 36 33 45 28 6 44 23 14 10 9 25 17 7 40 18 15 2 24 8 50 3 13 41 37 39 49 4 27 1 29 22 19 5 34 30
best 25326
best 25160 step 12 time 334 ms
best 24985 step 21 time 495 ms
best 24899 step 22 time 507 ms
best 24389 step 151 time 3153 ms
best 24317 step 163 time 3456 ms
best 24195 step 222 time 4588 ms
best 24131 step 264 time 5422 ms
best 24039 step 953 time 20533 ms
best 24015 step 999 time 21516 ms
best 23951 step 1174 time 25179 ms
best 23946 step 1328 time 28421 ms
best 23936 step 1365 time 29171 ms
best 23770 step 2866 time 60779 ms
done 0 46 43 16 35 38 47 32 42 20 31 48 21 33 12 26 11 36 45 28 6 44 17 10 9 14 23 19 25 7 40 15 2 8 18 50 13 41 49 39 22 27 1 4 29 37 3 24 34 30 5
best 23770
time 950007 ms
seed 15
