jobs 60
mach 20
init 0 53 49 45 44 55 22 32 7 3 34 60 47 19 6 48 57 18 1 38 52 43 31 36 40 14 54 28 25 2 58 46 15 42 27 29 59 39 20 9 41 13 11 30 21 17 51 23 16 37 50 5 26 33 35 8 24 56 12 4 10
best 81846
best 81837 step 8 time 326 ms
best 79511 step 17 time 618 ms
best 79048 step 48 time 1697 ms
best 78816 step 49 time 1763 ms
best 78752 step 50 time 1815 ms
best 78676 step 51 time 1885 ms
best 78159 step 79 time 2884 ms
best 76732 step 82 time 2970 ms
best 75185 step 99 time 3479 ms
best 74881 step 515 time 18015 ms
best 74743 step 858 time 30408 ms
best 74629 step 859 time 30430 ms
best 74365 step 6749 time 237487 ms
best 74296 step 11520 time 404053 ms
done 0 55 49 53 44 3 47 22 19 7 34 48 31 2 60 18 29 6 14 1 38 43 32 36 57 45 52 54 28 11 46 15 42 25 58 41 27 59 20 9 33 13 40 30 16 21 23 37 8 50 5 17 26 51 39 4 35 24 56 12 10
best 74296
time 950005 ms
seed 15
