jobs 60
mach 20
init 0 52 30 16 34 2 9 56 38 47 26 17 21 48 55 33 31 41 39 22 42 14 36 35 1 59 11 5 29 32 6 8 7 4 13 20 15 57 60 40 24 28 27 51 3 25 49 10 19 23 37 46 12 54 58 45 53 18 50 43 44
best 73205
best 73168 step 2 time 326 ms
best 72643 step 4 time 445 ms
best 72087 step 39 time 2142 ms
best 71634 step 55 time 2938 ms
best 71309 step 56 time 2978 ms
best 71178 step 184 time 8632 ms
best 70875 step 389 time 17612 ms
best 70423 step 390 time 17657 ms
best 70418 step 3284 time 149896 ms
best 70306 step 3285 time 149953 ms
best 70234 step 5296 time 241444 ms
best 70007 step 7072 time 321077 ms
best 69733 step 8874 time 403413 ms
best 69720 step 8878 time 403627 ms
done 0 47 34 37 16 31 2 56 9 21 33 26 17 48 7 38 5 55 52 35 39 36 14 41 1 59 11 30 22 29 32 8 40 13 60 20 4 15 51 57 42 24 28 6 25 27 19 54 3 46 10 58 12 23 49 45 53 18 50 43 44
best 69720
time 950068 ms
seed 15
