jobs 60
mach 20
init 0 38 55 3 15 24 46 29 12 22 33 20 27 50 60 51 1 4 35 5 57 16 45 37 59 18 13 58 49 41 2 10 19 25 11 7 48 9 40 26 43 39 52 47 23 34 53 28 21 42 17 14 56 44 6 54 30 31 36 32 8
best 75681
best 75402 step 1 time 134 ms
best 75046 step 2 time 197 ms
best 73575 step 3 time 266 ms
best 71890 step 34 time 1645 ms
best 70430 step 70 time 2855 ms
best 69578 step 293 time 11371 ms
best 69480 step 989 time 37338 ms
best 69288 step 2652 time 98376 ms
done 0 19 55 3 15 38 46 12 29 24 22 27 33 50 20 60 1 4 11 51 5 16 57 34 35 37 59 18 13 45 10 41 49 2 25 9 7 47 40 58 48 43 23 26 21 39 52 42 53 36 44 28 17 14 30 56 32 54 8 6 31
best 69288
time 950026 ms
seed 15
