jobs 60
mach 20
init 0 53 31 36 58 38 5 55 42 9 28 20 52 4 44 54 22 6 33 23 14 41 40 21 47 25 35 27 15 30 1 39 10 29 2 7 43 34 24 3 37 57 50 8 12 18 32 13 16 46 49 60 48 51 59 11 45 26 19 17 56
best 86904
best 86900 step 2 time 188 ms
best 86697 step 20 time 901 ms
best 86311 step 24 time 1051 ms
best 86297 step 63 time 2328 ms
best 86214 step 66 time 2428 ms
best 85439 step 71 time 2565 ms
best 85335 step 76 time 2760 ms
best 84794 step 167 time 5898 ms
best 84595 step 168 time 5940 ms
best 84566 step 169 time 5971 ms
best 84382 step 376 time 13275 ms
best 84323 step 439 time 15520 ms
best 83811 step 1044 time 36150 ms
best 83648 step 2987 time 103786 ms
best 83604 step 3809 time 131450 ms
done 0 53 31 36 58 38 5 55 42 9 28 4 20 22 52 21 47 44 6 54 14 41 40 33 23 35 25 15 27 1 39 10 30 18 29 2 7 43 24 3 37 13 57 16 12 32 34 50 45 8 46 60 49 48 11 51 59 26 19 17 56
best 83604
time 950032 ms
seed 15
