jobs 70
mach 20
init 0 47 32 53 55 16 20 27 70 56 38 3 50 21 28 54 26 2 4 41 64 22 34 68 13 15 12 7 42 14 11 30 1 65 10 52 35 36 33 66 57 44 45 39 37 67 17 6 25 8 9 62 63 24 61 69 48 59 31 46 40 5 60 29 43 51 23 19 58 18 49
best 153024
best 152189 step 5 time 686 ms
best 151086 step 7 time 757 ms
best 150959 step 22 time 1939 ms
best 150526 step 23 time 2024 ms
best 150264 step 30 time 2571 ms
best 148226 step 38 time 3208 ms
best 146266 step 175 time 14744 ms
best 145410 step 221 time 18657 ms
best 145323 step 222 time 18731 ms
best 145115 step 5457 time 458259 ms
done 0 47 34 32 55 16 27 53 70 56 38 28 20 11 3 4 41 50 64 54 26 2 12 68 13 22 15 7 42 25 30 65 1 14 10 52 33 36 35 39 45 57 21 44 51 67 37 6 9 63 59 8 62 17 24 66 60 61 69 43 46 29 40 31 19 48 18 23 58 49 5
best 145115
time 950020 ms
seed 15
