jobs 70
mach 20
init 0 27 31 35 25 12 4 68 9 14 2 66 51 46 65 21 10 32 56 53 24 39 7 17 19 64 59 47 1 36 23 38 50 61 30 41 6 22 16 62 67 34 13 69 43 18 44 57 58 70 20 33 15 29 60 5 40 63 26 37 49 54 52 48 3 8 11 28 55 42 45
best 138814
best 138786 step 1 time 232 ms
best 137579 step 2 time 329 ms
best 132472 step 4 time 504 ms
best 132437 step 6 time 664 ms
best 132313 step 11 time 1161 ms
best 130902 step 16 time 1624 ms
best 129656 step 17 time 1743 ms
best 124369 step 25 time 2608 ms
best 122940 step 27 time 2775 ms
best 122034 step 93 time 8585 ms
best 121651 step 150 time 13632 ms
best 120909 step 151 time 13734 ms
best 119928 step 358 time 31155 ms
best 118927 step 795 time 67769 ms
best 117721 step 1966 time 171978 ms
best 117307 step 1967 time 172104 ms
best 116770 step 3018 time 262435 ms
best 116565 step 3020 time 262578 ms
done 0 27 31 35 25 14 4 68 46 65 12 9 53 51 21 56 19 10 32 2 23 47 39 34 1 17 50 7 36 22 64 59 38 30 41 6 24 62 61 15 67 18 16 52 69 66 57 58 70 43 20 54 5 29 33 40 63 8 13 48 3 60 37 49 44 26 11 55 28 45 42
best 116565
time 950042 ms
seed 15
