jobs 70
mach 20
init 0 45 70 7 69 67 12 23 55 32 65 17 39 14 2 44 20 36 56 6 13 8 25 58 49 66 28 4 60 37 61 38 64 59 33 41 42 30 18 31 29 43 26 22 50 62 19 34 5 52 9 68 21 16 48 10 15 1 51 46 47 27 63 54 11 40 24 53 3 35 57
best 150554
best 148947 step 7 time 649 ms
best 147911 step 10 time 830 ms
best 146221 step 11 time 900 ms
best 145926 step 20 time 1636 ms
best 145583 step 21 time 1727 ms
best 144696 step 24 time 1967 ms
best 144622 step 45 time 3730 ms
best 143104 step 50 time 4130 ms
best 143029 step 107 time 8658 ms
best 142776 step 111 time 8898 ms
best 138465 step 112 time 8957 ms
best 137997 step 242 time 18905 ms
best 137363 step 303 time 23557 ms
best 135781 step 305 time 23753 ms
best 135580 step 367 time 28038 ms
best 134148 step 3825 time 276277 ms
done 0 45 69 55 7 17 39 46 65 14 67 12 23 32 36 5 2 44 49 56 13 70 6 60 25 58 59 8 28 38 37 22 64 61 33 4 43 41 19 29 18 30 66 51 42 50 62 31 68 52 34 9 10 21 16 48 20 15 1 26 54 11 47 27 63 57 24 53 3 35 40
best 134148
time 950086 ms
seed 15
