jobs 70
mach 20
init 0 13 53 47 34 23 56 42 45 15 26 5 55 37 67 60 7 69 33 11 10 12 52 68 24 22 44 49 17 57 14 32 16 59 6 30 9 21 8 35 28 70 40 4 43 25 58 50 61 63 65 19 46 54 41 38 20 64 39 51 27 18 31 1 36 66 62 48 29 3 2
best 148742
best 145034 step 3 time 326 ms
best 144811 step 4 time 395 ms
best 144602 step 147 time 9659 ms
best 144398 step 151 time 9911 ms
best 144349 step 152 time 9995 ms
best 143574 step 170 time 11258 ms
best 143412 step 171 time 11279 ms
best 143384 step 174 time 11469 ms
best 142391 step 176 time 11655 ms
best 142372 step 178 time 11763 ms
best 142097 step 260 time 17461 ms
best 141937 step 268 time 17943 ms
best 141916 step 269 time 17997 ms
best 141303 step 548 time 36091 ms
best 141282 step 552 time 36290 ms
best 140894 step 555 time 36447 ms
best 140338 step 557 time 36590 ms
best 139598 step 569 time 37429 ms
best 139577 step 571 time 37548 ms
best 139421 step 12378 time 815088 ms
done 0 23 56 42 5 45 34 53 55 13 26 17 57 67 60 69 33 37 24 7 11 52 21 68 44 49 54 10 16 59 15 12 22 6 30 9 47 32 4 43 8 35 70 40 14 28 63 25 58 50 61 65 19 46 41 38 39 27 18 20 31 64 51 1 36 66 62 48 29 3 2
best 139421
time 950063 ms
seed 15
