jobs 70
mach 20
init 0 23 22 66 12 27 54 36 50 64 38 13 63 61 51 8 16 25 9 24 34 44 53 32 29 41 11 45 65 46 67 6 48 2 68 43 42 3 58 20 33 31 19 40 70 56 26 37 7 49 14 39 52 57 4 47 5 1 62 18 21 28 30 60 10 55 35 15 59 17 69
best 174951
best 172526 step 2 time 296 ms
best 172249 step 3 time 396 ms
best 172167 step 11 time 958 ms
best 171623 step 12 time 1026 ms
best 171459 step 13 time 1076 ms
best 168371 step 14 time 1183 ms
best 167651 step 18 time 1405 ms
best 163709 step 19 time 1490 ms
best 163457 step 21 time 1566 ms
best 163032 step 22 time 1615 ms
best 162940 step 714 time 47542 ms
best 160171 step 723 time 48261 ms
done 0 23 12 29 22 67 27 36 63 50 66 51 38 64 8 61 13 44 16 24 25 53 32 9 56 34 41 65 46 37 11 45 6 54 57 3 48 58 33 20 68 31 42 19 43 40 70 7 2 49 18 39 52 28 4 47 5 1 62 26 21 30 60 15 10 55 35 14 17 59 69
best 160171
time 950022 ms
seed 15
