jobs 70
mach 20
init 0 53 59 22 25 21 43 28 9 15 58 3 41 49 6 14 10 32 61 47 52 62 46 4 13 16 63 20 36 55 37 11 68 29 57 51 12 48 67 31 65 27 1 30 26 70 24 35 54 40 45 39 38 66 42 19 69 2 56 64 44 23 18 60 7 34 33 50 5 8 17
best 147528
best 139913 step 1 time 165 ms
best 139143 step 2 time 265 ms
best 138728 step 13 time 1103 ms
best 137955 step 14 time 1162 ms
best 134295 step 15 time 1212 ms
best 134068 step 16 time 1269 ms
best 131346 step 19 time 1402 ms
best 130197 step 23 time 1617 ms
best 129964 step 183 time 11844 ms
best 128696 step 253 time 16524 ms
best 127274 step 255 time 16712 ms
best 126734 step 257 time 16828 ms
best 126634 step 1636 time 108041 ms
best 125898 step 3009 time 197551 ms
best 125816 step 7470 time 489465 ms
best 125800 step 7548 time 494996 ms
best 125654 step 7549 time 495052 ms
best 125597 step 7550 time 495125 ms
best 125462 step 8999 time 589645 ms
best 124724 step 10635 time 698645 ms
done 0 53 25 59 41 28 15 43 51 21 3 10 9 61 58 13 49 14 22 47 32 6 68 52 62 16 37 46 66 4 20 36 31 57 35 11 29 55 12 48 42 65 54 1 67 38 70 27 40 26 30 39 24 63 56 19 2 23 45 18 64 33 44 60 69 7 50 17 34 8 5
best 124724
time 950002 ms
seed 15
