jobs 80
mach 20
init 0 77 22 23 7 67 54 64 42 39 5 18 14 19 58 66 51 80 75 49 16 38 34 40 26 50 63 47 72 33 69 35 11 9 48 46 74 56 1 21 60 25 15 52 3 4 45 61 78 41 6 65 73 68 37 27 62 31 79 8 36 53 29 57 20 17 43 28 59 76 70 13 2 71 10 30 12 24 44 55 32
best 240036
best 233536 step 1 time 376 ms
best 232332 step 3 time 606 ms
best 232072 step 6 time 799 ms
best 228873 step 8 time 1047 ms
best 227879 step 16 time 1810 ms
best 226088 step 17 time 1888 ms
best 226025 step 18 time 1992 ms
best 225681 step 19 time 2141 ms
best 225638 step 20 time 2226 ms
best 223925 step 25 time 2956 ms
best 222667 step 36 time 4010 ms
best 221909 step 37 time 4123 ms
best 221573 step 38 time 4305 ms
best 221384 step 153 time 17492 ms
best 219513 step 181 time 20913 ms
best 219077 step 711 time 81100 ms
best 219075 step 4664 time 522141 ms
best 217783 step 5196 time 578087 ms
done 0 67 22 54 7 16 23 18 64 39 77 14 5 58 19 66 42 51 80 38 3 72 60 75 34 40 26 63 69 27 50 35 11 49 47 48 74 68 46 9 33 61 41 56 1 45 4 29 78 15 79 21 25 62 6 65 37 52 53 31 8 28 36 59 20 73 13 17 57 43 12 71 10 70 76 2 24 44 55 32 30
best 217783
time 950051 ms
seed 15
