jobs 80
mach 20
init 0 21 36 58 25 66 74 1 68 31 27 4 70 11 77 40 3 55 33 23 16 17 8 56 20 75 49 57 44 69 50 22 38 5 45 14 30 18 51 80 34 52 46 19 10 79 7 32 76 62 28 12 73 78 6 29 37 61 53 63 64 26 65 35 41 47 13 48 43 42 9 71 60 39 2 59 24 15 72 67 54
best 284195
best 280131 step 1 time 398 ms
best 276404 step 2 time 514 ms
best 276302 step 4 time 685 ms
best 272457 step 5 time 830 ms
best 267042 step 6 time 1000 ms
best 266081 step 10 time 1503 ms
best 264717 step 12 time 1796 ms
best 263969 step 19 time 2580 ms
best 263907 step 58 time 7266 ms
best 263899 step 59 time 7446 ms
best 263212 step 60 time 7559 ms
best 262205 step 78 time 9495 ms
best 259939 step 100 time 11849 ms
best 259160 step 231 time 26899 ms
best 254192 step 236 time 27470 ms
best 253197 step 237 time 27541 ms
done 0 21 65 68 23 1 36 25 58 70 4 77 66 74 31 55 33 16 3 40 8 56 75 17 27 49 57 11 34 69 44 73 22 53 5 20 45 14 50 46 6 30 80 18 19 10 52 28 79 32 12 63 7 76 61 26 41 51 78 62 35 48 9 29 2 64 47 37 43 42 13 38 39 71 59 60 24 15 72 67 54
best 253197
time 950084 ms
seed 15
