jobs 80
mach 20
init 0 19 62 25 53 18 41 47 57 71 29 14 66 11 17 42 58 2 26 79 4 67 12 65 70 37 22 21 76 63 15 74 38 23 59 6 75 10 52 13 30 72 28 73 50 39 35 78 1 61 55 33 54 60 7 77 31 3 24 20 34 40 27 46 43 36 49 8 64 44 32 9 5 80 69 48 68 56 16 51 45
best 275835
best 269109 step 1 time 676 ms
best 268192 step 2 time 781 ms
best 261984 step 3 time 877 ms
best 255839 step 4 time 1028 ms
best 255745 step 9 time 1426 ms
best 252125 step 10 time 1531 ms
best 251057 step 11 time 1704 ms
best 250527 step 12 time 1846 ms
best 248528 step 13 time 1992 ms
best 247687 step 14 time 2117 ms
best 246784 step 203 time 24769 ms
best 246776 step 204 time 24866 ms
best 246384 step 205 time 24983 ms
best 245950 step 435 time 51484 ms
best 245670 step 639 time 75788 ms
best 244415 step 646 time 76764 ms
best 243796 step 705 time 83284 ms
best 242979 step 5837 time 682052 ms
best 242857 step 5838 time 682160 ms
best 242855 step 5839 time 682198 ms
done 0 66 25 12 53 47 17 29 50 62 18 57 71 19 58 42 14 4 38 41 11 65 1 22 63 76 20 2 21 15 73 79 55 70 37 59 6 75 52 72 61 74 28 3 30 13 39 26 77 35 7 60 78 54 23 33 10 67 24 34 40 36 64 31 27 43 46 44 8 69 80 9 49 5 32 48 68 56 16 51 45
best 242855
time 950020 ms
seed 15
