jobs 80
mach 20
init 0 5 9 52 75 28 48 74 49 60 35 39 44 64 21 18 31 32 11 10 73 4 36 23 61 68 34 7 13 24 1 25 33 12 70 43 62 57 69 17 14 45 20 6 8 26 51 59 66 16 37 46 30 29 76 2 50 80 15 42 22 56 55 38 58 79 41 63 40 71 78 65 77 19 27 53 47 3 72 54 67
best 201452
best 201264 step 19 time 2246 ms
best 200893 step 20 time 2311 ms
best 200182 step 22 time 2637 ms
best 199083 step 29 time 3406 ms
best 197487 step 30 time 3592 ms
best 195213 step 42 time 4865 ms
best 194915 step 44 time 4981 ms
best 194638 step 52 time 5758 ms
best 194447 step 63 time 6993 ms
best 194442 step 64 time 7135 ms
best 192165 step 96 time 10642 ms
best 192021 step 97 time 10747 ms
best 190944 step 104 time 11687 ms
best 190842 step 156 time 17016 ms
best 190703 step 460 time 49314 ms
best 189449 step 581 time 60942 ms
best 189395 step 786 time 82640 ms
best 188840 step 1216 time 127548 ms
best 188749 step 1528 time 161300 ms
best 188640 step 1534 time 161867 ms
best 188595 step 1767 time 185901 ms
best 187383 step 3354 time 354494 ms
done 0 5 9 52 75 28 48 74 49 60 35 39 36 21 18 44 31 32 61 11 10 68 4 23 64 13 24 1 70 59 33 25 12 7 34 43 69 17 14 73 2 46 45 57 26 8 66 55 16 51 37 6 50 20 80 62 22 15 42 76 29 30 58 56 38 72 41 78 63 71 40 47 3 79 19 54 65 77 53 27 67
best 187383
time 950033 ms
seed 15
