jobs 80
mach 20
init 0 55 1 2 45 13 68 70 67 43 34 71 6 54 15 72 7 74 47 78 37 51 50 22 26 27 48 32 23 17 53 46 65 9 39 29 25 40 35 49 33 61 66 8 75 38 36 5 52 18 57 60 21 42 3 58 4 80 56 41 73 64 63 14 16 30 76 77 28 79 31 62 20 59 19 11 69 44 24 12 10
best 182047
best 181686 step 9 time 1649 ms
best 181188 step 30 time 4396 ms
best 178056 step 37 time 5359 ms
best 176026 step 87 time 10676 ms
best 173643 step 88 time 10822 ms
best 172757 step 5091 time 583167 ms
best 172371 step 6012 time 688240 ms
best 172357 step 7330 time 839209 ms
best 171981 step 7332 time 839448 ms
done 0 55 2 1 45 70 67 71 13 43 68 15 34 54 8 6 7 72 74 47 36 37 22 50 46 26 27 32 48 23 17 78 9 39 25 40 53 35 65 33 61 29 16 51 49 52 66 75 38 3 57 60 21 56 18 42 4 73 80 63 14 5 64 58 19 41 20 76 77 28 79 31 62 59 24 11 69 30 44 12 10
best 171981
time 950053 ms
seed 15
