jobs 80
mach 20
init 0 23 56 79 20 77 36 27 80 47 38 59 37 6 12 55 14 61 7 48 70 11 28 18 26 75 16 53 33 43 54 71 45 30 69 9 32 42 13 52 40 66 58 24 5 63 67 65 74 21 51 8 4 17 49 60 62 15 34 76 22 64 35 2 72 10 46 50 29 57 25 39 41 73 3 78 68 1 19 31 44
best 320633
best 314392 step 1 time 438 ms
best 307599 step 2 time 599 ms
best 301261 step 6 time 1061 ms
best 300009 step 91 time 11301 ms
best 299402 step 92 time 11466 ms
best 296715 step 119 time 14349 ms
best 294645 step 126 time 15058 ms
best 294078 step 467 time 53080 ms
best 293772 step 476 time 53907 ms
best 293664 step 495 time 55546 ms
best 293119 step 743 time 82523 ms
best 291239 step 757 time 83753 ms
best 291208 step 4630 time 514131 ms
best 290040 step 4631 time 514245 ms
best 288764 step 6821 time 754897 ms
best 288453 step 8391 time 927033 ms
best 287162 step 8402 time 928320 ms
done 0 47 79 36 59 23 77 6 61 37 28 74 21 38 12 56 55 7 71 40 45 14 80 18 62 70 27 26 69 11 33 54 16 42 30 53 43 8 75 66 9 24 5 63 67 52 32 58 51 65 4 13 22 72 49 10 34 17 15 60 48 20 64 35 2 57 50 46 76 41 29 25 39 3 73 78 31 1 44 68 19
best 287162
time 950038 ms
seed 15
