jobs 80
mach 20
init 0 19 45 78 42 75 1 63 41 24 3 46 14 12 22 61 20 66 7 49 31 10 44 76 33 27 56 60 71 69 17 16 79 57 34 53 4 72 30 29 48 26 32 38 11 35 73 28 8 51 77 15 25 5 21 74 40 67 80 39 9 2 50 59 58 62 70 64 18 36 68 54 6 23 13 43 55 37 47 52 65
best 191220
best 188625 step 3 time 483 ms
best 187844 step 6 time 863 ms
best 187139 step 7 time 1020 ms
best 184863 step 17 time 2299 ms
best 182756 step 40 time 5385 ms
best 182268 step 64 time 8398 ms
best 176850 step 65 time 8477 ms
best 176762 step 74 time 9394 ms
best 176600 step 75 time 9483 ms
best 175541 step 1431 time 184258 ms
done 0 19 3 24 45 42 46 1 76 63 75 20 78 61 14 35 41 7 66 49 22 27 56 44 31 10 59 12 11 69 60 17 33 79 57 34 53 4 71 72 30 29 48 26 5 21 15 77 73 32 28 51 50 39 9 74 8 16 67 80 40 2 68 25 70 64 62 54 38 23 18 36 47 58 43 6 55 13 37 65 52
best 175541
time 950163 ms
seed 15
