jobs 80
mach 20
init 0 38 56 47 3 59 17 21 57 32 31 50 34 73 64 60 15 18 67 72 62 7 71 74 23 43 66 29 36 49 41 44 69 19 48 13 4 52 14 8 30 22 55 45 76 75 63 54 11 2 39 46 53 78 77 40 35 61 27 42 33 58 28 68 10 80 9 16 12 51 25 79 20 6 24 5 65 1 26 37 70
best 304171
best 297691 step 1 time 456 ms
best 294315 step 18 time 2353 ms
best 293739 step 26 time 3577 ms
best 292381 step 28 time 3677 ms
best 291556 step 39 time 4909 ms
best 291117 step 196 time 25980 ms
best 290434 step 200 time 26466 ms
best 289938 step 236 time 30723 ms
best 288555 step 241 time 31283 ms
best 287051 step 260 time 33830 ms
best 286165 step 341 time 43881 ms
best 285512 step 1006 time 131177 ms
best 285184 step 1008 time 131503 ms
best 284935 step 1028 time 134115 ms
best 284272 step 1039 time 135243 ms
best 284078 step 1891 time 244834 ms
best 282767 step 1914 time 247906 ms
best 282206 step 1915 time 248065 ms
done 0 38 56 47 31 59 17 55 57 29 50 7 3 32 60 15 18 67 64 72 54 21 71 4 62 2 41 34 43 74 66 49 11 23 73 52 14 69 44 8 13 30 78 63 39 48 42 22 45 58 36 76 75 46 25 40 53 35 27 28 19 80 33 77 20 61 68 10 1 16 12 51 26 65 79 6 24 5 9 37 70
best 282206
time 950039 ms
seed 15
