jobs 90
mach 20
init 0 9 75 26 53 1 73 55 20 83 59 60 28 35 64 40 43 39 32 72 68 8 45 30 87 77 70 25 5 18 74 13 42 49 48 14 19 17 7 44 50 6 63 21 54 27 67 4 69 86 52 65 57 16 31 66 89 29 10 62 34 88 23 36 41 84 38 33 61 47 82 79 12 78 22 46 85 80 81 3 24 2 51 76 37 71 11 15 90 56 58
best 412550
best 408872 step 1 time 486 ms
best 408841 step 2 time 679 ms
best 405800 step 3 time 824 ms
best 401522 step 5 time 1305 ms
best 396074 step 6 time 1598 ms
best 395448 step 28 time 5153 ms
best 395440 step 39 time 7047 ms
best 395239 step 40 time 7186 ms
best 394752 step 44 time 7778 ms
best 393422 step 46 time 8085 ms
best 390222 step 51 time 8778 ms
best 389850 step 99 time 16300 ms
best 387368 step 130 time 21369 ms
best 386990 step 132 time 21678 ms
best 386120 step 136 time 22423 ms
best 386053 step 137 time 22476 ms
best 385514 step 417 time 68613 ms
best 384316 step 422 time 69476 ms
best 381963 step 880 time 154019 ms
best 381449 step 881 time 154240 ms
done 0 9 53 1 73 26 75 20 64 18 83 55 49 28 68 35 72 39 45 30 40 8 22 43 32 77 59 69 29 7 89 13 54 52 42 85 87 21 17 25 70 81 14 63 57 6 74 50 67 4 48 36 88 65 62 16 31 82 23 38 10 86 66 34 27 79 19 60 41 33 37 44 84 47 80 61 78 3 12 76 5 51 11 15 90 46 24 71 58 56 2
best 381449
time 950000 ms
seed 15
