jobs 90
mach 20
init 0 76 45 31 30 53 89 35 4 65 69 12 46 44 27 42 62 58 33 25 9 54 5 57 52 55 13 32 73 80 28 77 17 67 79 64 6 48 26 72 83 14 70 43 90 37 66 78 88 29 85 2 1 36 50 87 39 3 60 61 81 7 15 20 59 84 41 24 34 74 51 10 75 71 11 21 63 8 47 38 22 19 82 86 18 40 16 23 49 68 56
best 364746
best 361849 step 1 time 686 ms
best 360166 step 4 time 1139 ms
best 346927 step 5 time 1452 ms
best 346461 step 6 time 1557 ms
best 344950 step 157 time 27375 ms
best 344718 step 198 time 33919 ms
best 344011 step 218 time 36902 ms
best 343982 step 219 time 36977 ms
best 343469 step 767 time 128648 ms
best 340634 step 775 time 129708 ms
best 340130 step 776 time 129931 ms
best 339486 step 4884 time 835004 ms
best 339260 step 4885 time 835174 ms
best 339116 step 4886 time 835332 ms
done 0 42 69 35 76 53 89 58 30 12 31 62 46 65 4 25 54 9 55 33 80 27 77 5 32 17 44 36 57 37 52 28 45 67 14 6 64 26 66 83 7 48 72 90 81 79 70 13 78 73 1 50 85 29 43 87 39 2 60 15 20 41 24 3 75 59 34 74 61 71 88 8 84 10 51 11 19 63 21 47 38 16 82 23 18 68 49 40 22 86 56
best 339116
time 950005 ms
seed 15
