jobs 90
mach 20
init 0 5 52 88 13 65 73 66 57 30 75 44 53 61 80 20 76 67 77 1 42 64 81 63 55 43 51 4 39 7 19 60 3 22 8 32 70 87 2 68 24 31 46 90 50 27 86 25 40 69 78 47 89 49 37 10 79 82 58 21 11 71 26 12 33 83 36 56 38 14 15 85 72 28 34 17 48 23 74 16 6 29 35 59 9 84 62 41 18 54 45
best 307250
best 303626 step 1 time 863 ms
best 300760 step 5 time 1767 ms
best 299834 step 6 time 2012 ms
best 299658 step 7 time 2199 ms
best 299297 step 9 time 2623 ms
best 296316 step 12 time 3230 ms
best 295025 step 15 time 4182 ms
best 294759 step 16 time 4353 ms
best 294722 step 43 time 10655 ms
best 294410 step 50 time 12165 ms
best 294186 step 341 time 76755 ms
best 291855 step 433 time 97075 ms
best 291631 step 1934 time 421690 ms
best 291235 step 2061 time 450431 ms
best 290532 step 2063 time 450890 ms
best 290408 step 2064 time 451204 ms
best 290308 step 2065 time 451480 ms
best 290265 step 2069 time 452449 ms
best 289885 step 2636 time 578015 ms
best 289636 step 2637 time 578172 ms
best 288605 step 2639 time 578625 ms
best 288474 step 4289 time 936124 ms
best 288396 step 4291 time 936542 ms
done 0 5 52 13 88 64 65 66 57 81 30 75 44 53 42 1 61 32 55 20 7 77 67 60 43 2 51 4 63 76 68 80 39 3 50 24 73 22 8 90 31 87 46 27 19 70 16 49 10 25 40 69 47 37 56 38 82 48 21 86 26 79 12 85 11 72 28 89 78 71 83 14 17 36 33 58 34 15 23 74 59 6 54 9 84 62 35 41 18 29 45
best 288396
time 950112 ms
seed 15
