jobs 90
mach 20
init 0 55 85 90 7 71 74 49 54 11 58 12 21 66 36 44 37 6 70 34 79 41 38 20 46 28 84 76 3 48 18 31 83 22 27 68 88 81 15 43 57 51 75 62 87 17 2 53 60 25 23 56 26 72 61 63 29 30 67 47 19 50 69 33 5 80 45 59 35 24 42 13 10 73 78 8 39 89 65 16 77 1 14 32 52 82 4 40 9 64 86
best 435836
best 431137 step 3 time 748 ms
best 427068 step 4 time 945 ms
best 422489 step 5 time 1303 ms
best 418053 step 6 time 1655 ms
best 413447 step 8 time 2034 ms
best 409247 step 102 time 19257 ms
best 405269 step 108 time 20281 ms
best 403627 step 362 time 63010 ms
best 402177 step 363 time 63394 ms
best 402154 step 364 time 63527 ms
best 399616 step 368 time 64697 ms
done 0 48 49 54 36 85 74 58 90 71 12 24 11 7 21 6 70 79 20 28 15 38 41 27 44 46 3 37 76 31 68 43 81 57 83 26 22 87 17 61 60 88 45 18 33 62 34 51 75 23 29 25 84 2 72 78 47 50 63 19 66 30 53 69 56 35 5 80 10 39 59 13 67 89 16 55 77 73 42 82 14 4 8 65 9 86 32 52 1 64 40
best 399616
time 950247 ms
seed 15
