jobs 90
mach 20
init 0 12 45 11 35 70 65 7 61 6 51 58 27 34 84 26 10 88 19 15 75 77 22 59 40 55 69 17 56 43 71 32 2 39 42 8 1 29 74 50 24 30 52 87 16 78 54 37 9 72 60 85 76 48 49 23 67 81 13 66 80 63 4 90 46 41 44 79 53 73 68 89 31 14 57 33 20 5 3 25 18 86 21 36 64 82 62 38 47 28 83
best 449195
best 437402 step 1 time 506 ms
best 435309 step 2 time 653 ms
best 435015 step 3 time 757 ms
best 434775 step 5 time 1088 ms
best 434202 step 6 time 1214 ms
best 430940 step 22 time 4527 ms
best 429751 step 28 time 5715 ms
best 429166 step 31 time 6512 ms
best 421536 step 32 time 6797 ms
best 420113 step 34 time 7349 ms
best 413352 step 48 time 10060 ms
best 411914 step 54 time 11374 ms
best 410113 step 88 time 16901 ms
best 408407 step 325 time 59216 ms
best 407085 step 329 time 60235 ms
best 406796 step 705 time 132037 ms
best 404928 step 710 time 132843 ms
best 404900 step 711 time 132971 ms
best 404525 step 2263 time 420704 ms
best 403798 step 2264 time 420770 ms
best 400940 step 4030 time 743301 ms
done 0 12 51 10 61 45 65 11 7 70 19 60 35 50 42 6 17 15 27 77 56 32 52 58 59 34 16 75 43 2 69 29 40 68 30 88 73 8 1 71 74 81 55 72 76 84 67 87 37 54 24 22 9 78 39 49 26 48 41 20 89 85 31 13 46 66 90 14 79 53 44 80 63 57 4 23 25 18 86 5 36 3 64 62 21 33 82 38 47 28 83
best 400940
time 950140 ms
seed 15
