jobs 90
mach 20
init 0 35 46 45 26 32 75 79 60 50 43 80 88 29 90 13 61 70 64 63 39 66 82 24 20 17 89 52 25 41 44 76 56 87 49 47 48 1 8 23 57 58 37 3 7 62 36 77 19 27 85 15 30 84 72 51 2 5 73 34 21 16 86 71 55 83 28 53 14 74 38 65 9 67 18 6 78 42 10 11 33 68 40 4 81 69 54 22 59 31 12
best 363216
best 362450 step 4 time 1319 ms
best 360579 step 8 time 2026 ms
best 360578 step 89 time 16709 ms
best 360576 step 90 time 16889 ms
best 358428 step 91 time 17095 ms
best 357219 step 92 time 17222 ms
best 356338 step 93 time 17403 ms
best 355627 step 110 time 20254 ms
best 355615 step 111 time 20456 ms
best 355278 step 277 time 51093 ms
best 354993 step 352 time 65160 ms
best 354672 step 721 time 130454 ms
best 353567 step 885 time 160162 ms
best 352181 step 889 time 160780 ms
best 351627 step 891 time 161107 ms
best 351485 step 1617 time 295215 ms
best 349647 step 2199 time 402546 ms
best 348266 step 3872 time 708923 ms
best 348004 step 3877 time 709810 ms
best 347711 step 3883 time 710972 ms
done 0 35 46 13 32 79 75 26 90 43 80 66 71 50 45 25 2 1 61 70 64 63 24 88 52 29 39 41 44 20 17 82 49 5 27 77 47 8 58 76 56 87 23 57 48 62 19 85 7 37 3 83 15 51 89 28 36 30 84 60 73 72 34 21 16 86 55 10 74 53 14 68 38 11 40 78 33 9 67 18 42 4 81 6 69 65 54 59 22 12 31
best 347711
time 950125 ms
seed 15
