jobs 90
mach 20
init 0 55 51 37 27 16 54 42 78 60 47 10 8 90 28 73 81 64 41 39 63 62 30 36 52 49 14 11 2 89 32 71 31 29 82 1 48 70 12 13 56 34 26 25 80 57 5 83 68 86 9 40 23 77 66 53 88 3 4 7 33 67 24 35 76 44 59 58 69 74 18 87 46 61 43 79 17 45 21 84 15 65 72 85 19 6 22 20 38 50 75
best 438267
best 435980 step 1 time 427 ms
best 435104 step 3 time 821 ms
best 432713 step 4 time 1198 ms
best 432142 step 5 time 1348 ms
best 425482 step 6 time 1734 ms
best 425312 step 7 time 1864 ms
best 421597 step 8 time 2116 ms
best 421277 step 18 time 4066 ms
best 420737 step 19 time 4171 ms
best 419964 step 21 time 4626 ms
best 419312 step 24 time 5199 ms
best 417567 step 80 time 15580 ms
best 417272 step 81 time 15916 ms
best 415547 step 83 time 16207 ms
best 411443 step 85 time 16758 ms
best 408268 step 93 time 18254 ms
best 406103 step 101 time 19601 ms
best 404031 step 208 time 39628 ms
best 403780 step 209 time 39792 ms
best 403776 step 210 time 39921 ms
best 403104 step 2090 time 383582 ms
best 402082 step 2480 time 452834 ms
done 0 73 55 1 39 51 42 28 78 90 54 89 60 10 8 64 27 47 30 53 36 34 41 2 81 48 49 69 37 63 32 31 57 68 12 52 14 11 70 71 13 5 29 83 88 9 40 80 25 26 86 23 77 59 4 82 24 35 58 19 61 56 65 7 66 87 74 46 3 21 67 43 17 22 16 45 76 18 79 62 33 84 72 15 20 85 44 38 6 50 75
best 402082
time 950259 ms
seed 15
