jobs 90
mach 20
init 0 52 85 57 12 31 33 22 2 10 43 67 42 81 24 27 54 14 46 11 48 71 87 5 75 17 45 32 68 34 28 37 23 88 79 21 78 25 4 82 39 18 40 70 59 26 63 29 6 69 13 61 19 1 50 15 90 86 80 77 72 55 41 49 20 58 56 73 47 53 83 35 89 8 36 65 76 74 16 38 7 66 44 64 3 60 84 9 62 30 51
best 394931
best 389632 step 1 time 691 ms
best 388378 step 10 time 2356 ms
best 386494 step 13 time 3080 ms
best 386423 step 14 time 3263 ms
best 384513 step 30 time 6826 ms
best 383988 step 32 time 7400 ms
best 383754 step 33 time 7536 ms
best 382543 step 34 time 7855 ms
best 381647 step 47 time 10869 ms
best 380985 step 49 time 11173 ms
best 379653 step 50 time 11473 ms
best 377089 step 74 time 15811 ms
best 375831 step 77 time 16330 ms
best 375735 step 79 time 16457 ms
best 371900 step 80 time 16648 ms
best 371893 step 81 time 16740 ms
best 371889 step 90 time 18424 ms
best 368313 step 134 time 27708 ms
best 367185 step 3812 time 798965 ms
done 0 52 85 57 33 22 2 12 24 20 67 81 31 27 54 42 25 14 71 5 46 37 48 32 34 88 45 10 79 68 43 21 19 69 75 23 26 18 40 11 87 82 39 90 78 86 1 59 17 70 61 4 63 29 28 6 50 15 65 55 49 76 58 80 56 53 73 72 13 77 41 47 35 89 8 83 16 3 36 44 64 7 66 74 38 51 9 84 60 62 30
best 367185
time 950368 ms
seed 15
