jobs 90
mach 20
init 0 66 87 78 55 72 6 34 11 83 82 8 60 61 12 20 51 15 39 46 52 71 57 56 86 31 2 35 13 10 67 50 21 44 32 77 58 42 90 33 48 26 28 53 4 29 65 75 69 17 88 30 89 54 27 14 3 37 22 80 16 84 63 49 23 36 79 25 85 73 81 41 68 76 7 62 59 18 43 47 38 24 5 74 9 19 64 45 70 1 40
best 322306
best 316936 step 3 time 1055 ms
best 315786 step 15 time 3297 ms
best 315061 step 116 time 19306 ms
best 315046 step 117 time 19466 ms
best 314652 step 132 time 21972 ms
best 313710 step 475 time 78740 ms
best 313413 step 602 time 100065 ms
best 309670 step 605 time 100629 ms
best 309268 step 847 time 141588 ms
best 307995 step 1791 time 294633 ms
done 0 12 60 78 55 75 72 15 6 71 83 34 11 66 56 88 61 87 82 46 2 57 51 35 67 21 20 52 10 50 13 39 31 42 90 32 33 26 80 58 53 48 4 44 65 69 77 54 84 17 29 3 37 27 89 28 14 63 16 22 86 30 8 79 85 49 36 25 73 23 76 62 5 41 7 81 68 19 24 1 74 45 47 18 43 64 40 70 59 38 9
best 307995
time 950048 ms
seed 15
