jobs 90
mach 20
init 0 23 66 78 1 55 81 9 11 12 7 26 16 44 65 53 75 37 48 57 17 82 27 42 10 60 80 6 36 76 43 84 50 49 85 35 45 33 83 2 64 56 3 18 39 58 77 63 8 47 31 67 70 59 90 51 52 25 4 71 61 62 73 24 14 46 15 38 32 19 13 28 87 88 68 5 34 74 21 30 86 89 69 79 29 20 41 22 54 72 40
best 358861
best 351777 step 2 time 771 ms
best 349036 step 3 time 973 ms
best 348717 step 4 time 1087 ms
best 346432 step 13 time 2324 ms
best 344045 step 16 time 2844 ms
best 341811 step 17 time 3094 ms
best 339829 step 19 time 3283 ms
best 339218 step 23 time 3801 ms
best 335726 step 29 time 4728 ms
best 334305 step 30 time 4798 ms
best 333109 step 35 time 5699 ms
best 331790 step 36 time 5864 ms
best 331311 step 37 time 5976 ms
best 328776 step 43 time 7017 ms
best 328250 step 432 time 71936 ms
best 327080 step 438 time 72809 ms
best 325699 step 548 time 91468 ms
done 0 23 66 12 85 78 1 56 44 81 80 55 16 9 7 17 26 65 46 53 64 57 58 82 27 11 42 63 37 60 36 43 76 84 10 49 83 2 35 45 33 18 3 39 32 47 50 77 70 71 52 31 75 8 67 73 59 90 6 19 14 48 61 62 74 28 4 51 24 25 68 87 21 88 13 5 38 34 86 89 69 30 20 15 29 41 22 54 72 79 40
best 325699
time 950006 ms
seed 15
