jobs 100
mach 20
init 0 56 62 55 46 39 3 66 74 94 16 81 83 14 24 15 10 11 38 91 29 64 96 23 75 80 84 71 26 57 27 21 33 68 25 98 52 19 100 97 41 92 70 6 49 95 30 93 9 54 63 34 76 36 18 12 69 13 82 77 50 4 59 73 42 1 43 67 48 51 88 79 78 17 35 32 61 37 8 31 2 87 72 7 5 58 86 60 53 20 45 90 28 40 44 65 85 89 99 22 47
best 592836
best 588096 step 1 time 1069 ms
best 583631 step 14 time 5207 ms
best 582008 step 45 time 16100 ms
best 581840 step 70 time 25909 ms
best 576206 step 105 time 36780 ms
best 576158 step 106 time 36887 ms
best 575795 step 107 time 37176 ms
best 572726 step 211 time 71977 ms
best 567649 step 803 time 266079 ms
best 565757 step 804 time 266379 ms
done 0 56 62 55 3 16 94 24 74 66 57 14 10 80 81 83 46 75 23 29 71 64 68 11 15 91 26 96 84 21 33 98 54 63 97 19 100 25 41 92 38 52 27 59 49 30 6 12 18 95 9 34 43 76 13 70 36 77 93 67 1 88 82 17 4 73 51 2 78 69 35 32 39 61 58 37 42 5 79 7 86 72 50 8 53 31 45 60 48 44 20 87 90 65 85 28 89 99 40 22 47
best 565757
time 950097 ms
seed 6
