jobs 100
mach 20
init 0 31 25 48 89 97 82 100 9 45 38 19 21 75 32 4 73 24 65 96 51 64 35 23 63 92 49 29 6 77 1 68 39 86 83 50 70 87 52 17 94 66 59 91 44 95 71 37 36 99 85 79 22 42 60 41 11 98 47 7 16 67 3 34 13 62 88 93 72 14 18 30 8 2 53 90 84 76 61 80 15 27 55 40 78 56 26 43 5 54 46 10 20 12 58 28 33 81 69 74 57
best 498760
best 493777 step 1 time 798 ms
best 490979 step 6 time 1996 ms
best 490601 step 9 time 3114 ms
best 489780 step 11 time 3473 ms
best 489403 step 22 time 6440 ms
best 488723 step 24 time 6956 ms
best 484329 step 25 time 7190 ms
best 479046 step 45 time 12525 ms
best 476529 step 61 time 16793 ms
best 475862 step 62 time 16979 ms
best 475330 step 63 time 17172 ms
best 472238 step 110 time 29989 ms
best 463611 step 133 time 36219 ms
best 462007 step 136 time 36971 ms
done 0 48 31 75 23 92 4 61 38 25 97 99 45 1 21 19 63 64 24 65 51 9 96 100 35 16 49 89 22 39 29 83 6 86 77 32 95 70 68 87 79 52 60 94 66 82 37 17 73 36 59 71 85 44 91 42 50 14 41 12 11 67 93 7 2 98 47 62 34 3 13 72 84 53 88 78 18 76 27 40 15 54 55 90 80 26 30 56 46 8 5 69 33 43 20 10 58 28 81 74 57
best 462007
time 950076 ms
seed 6
