jobs 100
mach 20
init 0 67 75 71 11 86 20 16 94 54 53 83 4 39 92 56 10 76 100 33 96 21 17 23 60 58 82 59 64 32 36 2 47 25 95 43 81 69 52 44 84 49 55 41 46 98 65 37 6 91 38 13 15 62 99 30 70 89 63 78 12 1 26 97 57 18 85 29 40 73 14 51 34 50 19 31 8 27 42 74 90 35 45 7 3 80 87 68 28 22 9 24 66 93 72 48 79 5 61 88 77
best 493179
best 488787 step 1 time 606 ms
best 484714 step 2 time 1022 ms
best 481684 step 3 time 1245 ms
best 480686 step 4 time 1584 ms
best 476865 step 15 time 5002 ms
best 476063 step 16 time 5172 ms
best 474940 step 20 time 6186 ms
best 474665 step 21 time 6406 ms
best 471911 step 22 time 6670 ms
best 470236 step 23 time 7003 ms
best 469263 step 29 time 8425 ms
best 467416 step 30 time 8627 ms
best 467123 step 31 time 8948 ms
best 464961 step 32 time 9169 ms
best 462272 step 34 time 9771 ms
best 455892 step 59 time 16440 ms
best 455547 step 60 time 16589 ms
best 454373 step 64 time 17721 ms
best 453738 step 858 time 221701 ms
best 452608 step 1047 time 270630 ms
best 452539 step 1048 time 270773 ms
done 0 67 75 71 11 16 4 60 92 53 2 83 94 54 86 65 56 76 17 10 91 20 82 33 58 32 100 59 64 39 21 23 89 47 25 95 46 43 44 69 41 49 84 52 96 81 73 55 97 37 6 13 1 30 36 38 57 78 15 12 70 98 99 42 34 74 3 45 29 40 19 8 90 35 62 18 26 51 7 66 85 14 63 50 27 31 24 80 68 28 22 87 48 61 88 79 72 9 77 5 93
best 452539
time 950360 ms
seed 6
