jobs 100
mach 20
init 0 97 61 37 27 1 17 33 95 45 34 68 25 54 80 24 73 40 2 94 3 32 63 44 8 79 42 5 41 92 71 70 76 39 47 38 55 81 64 87 19 50 78 6 53 65 14 77 67 62 82 43 83 16 48 75 69 49 10 52 15 60 72 86 35 56 98 90 100 11 21 58 31 46 28 30 4 84 88 26 51 29 74 93 23 20 18 7 22 96 99 85 89 12 13 36 57 91 66 9 59
best 544150
best 544030 step 1 time 1121 ms
best 540828 step 2 time 1518 ms
best 540146 step 5 time 2104 ms
best 538333 step 6 time 2272 ms
best 533619 step 7 time 2846 ms
best 528311 step 26 time 7678 ms
best 526602 step 31 time 8892 ms
best 526239 step 32 time 9126 ms
best 524801 step 34 time 9581 ms
best 524291 step 35 time 9733 ms
best 521481 step 40 time 10895 ms
best 519235 step 78 time 20055 ms
best 519221 step 1266 time 320427 ms
best 519132 step 1267 time 320485 ms
best 517916 step 2609 time 654353 ms
best 517000 step 3729 time 929461 ms
best 515758 step 3736 time 931422 ms
done 0 16 33 30 27 17 61 25 37 92 95 54 78 71 68 24 2 80 40 45 94 62 63 44 8 79 42 41 55 73 1 97 82 5 70 47 38 81 64 53 39 3 32 67 50 65 77 34 87 19 10 43 6 69 60 48 83 14 75 98 35 76 100 21 11 31 46 15 49 52 23 86 90 28 84 72 88 4 58 7 93 56 74 85 20 18 89 29 36 26 51 13 22 96 99 57 12 66 91 59 9
best 515758
time 950188 ms
seed 6
