jobs 100
mach 20
init 0 23 62 37 29 44 70 34 21 75 98 17 52 45 71 32 16 25 19 42 66 68 12 88 61 27 87 80 95 1 79 81 55 47 69 82 11 84 50 18 40 85 77 5 94 58 49 51 59 60 2 64 90 73 97 89 9 83 26 86 33 39 22 53 56 10 65 91 100 24 78 36 20 76 63 67 6 35 99 46 41 15 30 92 31 13 54 7 14 96 3 28 8 93 74 72 43 57 4 38 48
best 569224
best 564992 step 3 time 1601 ms
best 561729 step 4 time 1934 ms
best 559260 step 12 time 4287 ms
best 558666 step 13 time 4484 ms
best 556505 step 14 time 4985 ms
best 554150 step 21 time 6923 ms
best 550627 step 30 time 9730 ms
best 548871 step 38 time 11643 ms
best 544963 step 42 time 12863 ms
best 544505 step 43 time 13033 ms
best 544232 step 45 time 13493 ms
best 543553 step 50 time 14515 ms
best 543085 step 109 time 30506 ms
best 542506 step 176 time 49184 ms
best 537493 step 186 time 52516 ms
best 533115 step 303 time 83297 ms
done 0 23 62 1 52 45 17 75 37 55 21 80 34 71 32 16 27 60 25 61 29 98 44 12 88 77 66 42 10 87 68 79 19 81 50 11 84 95 40 18 39 69 82 85 70 51 89 97 64 9 59 22 86 83 58 49 5 65 53 90 76 94 56 33 26 47 78 2 67 91 73 24 36 20 15 99 6 63 8 35 92 41 54 100 30 31 13 14 7 96 3 46 74 4 93 57 72 48 43 38 28
best 533115
time 950066 ms
seed 6
