jobs 100
mach 20
init 0 52 35 22 99 21 25 26 29 36 15 2 61 95 30 90 69 38 83 96 50 11 80 85 13 31 37 1 89 8 66 14 55 53 86 24 40 47 23 92 3 32 91 16 75 58 94 17 68 87 72 56 59 41 51 19 63 28 81 45 54 27 44 10 98 67 48 33 18 65 79 7 97 46 34 100 77 43 57 4 74 70 78 5 73 93 20 60 62 42 49 82 39 88 6 9 84 64 76 71 12
best 480931
best 473423 step 1 time 629 ms
best 449906 step 2 time 943 ms
best 447860 step 4 time 1659 ms
best 447599 step 5 time 2015 ms
best 445703 step 17 time 5247 ms
best 445097 step 25 time 7239 ms
best 443528 step 34 time 9575 ms
best 443184 step 42 time 11600 ms
best 442968 step 48 time 12842 ms
best 442310 step 74 time 19252 ms
best 440526 step 180 time 46567 ms
best 435645 step 193 time 50139 ms
best 434410 step 526 time 139201 ms
best 434283 step 528 time 139540 ms
best 434152 step 530 time 140136 ms
best 433891 step 531 time 140437 ms
best 432758 step 533 time 141158 ms
best 432747 step 2904 time 761821 ms
best 432458 step 2905 time 762005 ms
done 0 98 22 99 21 25 26 29 61 36 38 30 55 95 17 35 15 69 13 89 2 83 16 96 85 1 8 40 11 80 14 86 32 50 44 53 59 24 37 75 47 91 31 27 92 19 72 10 94 3 81 63 65 66 90 68 87 54 56 41 28 51 23 18 97 45 77 100 33 79 34 7 74 70 43 57 48 46 49 93 4 67 78 58 73 20 5 6 60 62 88 42 39 76 71 9 84 64 52 82 12
best 432458
time 950128 ms
seed 6
