jobs 100
mach 20
init 0 26 14 12 27 63 86 72 29 82 52 33 61 64 11 69 49 97 54 80 42 7 18 89 57 17 56 25 6 85 9 90 13 77 92 71 84 78 43 8 79 100 59 40 19 88 81 28 24 99 68 53 45 44 95 39 1 55 47 73 30 51 93 96 65 50 37 5 20 3 58 62 46 87 83 32 67 38 98 66 4 23 60 76 15 70 41 16 94 10 75 31 74 35 2 48 34 36 91 22 21
best 565845
best 555790 step 1 time 968 ms
best 549752 step 2 time 1262 ms
best 545101 step 4 time 1824 ms
best 542196 step 8 time 2956 ms
best 541438 step 10 time 3605 ms
best 537172 step 30 time 8605 ms
best 536015 step 48 time 13369 ms
best 535246 step 59 time 16114 ms
best 527909 step 107 time 28506 ms
best 525785 step 162 time 42271 ms
best 524512 step 286 time 73604 ms
best 524472 step 292 time 74939 ms
best 524234 step 644 time 162406 ms
best 521717 step 746 time 187584 ms
best 521573 step 1220 time 308559 ms
best 521520 step 2040 time 517292 ms
best 518998 step 2826 time 715823 ms
done 0 64 26 52 14 29 18 72 12 11 69 80 82 24 33 61 63 97 42 54 43 53 79 7 93 99 25 13 56 89 39 49 57 27 86 17 78 59 8 92 5 9 90 40 68 100 50 77 28 88 73 84 95 1 45 44 55 37 85 81 3 30 71 46 58 19 60 6 65 87 4 23 67 96 38 20 15 83 51 47 66 98 94 62 32 76 16 70 41 10 75 74 31 48 34 36 21 35 91 2 22
best 518998
time 950151 ms
seed 6
