jobs 100
mach 20
init 0 72 92 63 22 91 26 27 97 67 80 37 12 68 99 41 34 88 50 16 87 23 47 86 98 24 61 25 70 89 6 33 17 30 51 54 71 96 100 1 39 13 93 55 75 94 32 20 69 36 18 45 83 10 84 2 82 15 79 43 42 46 95 35 21 3 29 73 52 31 76 49 62 4 85 57 7 53 11 5 90 9 59 60 56 78 74 40 28 48 64 19 81 66 65 38 8 58 77 44 14
best 379532
best 369110 step 1 time 865 ms
best 366953 step 9 time 3011 ms
best 366696 step 10 time 3172 ms
best 365248 step 14 time 4294 ms
best 362901 step 15 time 4506 ms
best 362877 step 62 time 17182 ms
best 358836 step 63 time 17424 ms
best 358643 step 64 time 17697 ms
best 358217 step 543 time 142743 ms
best 357618 step 544 time 143137 ms
best 357351 step 563 time 148669 ms
best 356776 step 570 time 150210 ms
best 355348 step 571 time 150605 ms
best 351270 step 666 time 176167 ms
done 0 72 22 26 92 63 80 97 27 67 87 50 37 16 91 41 12 68 99 88 34 93 70 23 47 86 98 61 25 39 13 33 30 89 100 96 1 55 94 6 17 51 95 36 43 32 84 54 20 69 18 71 3 45 24 75 83 82 52 10 2 73 21 15 79 4 85 42 35 49 62 46 90 76 7 78 60 5 31 53 40 29 9 74 11 57 81 56 48 64 19 66 77 65 44 14 28 59 38 8 58
best 351270
time 950140 ms
seed 6
