jobs 100
mach 20
init 0 61 13 41 17 77 79 51 58 70 24 92 38 80 37 69 67 23 54 16 87 82 88 91 35 12 94 52 34 74 63 78 42 89 86 9 65 64 20 22 66 4 33 1 84 28 6 60 72 19 14 7 73 47 50 96 56 68 43 76 55 3 93 27 39 83 31 49 81 45 53 100 95 59 62 29 98 97 48 15 44 75 32 99 36 71 11 46 40 26 85 21 25 30 2 90 8 10 18 57 5
best 499377
best 493350 step 2 time 1410 ms
best 491208 step 17 time 4836 ms
best 490147 step 18 time 5270 ms
best 488711 step 56 time 14766 ms
best 483452 step 61 time 16225 ms
best 483318 step 126 time 32747 ms
best 480628 step 154 time 38600 ms
best 479376 step 1390 time 358194 ms
best 478458 step 1401 time 360837 ms
done 0 61 13 41 17 77 79 51 58 70 80 37 67 24 92 38 74 23 82 91 35 12 87 54 63 16 69 22 42 34 9 72 14 65 1 7 83 73 64 86 4 19 52 66 56 20 33 60 84 89 94 78 28 6 50 96 100 93 95 68 53 43 27 76 48 88 59 31 97 62 39 45 98 55 49 36 75 81 29 15 30 47 11 3 25 99 44 46 21 32 71 40 85 2 90 26 57 8 5 18 10
best 478458
time 950136 ms
seed 6
