jobs 50
mach 20
init 0 23 47 31 17 1 24 27 29 34 8 2 26 43 30 41 37 11 39 20 32 44 45 4 42 25 14 33 5 12 22 13 6 15 48 19 50 10 16 18 35 36 9 38 28 46 49 21 40 3 7
best 67387
best 66297 step 26 time 517 ms
best 65702 step 51 time 980 ms
best 65203 step 53 time 1025 ms
best 64407 step 63 time 1180 ms
best 64232 step 64 time 1187 ms
best 63788 step 577 time 10533 ms
best 63590 step 2603 time 46411 ms
best 63549 step 2604 time 46434 ms
best 63522 step 10669 time 187271 ms
done 0 6 47 17 31 1 24 27 29 34 8 30 43 20 2 45 39 41 42 37 11 4 32 44 26 23 33 5 12 22 13 36 14 15 16 19 25 50 48 10 18 9 35 49 38 21 28 46 40 7 3
best 63522
time 950007 ms
seed 6
