jobs 50
mach 20
init 0 12 36 6 10 25 46 28 3 15 42 17 24 39 4 31 44 33 21 26 14 40 20 19 32 23 2 50 45 13 8 9 37 34 1 47 5 30 29 11 48 35 7 38 49 18 43 22 27 16 41
best 43017
best 42702 step 5 time 138 ms
best 39500 step 6 time 181 ms
best 39127 step 8 time 221 ms
best 38940 step 12 time 274 ms
best 38000 step 46 time 974 ms
best 37318 step 80 time 1618 ms
best 37120 step 258 time 5022 ms
best 37047 step 259 time 5038 ms
best 36639 step 273 time 5264 ms
best 36576 step 2038 time 36184 ms
best 36458 step 11907 time 213882 ms
best 36395 step 24192 time 435522 ms
best 36336 step 45428 time 819374 ms
done 0 12 36 3 10 25 22 46 6 42 39 24 17 14 31 4 44 21 33 26 28 32 20 15 40 23 45 2 50 35 19 8 9 34 47 1 5 13 30 48 27 38 7 49 18 37 11 43 29 16 41
best 36336
time 950016 ms
seed 6
