jobs 50
mach 20
init 0 33 18 10 50 8 45 17 11 1 29 9 3 20 48 6 41 39 35 43 31 13 2 4 12 46 34 22 19 47 37 32 24 14 26 36 38 44 25 21 7 28 30 5 15 42 27 23 49 40 16
best 15649
best 14841 step 2 time 106 ms
best 14173 step 3 time 128 ms
best 13525 step 5 time 177 ms
best 13325 step 83 time 1720 ms
best 12846 step 84 time 1752 ms
best 12832 step 85 time 1773 ms
best 12069 step 416 time 7783 ms
done 0 33 18 10 45 8 29 11 50 1 37 9 20 3 48 17 6 31 41 39 35 43 44 2 4 13 46 34 22 19 14 47 32 36 12 5 26 24 38 25 21 7 30 15 42 16 23 49 40 27 28
best 12069
time 950007 ms
seed 6
