jobs 50
mach 20
init 0 15 43 47 36 35 7 32 22 2 30 19 49 14 4 11 28 48 6 39 31 1 17 21 13 5 8 27 29 42 44 3 20 9 46 38 45 34 50 37 40 23 10 26 33 18 12 25 41 24 16
best 35435
best 35228 step 2 time 105 ms
best 35124 step 8 time 212 ms
best 34852 step 9 time 226 ms
best 34381 step 10 time 242 ms
best 33483 step 70 time 1161 ms
best 33072 step 94 time 1574 ms
best 32839 step 96 time 1591 ms
best 32163 step 135 time 2132 ms
best 31904 step 468 time 7426 ms
best 31662 step 3582 time 57436 ms
best 31636 step 6327 time 101490 ms
best 31606 step 7558 time 121442 ms
done 0 32 36 15 35 2 22 7 39 47 30 43 31 19 14 11 4 1 21 17 6 49 28 13 8 5 27 46 3 29 42 44 48 20 9 38 25 45 34 50 37 40 23 10 26 33 18 12 41 24 16
best 31606
time 950015 ms
seed 6
