jobs 60
mach 20
init 0 3 43 48 46 49 54 11 1 24 36 35 7 37 16 38 20 5 8 57 55 13 29 18 28 50 31 26 45 12 53 25 32 58 41 15 9 27 44 40 30 14 4 42 17 33 10 2 59 47 22 51 23 52 56 6 21 60 39 34 19
best 70544
best 70386 step 1 time 131 ms
best 68560 step 2 time 223 ms
best 67165 step 7 time 473 ms
best 67131 step 8 time 492 ms
best 66876 step 9 time 566 ms
best 66745 step 12 time 630 ms
best 66525 step 13 time 735 ms
best 65628 step 15 time 806 ms
best 65471 step 273 time 11868 ms
best 65300 step 276 time 11973 ms
best 64439 step 918 time 39276 ms
best 64386 step 923 time 39442 ms
best 64221 step 11285 time 493206 ms
best 64191 step 15393 time 673273 ms
done 0 3 43 48 46 49 54 11 1 24 36 35 37 20 38 7 8 57 16 55 31 18 5 28 15 29 13 41 26 50 53 12 25 32 45 58 9 4 27 44 14 30 33 42 40 17 6 2 59 47 22 19 10 23 56 39 21 60 52 34 51
best 64191
time 950074 ms
seed 6
