jobs 70
mach 20
init 0 24 27 64 38 18 26 56 10 34 31 45 15 42 41 17 6 20 65 54 13 14 50 59 52 53 25 12 30 16 57 11 55 69 63 23 43 9 58 49 47 7 66 36 29 33 44 68 22 8 4 19 62 1 5 70 28 21 60 39 51 67 2 32 35 48 61 37 40 3 46
best 158723
best 152454 step 1 time 296 ms
best 150783 step 2 time 370 ms
best 150383 step 3 time 405 ms
best 149970 step 4 time 475 ms
best 148844 step 7 time 725 ms
best 148091 step 10 time 923 ms
best 145362 step 25 time 2190 ms
best 143760 step 57 time 4233 ms
best 143742 step 58 time 4302 ms
best 143701 step 59 time 4373 ms
best 140404 step 73 time 5170 ms
best 140341 step 2496 time 172761 ms
best 140195 step 2502 time 173160 ms
best 140095 step 2511 time 173659 ms
best 140073 step 2515 time 173887 ms
best 140014 step 2525 time 174518 ms
best 139902 step 11062 time 765986 ms
best 139612 step 11064 time 766160 ms
done 0 24 27 64 38 15 18 10 20 6 41 56 26 17 42 13 31 34 54 65 45 62 50 59 52 14 25 53 57 12 69 30 11 63 8 16 55 58 9 36 44 47 66 29 7 33 22 19 43 49 68 23 2 4 21 39 28 67 1 5 32 70 60 35 61 51 3 48 37 40 46
best 139612
time 950052 ms
seed 6
