jobs 70
mach 20
init 0 6 13 34 45 55 53 15 26 56 49 5 37 23 33 17 60 57 67 11 10 7 44 52 69 54 24 59 22 32 16 42 47 12 68 9 43 8 35 30 4 41 70 40 28 25 50 61 14 65 21 63 19 46 58 38 27 31 64 51 18 20 39 62 1 36 3 2 66 48 29
best 149898
best 147168 step 1 time 297 ms
best 143912 step 26 time 1786 ms
best 143553 step 244 time 15949 ms
best 143480 step 245 time 16005 ms
best 142751 step 270 time 17604 ms
best 141588 step 271 time 17671 ms
best 141544 step 273 time 17860 ms
best 141414 step 1245 time 81996 ms
best 141318 step 1735 time 113248 ms
best 140337 step 1811 time 118515 ms
best 139488 step 1812 time 118581 ms
best 139455 step 10865 time 702460 ms
best 139418 step 12307 time 794620 ms
best 139357 step 13467 time 869240 ms
best 139190 step 13469 time 869319 ms
done 0 23 56 45 34 13 55 53 15 57 26 5 69 37 42 60 49 17 33 11 7 44 67 52 22 68 54 10 16 32 59 24 12 61 6 30 9 8 47 43 35 28 70 40 4 63 25 14 50 21 65 58 46 19 41 38 20 64 39 51 18 27 31 1 36 66 62 48 29 3 2
best 139190
time 950050 ms
seed 6
