jobs 70
mach 20
init 0 58 25 28 59 43 9 41 21 15 53 14 49 22 3 47 10 6 68 52 32 62 37 61 46 55 13 4 16 36 57 11 29 51 35 20 12 48 1 67 54 65 31 30 38 70 27 26 24 18 42 40 39 66 2 63 56 19 44 23 69 60 45 7 34 64 17 33 50 5 8
best 148092
best 142782 step 1 time 175 ms
best 139585 step 2 time 248 ms
best 137233 step 3 time 352 ms
best 137223 step 4 time 404 ms
best 134418 step 6 time 582 ms
best 132150 step 7 time 665 ms
best 131686 step 18 time 1415 ms
best 131055 step 59 time 4079 ms
best 130715 step 67 time 4661 ms
best 130153 step 73 time 5074 ms
best 129041 step 90 time 6232 ms
best 128540 step 98 time 6664 ms
best 128393 step 102 time 6959 ms
best 128237 step 103 time 7011 ms
best 128212 step 105 time 7101 ms
best 127432 step 106 time 7232 ms
best 126160 step 288 time 19790 ms
best 125692 step 5269 time 351173 ms
best 124959 step 8719 time 576896 ms
best 124917 step 10284 time 681517 ms
done 0 53 25 59 41 28 15 43 51 21 3 10 9 61 58 13 49 14 22 47 32 6 68 52 62 16 37 46 48 4 20 63 36 57 35 31 11 29 55 12 38 65 1 30 54 42 67 70 27 40 39 66 26 24 18 56 19 60 2 45 69 34 64 33 44 23 7 50 17 8 5
best 124917
time 950025 ms
seed 6
