jobs 70
mach 20
init 0 38 11 61 64 25 29 63 69 13 55 14 12 15 59 22 58 6 3 7 20 40 41 44 23 66 65 34 60 46 24 68 54 67 10 17 51 36 8 47 9 33 4 53 42 18 31 27 57 32 52 26 16 1 5 37 70 56 48 50 21 39 35 45 30 62 28 2 19 49 43
best 221641
best 216310 step 1 time 223 ms
best 215938 step 8 time 699 ms
best 211749 step 9 time 796 ms
best 210389 step 13 time 1087 ms
best 209064 step 15 time 1272 ms
best 208562 step 16 time 1351 ms
best 207764 step 19 time 1629 ms
best 207289 step 25 time 2213 ms
best 205898 step 27 time 2341 ms
best 205165 step 29 time 2475 ms
best 204360 step 48 time 3720 ms
best 203864 step 51 time 3920 ms
best 202214 step 67 time 4981 ms
best 200080 step 68 time 5054 ms
best 199536 step 104 time 7488 ms
best 197177 step 493 time 32824 ms
best 196410 step 1225 time 81604 ms
best 196212 step 1227 time 81740 ms
best 194620 step 4225 time 282321 ms
done 0 38 11 69 61 29 14 12 17 68 64 25 63 44 13 60 66 59 22 46 15 20 58 40 54 24 7 67 23 70 55 34 9 10 3 41 33 51 36 47 18 6 4 65 1 27 42 21 5 8 57 53 32 31 50 52 48 56 37 16 26 35 45 39 30 62 2 28 49 19 43
best 194620
time 950033 ms
seed 6
