jobs 80
mach 20
init 0 20 68 65 54 26 9 25 76 71 27 22 66 35 24 70 72 14 46 43 60 39 31 2 41 15 10 61 64 50 17 5 52 42 47 18 56 38 51 33 59 34 53 49 40 48 57 69 11 80 45 13 62 12 28 74 1 44 4 23 37 30 75 32 78 3 16 63 36 55 6 67 73 77 21 19 58 8 29 79 7
best 254364
best 250776 step 1 time 682 ms
best 245829 step 2 time 850 ms
best 242604 step 4 time 1083 ms
best 239615 step 5 time 1269 ms
best 238589 step 6 time 1396 ms
best 235744 step 16 time 2726 ms
best 233632 step 22 time 3297 ms
best 232366 step 28 time 3969 ms
best 232194 step 29 time 4060 ms
best 231744 step 30 time 4148 ms
best 231464 step 32 time 4443 ms
best 230596 step 79 time 9700 ms
best 230329 step 98 time 12056 ms
best 228666 step 101 time 12344 ms
best 228594 step 103 time 12548 ms
best 227767 step 104 time 12747 ms
best 226931 step 2822 time 327507 ms
best 226916 step 4335 time 503250 ms
best 226479 step 5652 time 655832 ms
best 226458 step 5653 time 655935 ms
done 0 68 20 71 26 46 9 65 25 24 70 27 22 14 76 43 39 72 10 66 54 35 42 2 41 53 60 61 64 34 56 47 50 38 51 18 31 5 17 59 11 33 49 15 16 52 40 57 13 69 4 80 45 23 62 48 44 12 28 74 1 30 75 3 78 36 32 55 67 37 6 77 19 8 21 63 58 29 73 79 7
best 226458
time 950058 ms
seed 6
