jobs 80
mach 20
init 0 55 70 1 2 45 68 37 26 71 43 34 54 6 13 7 74 67 72 65 47 29 33 50 22 48 23 27 17 78 36 32 39 49 25 8 51 40 53 35 61 16 46 66 52 15 21 56 18 75 38 60 9 4 42 57 73 3 5 14 58 64 63 41 30 79 20 19 59 31 80 76 11 10 77 28 62 24 69 44 12
best 185943
best 185760 step 1 time 491 ms
best 183304 step 12 time 2077 ms
best 180112 step 13 time 2201 ms
best 180080 step 14 time 2306 ms
best 178671 step 22 time 3662 ms
best 177159 step 27 time 4655 ms
best 176535 step 84 time 12769 ms
best 176482 step 342 time 50806 ms
best 174540 step 434 time 64213 ms
best 173867 step 469 time 69160 ms
best 173653 step 571 time 84707 ms
best 173077 step 944 time 140191 ms
best 172880 step 945 time 140326 ms
done 0 55 2 1 45 70 9 71 13 43 68 50 34 54 6 8 67 7 72 74 47 22 37 78 26 32 18 23 48 4 27 53 17 51 33 29 40 35 39 25 65 46 49 61 66 52 15 75 38 57 3 16 60 42 21 80 36 56 58 73 64 63 14 79 41 5 20 76 28 59 31 19 62 11 44 69 12 77 10 30 24
best 172880
time 950084 ms
seed 6
