jobs 80
mach 20
init 0 19 25 58 18 41 47 71 29 66 57 14 53 17 42 62 2 38 4 21 28 15 65 11 52 23 22 73 79 76 63 3 1 55 70 6 13 75 30 37 72 74 59 35 20 39 12 78 50 54 26 61 60 7 67 77 24 34 10 33 40 49 8 36 64 31 27 43 46 44 5 32 80 9 69 45 48 68 56 16 51
best 273256
best 270671 step 1 time 466 ms
best 270641 step 2 time 542 ms
best 266152 step 3 time 653 ms
best 265891 step 7 time 1186 ms
best 265853 step 8 time 1266 ms
best 259797 step 10 time 1735 ms
best 258741 step 12 time 1933 ms
best 253666 step 13 time 2042 ms
best 253085 step 18 time 2773 ms
best 251296 step 19 time 2895 ms
best 251197 step 27 time 3731 ms
best 248770 step 75 time 9463 ms
best 247849 step 81 time 10150 ms
best 247717 step 219 time 26187 ms
best 247650 step 220 time 26277 ms
best 246623 step 221 time 26398 ms
best 246367 step 226 time 27065 ms
best 246018 step 228 time 27471 ms
best 245731 step 229 time 27666 ms
best 245709 step 409 time 47680 ms
best 245473 step 426 time 49458 ms
best 244400 step 427 time 49570 ms
best 243383 step 668 time 77363 ms
done 0 66 25 53 47 17 29 2 18 57 71 19 62 58 42 21 14 4 38 41 11 65 1 22 76 63 20 15 50 73 79 55 70 37 59 74 72 6 13 75 52 28 61 39 30 35 7 78 54 23 12 33 24 60 26 77 3 40 67 44 34 10 36 64 31 9 49 8 43 46 5 69 80 27 32 48 45 68 16 56 51
best 243383
time 950026 ms
seed 6
