jobs 80
mach 20
init 0 47 5 26 21 25 79 72 53 1 15 59 45 30 18 48 43 77 44 31 67 3 2 76 28 29 78 55 73 40 80 12 9 57 71 4 69 74 32 50 11 22 16 19 39 75 65 63 51 17 62 70 41 42 27 66 36 14 60 24 64 68 52 33 46 56 7 13 35 20 38 10 8 58 37 34 6 49 23 54 61
best 222428
best 220493 step 3 time 462 ms
best 219515 step 9 time 1189 ms
best 215550 step 14 time 1627 ms
best 215337 step 134 time 13551 ms
best 215312 step 135 time 13615 ms
best 215040 step 1269 time 128420 ms
best 214935 step 1298 time 131053 ms
best 214734 step 1299 time 131146 ms
best 213857 step 1305 time 131652 ms
done 0 47 5 26 21 25 3 72 53 48 1 15 59 69 18 2 45 55 43 77 44 31 80 67 29 12 76 32 4 30 40 22 73 39 16 9 57 27 63 11 74 19 50 79 28 62 75 14 65 71 17 78 51 36 24 70 66 64 49 68 60 33 42 56 41 13 46 52 35 20 10 7 8 58 34 37 6 23 38 54 61
best 213857
time 950012 ms
seed 6
