jobs 80
mach 20
init 0 48 17 47 21 3 57 15 72 38 50 64 59 56 7 32 31 34 67 71 62 66 60 43 49 4 29 54 11 74 23 73 18 75 41 13 14 42 44 36 19 52 69 8 30 2 76 22 45 55 46 53 35 78 77 40 63 39 58 28 33 27 68 20 61 6 25 10 80 16 51 79 9 26 65 12 5 24 1 70 37
best 317257
best 303677 step 1 time 453 ms
best 303433 step 2 time 577 ms
best 303004 step 3 time 689 ms
best 302413 step 6 time 975 ms
best 299398 step 18 time 1986 ms
best 299364 step 20 time 2150 ms
best 296436 step 28 time 2973 ms
best 296123 step 32 time 3473 ms
best 290846 step 43 time 4472 ms
best 290528 step 45 time 4707 ms
best 287381 step 81 time 8739 ms
best 283820 step 82 time 8820 ms
best 283589 step 450 time 49917 ms
best 283478 step 4241 time 464621 ms
best 283133 step 4242 time 464865 ms
best 283007 step 7483 time 823480 ms
best 282399 step 7484 time 823665 ms
done 0 38 56 47 3 59 17 57 50 31 21 32 15 29 60 18 67 64 72 54 66 71 4 11 62 41 34 43 49 74 2 73 52 7 23 36 19 13 14 69 44 8 30 22 45 39 20 48 68 63 42 76 75 46 40 53 35 78 61 58 55 33 27 28 77 25 10 80 24 1 51 6 79 16 26 65 12 5 9 37 70
best 282399
time 950011 ms
seed 6
