jobs 80
mach 20
init 0 67 22 54 16 7 42 39 5 68 19 66 80 23 58 49 51 77 18 64 75 72 3 14 34 33 40 38 74 63 69 47 50 35 11 9 52 26 46 15 1 21 60 48 45 6 56 61 4 79 25 62 78 29 37 41 27 73 8 65 53 31 43 17 57 28 12 36 59 20 13 71 10 70 76 2 24 32 55 44 30
best 240642
best 239214 step 11 time 1520 ms
best 237050 step 12 time 1594 ms
best 234276 step 21 time 2495 ms
best 233551 step 22 time 2617 ms
best 228745 step 25 time 2880 ms
best 227956 step 26 time 3030 ms
best 227503 step 32 time 3675 ms
best 227494 step 33 time 3739 ms
best 226741 step 41 time 4615 ms
best 224946 step 69 time 7619 ms
best 224751 step 70 time 7887 ms
best 221597 step 71 time 8030 ms
best 221574 step 76 time 8383 ms
best 220982 step 78 time 8586 ms
best 220365 step 79 time 8670 ms
best 220061 step 391 time 43502 ms
best 219756 step 836 time 92255 ms
best 219388 step 1144 time 125907 ms
best 219138 step 1735 time 190427 ms
best 217260 step 1736 time 190584 ms
done 0 67 22 54 16 7 23 64 39 77 5 18 42 14 19 58 66 51 80 75 72 33 49 60 38 34 40 26 63 69 3 74 11 50 47 46 1 48 56 27 61 35 21 79 68 45 6 4 62 78 15 65 41 29 9 36 31 25 8 37 52 28 57 20 59 73 53 76 17 43 13 71 10 70 30 12 2 24 44 55 32
best 217260
time 950031 ms
seed 6
