jobs 80
mach 20
init 0 23 20 47 37 28 79 36 22 77 38 27 80 59 56 12 6 75 7 55 14 26 40 18 53 16 33 11 54 45 42 61 43 71 52 30 21 69 51 5 63 8 70 32 13 49 74 58 4 50 72 65 66 9 34 17 64 24 60 35 2 62 29 67 10 15 57 1 46 76 25 48 39 3 73 41 78 31 44 68 19
best 317038
best 314489 step 1 time 472 ms
best 308894 step 3 time 869 ms
best 305431 step 5 time 1111 ms
best 305412 step 7 time 1350 ms
best 305120 step 23 time 3422 ms
best 304678 step 24 time 3474 ms
best 298817 step 38 time 5232 ms
best 298661 step 39 time 5393 ms
best 298445 step 205 time 22797 ms
best 298384 step 207 time 22983 ms
best 298069 step 218 time 24264 ms
best 295928 step 219 time 24389 ms
best 290865 step 223 time 24774 ms
best 290753 step 298 time 32245 ms
best 290512 step 976 time 103804 ms
best 289430 step 977 time 103971 ms
best 289133 step 2102 time 224137 ms
best 287969 step 2405 time 255355 ms
best 286907 step 8449 time 896760 ms
best 286062 step 8451 time 896897 ms
done 0 47 79 36 59 23 77 28 55 6 37 21 38 61 80 75 12 56 7 71 40 27 14 45 11 16 26 69 18 33 74 54 43 51 42 53 30 49 60 8 13 5 63 70 52 32 24 72 65 9 62 4 66 15 22 34 58 17 67 10 64 35 2 57 50 46 41 76 48 29 39 25 20 3 31 73 1 78 68 44 19
best 286062
time 950153 ms
seed 6
