jobs 90
mach 20
init 0 42 69 35 76 53 89 4 27 37 30 12 31 62 65 52 46 5 25 33 55 80 88 44 36 57 32 58 9 13 72 6 64 17 45 28 77 1 67 14 81 79 83 54 26 70 78 90 85 29 66 2 48 50 43 7 73 60 61 3 15 87 39 34 20 41 24 84 10 63 8 71 59 21 75 74 51 38 11 68 19 47 82 56 40 49 16 86 18 22 23
best 359841
best 356102 step 1 time 1085 ms
best 350578 step 3 time 1338 ms
best 350187 step 4 time 1441 ms
best 349009 step 5 time 1634 ms
best 346403 step 6 time 1744 ms
best 346232 step 8 time 2086 ms
best 345482 step 214 time 34227 ms
best 344444 step 217 time 34931 ms
best 344270 step 466 time 75916 ms
best 338213 step 467 time 76158 ms
done 0 76 42 69 35 4 89 53 66 5 12 30 58 46 31 62 65 25 54 9 33 55 80 27 77 17 44 36 57 32 67 37 52 28 88 45 1 14 6 64 83 72 79 26 70 13 90 85 78 3 73 48 50 43 29 87 39 2 60 15 20 61 81 7 75 74 41 24 34 71 8 84 10 19 59 63 51 47 82 38 11 21 40 16 68 49 18 22 86 23 56
best 338213
time 950103 ms
seed 6
