jobs 90
mach 20
init 0 55 73 42 89 54 60 78 51 90 28 8 62 10 64 41 39 81 36 49 27 47 14 2 30 53 1 52 63 11 45 48 9 31 37 68 32 29 12 57 5 70 71 83 13 80 25 77 88 86 34 26 3 58 23 69 74 17 40 24 65 7 87 4 82 76 67 56 61 46 66 59 79 35 33 22 16 18 19 21 6 72 15 85 43 44 38 84 20 50 75
best 426426
best 426122 step 3 time 990 ms
best 425923 step 4 time 1193 ms
best 422306 step 5 time 1372 ms
best 417332 step 10 time 2300 ms
best 415582 step 11 time 2476 ms
best 413803 step 12 time 2798 ms
best 411995 step 61 time 11910 ms
best 408494 step 63 time 12305 ms
best 405777 step 67 time 13055 ms
best 405710 step 416 time 78120 ms
best 403464 step 418 time 78430 ms
best 403281 step 516 time 96832 ms
best 402301 step 854 time 160688 ms
best 401429 step 855 time 160791 ms
best 401174 step 860 time 161508 ms
best 400779 step 868 time 163129 ms
best 400287 step 869 time 163278 ms
best 399481 step 2474 time 454350 ms
best 399313 step 2476 time 454613 ms
best 398649 step 4472 time 826289 ms
best 398431 step 4474 time 826754 ms
best 397751 step 4475 time 827177 ms
done 0 55 51 89 42 78 90 28 8 54 60 10 81 73 1 39 53 27 47 30 68 36 34 49 2 64 63 29 52 12 41 3 48 14 11 31 70 88 9 69 37 5 83 13 80 25 24 35 86 32 71 26 58 23 77 4 82 40 65 56 87 57 7 33 76 66 59 67 17 62 16 46 43 18 19 21 61 6 72 79 74 45 44 20 84 15 85 22 38 50 75
best 397751
time 950094 ms
seed 6
