jobs 90
mach 20
init 0 12 51 19 45 65 35 11 50 7 42 6 27 52 76 70 61 84 15 17 58 75 59 43 56 32 34 16 2 40 60 69 55 8 1 77 24 39 37 22 9 74 13 30 67 87 71 78 49 29 10 72 41 26 80 88 73 90 85 44 48 81 54 46 66 14 20 79 53 31 68 57 23 63 4 89 82 33 3 25 86 18 5 64 62 21 36 38 47 83 28
best 423169
best 422943 step 1 time 443 ms
best 414472 step 2 time 742 ms
best 414155 step 8 time 1971 ms
best 414043 step 23 time 4729 ms
best 413551 step 95 time 16508 ms
best 413318 step 99 time 17169 ms
best 412770 step 146 time 25142 ms
best 411023 step 168 time 29093 ms
best 410038 step 199 time 35079 ms
best 409427 step 203 time 35987 ms
best 407571 step 429 time 75957 ms
best 406869 step 430 time 76123 ms
best 406482 step 644 time 114246 ms
best 404944 step 1833 time 324688 ms
best 404862 step 1841 time 326428 ms
best 404664 step 1843 time 326763 ms
best 404644 step 1844 time 326865 ms
best 404525 step 1969 time 348768 ms
best 403727 step 3481 time 617333 ms
best 403312 step 3483 time 617633 ms
best 403254 step 3814 time 676293 ms
done 0 12 51 10 61 45 65 11 7 19 76 84 52 35 42 6 27 43 70 34 59 15 75 50 17 58 56 32 16 2 60 29 8 24 69 77 73 30 67 40 88 55 39 74 37 1 72 85 87 54 71 9 78 49 26 80 22 14 90 41 44 46 23 53 81 13 48 68 89 66 79 63 31 20 57 4 5 36 3 25 33 86 18 21 82 64 62 83 38 47 28
best 403254
time 950009 ms
seed 6
