jobs 90
mach 20
init 0 47 55 1 75 53 20 83 59 73 32 68 70 35 72 39 9 64 8 40 45 26 87 43 77 52 42 85 49 74 50 29 25 63 89 13 16 69 21 17 62 14 7 18 57 30 4 48 6 28 67 79 27 66 88 65 23 31 86 54 5 33 82 19 38 36 44 84 10 34 24 41 78 60 22 12 61 81 3 80 46 37 51 11 15 90 71 2 76 56 58
best 414338
best 413891 step 1 time 454 ms
best 407035 step 2 time 713 ms
best 405295 step 3 time 825 ms
best 402805 step 5 time 1065 ms
best 401815 step 6 time 1305 ms
best 400974 step 9 time 1826 ms
best 399085 step 10 time 2130 ms
best 397437 step 11 time 2250 ms
best 396855 step 17 time 3068 ms
best 394146 step 42 time 7565 ms
best 393891 step 44 time 7835 ms
best 390932 step 47 time 8465 ms
best 389390 step 48 time 8640 ms
best 389168 step 193 time 33518 ms
best 385428 step 241 time 41582 ms
best 385339 step 242 time 41671 ms
best 380010 step 400 time 68822 ms
done 0 47 26 75 20 53 83 18 64 55 28 32 1 44 40 73 68 35 72 39 30 8 70 59 69 45 87 77 89 13 54 52 25 29 42 63 21 7 9 49 50 16 17 62 6 57 81 14 67 43 65 74 4 48 31 33 66 36 88 86 23 19 60 82 85 22 38 10 34 27 79 12 41 80 78 51 5 3 24 76 56 84 15 61 37 71 11 2 90 46 58
best 380010
time 950051 ms
seed 6
