jobs 90
mach 20
init 0 23 78 85 6 12 63 7 9 53 82 64 61 44 16 43 65 81 59 57 17 56 1 55 60 37 11 42 77 10 83 27 76 84 36 2 49 26 58 35 45 33 3 66 75 18 47 48 73 50 71 70 67 31 14 39 32 52 62 80 24 8 13 5 46 74 25 4 90 19 28 38 29 86 68 87 88 89 51 69 20 15 34 21 30 41 22 54 72 79 40
best 389256
best 375157 step 1 time 665 ms
best 365688 step 2 time 910 ms
best 361773 step 5 time 1642 ms
best 359876 step 7 time 1999 ms
best 349001 step 8 time 2307 ms
best 347308 step 9 time 2704 ms
best 347075 step 10 time 2849 ms
best 343300 step 33 time 8000 ms
best 342034 step 34 time 8202 ms
best 340068 step 89 time 21538 ms
best 339694 step 127 time 30436 ms
best 337986 step 129 time 30762 ms
best 337807 step 171 time 40543 ms
best 337702 step 172 time 40730 ms
best 337297 step 409 time 94513 ms
best 335763 step 410 time 94690 ms
best 335645 step 422 time 97802 ms
best 334724 step 431 time 100214 ms
best 332272 step 532 time 122604 ms
best 332247 step 533 time 122789 ms
best 331554 step 766 time 178413 ms
best 330678 step 767 time 178610 ms
best 329630 step 768 time 178857 ms
best 329152 step 1613 time 373716 ms
best 327299 step 1615 time 374255 ms
best 326592 step 2373 time 555168 ms
done 0 23 66 78 12 85 1 55 9 16 81 44 56 80 17 7 26 65 46 11 53 64 57 58 82 27 42 63 37 60 36 43 76 84 10 49 83 2 35 45 33 18 3 39 32 47 50 77 70 71 52 75 6 31 8 67 73 24 59 90 19 48 61 62 74 28 4 14 68 13 51 25 21 87 88 5 29 38 34 15 86 89 69 30 20 41 22 54 72 79 40
best 326592
time 950113 ms
seed 6
