jobs 90
mach 20
init 0 5 52 13 88 65 30 57 67 55 75 44 51 1 53 42 81 32 61 20 80 4 66 60 63 34 7 43 77 8 64 3 2 50 76 87 24 39 70 73 22 46 31 90 10 68 86 27 19 25 69 40 47 21 49 12 56 82 79 85 14 89 33 37 17 72 11 71 58 78 26 16 74 38 15 48 28 23 83 36 6 62 84 54 9 29 35 18 59 45 41
best 305361
best 304156 step 2 time 572 ms
best 303205 step 4 time 952 ms
best 302800 step 6 time 1333 ms
best 301848 step 9 time 1990 ms
best 301600 step 13 time 2444 ms
best 301543 step 14 time 2668 ms
best 301518 step 16 time 3060 ms
best 299437 step 36 time 6430 ms
best 298090 step 44 time 7466 ms
best 297517 step 47 time 8072 ms
best 296976 step 48 time 8254 ms
best 296604 step 49 time 8359 ms
best 296393 step 121 time 20306 ms
best 293526 step 147 time 24962 ms
best 293348 step 154 time 26002 ms
best 293010 step 157 time 26348 ms
best 292853 step 264 time 43712 ms
best 292677 step 414 time 66944 ms
best 292561 step 419 time 67863 ms
best 292418 step 449 time 72334 ms
best 292368 step 1150 time 188088 ms
best 290628 step 1467 time 238132 ms
best 290030 step 5170 time 844484 ms
done 0 52 65 13 5 73 30 88 66 57 75 44 81 32 53 1 42 61 20 55 76 7 77 67 60 43 2 51 4 63 3 8 64 50 87 24 22 68 80 39 70 31 46 90 86 27 19 16 49 10 25 40 69 47 37 21 72 82 71 56 38 79 26 12 17 85 14 89 48 28 33 11 78 58 23 36 34 15 35 83 74 59 6 29 62 9 41 18 54 84 45
best 290030
time 950109 ms
seed 6
