jobs 90
mach 20
init 0 35 81 45 89 25 90 43 26 75 32 79 13 61 64 39 41 70 44 63 60 48 29 17 66 1 24 52 82 49 5 88 47 76 56 87 23 51 8 46 20 85 62 57 58 37 7 3 19 15 80 50 27 77 28 14 84 73 16 2 71 34 10 55 83 36 30 72 21 86 74 42 33 53 6 40 67 78 18 11 9 38 65 68 69 54 59 4 22 31 12
best 386968
best 379661 step 2 time 771 ms
best 378001 step 3 time 970 ms
best 377583 step 5 time 1181 ms
best 377510 step 6 time 1282 ms
best 372321 step 7 time 1509 ms
best 371866 step 8 time 1691 ms
best 371440 step 10 time 2035 ms
best 371203 step 18 time 3558 ms
best 371043 step 22 time 4260 ms
best 368014 step 27 time 5051 ms
best 364864 step 28 time 5277 ms
best 360444 step 30 time 5703 ms
best 358826 step 55 time 10510 ms
best 356324 step 71 time 13499 ms
best 356151 step 72 time 13708 ms
best 355708 step 81 time 15085 ms
best 355637 step 82 time 15143 ms
best 353385 step 113 time 20693 ms
best 351762 step 114 time 20876 ms
best 351742 step 115 time 20931 ms
best 351329 step 116 time 21057 ms
best 349630 step 1218 time 221896 ms
best 349206 step 1258 time 229518 ms
best 348421 step 1673 time 304595 ms
done 0 35 46 13 32 75 90 50 43 26 80 89 45 70 79 1 64 29 61 44 63 39 66 25 24 82 49 5 88 41 20 27 48 17 52 76 56 87 47 51 8 23 57 62 58 37 3 7 77 15 19 36 84 60 16 28 85 86 71 73 72 2 83 53 30 14 74 34 10 6 33 21 42 9 38 55 11 68 4 67 78 18 69 65 40 54 81 22 59 31 12
best 348421
time 950110 ms
seed 6
