jobs 90
mach 20
init 0 52 85 22 12 57 2 33 31 54 11 48 42 46 24 10 67 90 81 28 27 39 25 34 71 14 43 32 69 17 18 37 78 87 88 45 23 26 5 40 82 86 75 50 79 68 70 61 63 55 6 1 15 59 65 19 76 4 80 58 49 20 29 21 77 56 73 72 35 89 13 41 47 66 53 8 36 44 64 7 83 16 3 60 84 74 9 62 38 51 30
best 411479
best 410853 step 1 time 544 ms
best 403857 step 6 time 1227 ms
best 403806 step 7 time 1449 ms
best 390282 step 8 time 1856 ms
best 388593 step 10 time 2231 ms
best 386769 step 21 time 4004 ms
best 385104 step 22 time 4172 ms
best 382197 step 65 time 12321 ms
best 381584 step 69 time 12857 ms
best 380661 step 97 time 16886 ms
best 378610 step 101 time 17439 ms
best 377812 step 110 time 19140 ms
best 373249 step 111 time 19432 ms
best 371912 step 113 time 19701 ms
best 371878 step 125 time 22316 ms
best 371367 step 126 time 22412 ms
best 369825 step 128 time 22549 ms
best 369255 step 129 time 22719 ms
best 368687 step 3027 time 512820 ms
best 368149 step 3028 time 512981 ms
best 367263 step 4907 time 829147 ms
done 0 52 85 12 57 2 33 21 14 77 20 67 42 63 24 81 71 54 5 88 45 48 32 43 46 34 78 69 75 27 40 10 87 68 37 25 79 23 26 18 31 11 17 82 22 86 19 39 61 29 28 15 70 4 1 59 49 90 6 50 58 55 76 56 73 72 80 53 13 41 47 65 36 35 89 8 66 44 64 7 83 16 3 60 84 74 9 62 38 51 30
best 367263
time 950034 ms
seed 6
