jobs 90
mach 20
init 0 85 7 43 49 58 74 54 11 36 80 71 12 79 6 48 31 26 15 21 20 38 41 37 76 28 17 44 57 90 3 83 22 27 81 46 60 62 34 68 63 87 75 84 2 29 23 33 70 25 67 89 72 61 45 18 51 19 47 66 30 53 69 56 88 50 35 5 13 10 59 16 24 42 73 8 78 82 39 65 55 77 86 14 32 52 1 64 40 9 4
best 445291
best 442781 step 1 time 532 ms
best 431568 step 2 time 868 ms
best 426156 step 5 time 1428 ms
best 422004 step 6 time 1599 ms
best 417354 step 7 time 1756 ms
best 415746 step 20 time 4191 ms
best 413602 step 21 time 4294 ms
best 413437 step 23 time 4513 ms
best 411023 step 24 time 4678 ms
best 409002 step 36 time 7047 ms
best 405918 step 42 time 7866 ms
best 403579 step 378 time 66761 ms
best 402702 step 679 time 116933 ms
best 401491 step 699 time 120225 ms
best 400441 step 2717 time 457011 ms
best 399575 step 2721 time 457489 ms
best 399089 step 5273 time 888355 ms
best 398890 step 5275 time 888583 ms
done 0 48 58 49 11 36 15 71 7 74 54 21 6 70 79 85 12 90 20 84 43 46 38 41 17 28 24 76 31 3 68 27 44 83 22 81 26 34 57 62 37 61 88 51 75 18 45 33 63 60 87 2 23 29 25 67 50 89 19 66 72 30 53 69 56 80 78 5 13 59 35 47 16 10 39 65 55 77 73 42 86 82 14 4 8 32 52 1 9 64 40
best 398890
time 950072 ms
seed 6
