jobs 100
mach 20
init 0 47 37 16 34 54 23 53 58 24 19 70 52 98 38 100 79 8 51 31 35 67 60 3 2 96 88 36 33 45 21 73 65 44 18 10 99 80 56 74 63 91 1 75 85 69 20 90 71 83 93 82 81 76 28 46 15 50 61 41 17 89 86 29 43 22 64 92 26 59 48 11 42 57 13 97 12 6 40 84 62 32 14 95 27 66 7 72 94 55 87 30 68 25 39 49 9 4 5 77 78
best 492333
best 487980 step 1 time 915 ms
best 476293 step 2 time 1205 ms
best 473832 step 8 time 2533 ms
best 471892 step 22 time 6495 ms
best 470043 step 25 time 7409 ms
best 469642 step 53 time 15578 ms
best 469355 step 65 time 19037 ms
best 469264 step 67 time 19395 ms
best 468337 step 74 time 21432 ms
best 467215 step 87 time 25083 ms
best 465675 step 101 time 28946 ms
best 465566 step 111 time 31407 ms
best 457058 step 112 time 31758 ms
best 456984 step 113 time 32025 ms
best 456724 step 253 time 66254 ms
best 455964 step 546 time 144553 ms
best 454219 step 556 time 147005 ms
best 452942 step 565 time 149162 ms
best 451800 step 778 time 203566 ms
best 448691 step 780 time 204084 ms
done 0 52 73 100 16 18 24 23 58 8 51 53 19 35 70 1 98 54 38 88 34 31 37 67 81 91 2 96 3 45 65 10 79 20 74 33 36 21 99 63 44 56 83 75 17 80 61 76 86 82 43 69 90 71 15 46 41 50 85 29 48 93 28 89 64 92 59 11 42 72 26 22 30 40 60 84 97 12 68 57 6 95 13 62 66 87 47 32 25 27 94 7 55 4 14 5 77 39 49 78 9
best 448691
time 950181 ms
seed 4
