jobs 100
mach 20
init 0 62 23 1 45 75 37 21 80 34 70 52 32 98 55 16 25 44 71 17 27 60 66 29 95 12 88 77 42 84 81 19 68 79 61 11 87 5 18 82 85 97 50 40 64 69 51 9 22 94 59 58 90 2 89 65 47 83 39 26 86 76 78 53 24 33 36 20 67 56 15 91 73 10 49 35 100 63 6 99 46 92 31 30 8 54 41 7 13 74 14 96 3 28 4 93 72 43 57 38 48
best 557292
best 552426 step 1 time 1115 ms
best 545236 step 2 time 1471 ms
best 545032 step 4 time 2025 ms
best 541459 step 36 time 11230 ms
best 538530 step 37 time 11490 ms
best 537807 step 38 time 11636 ms
best 537062 step 39 time 12043 ms
best 535192 step 654 time 181620 ms
best 535150 step 1172 time 324823 ms
best 535019 step 1775 time 489516 ms
best 534288 step 1776 time 489733 ms
best 533100 step 1777 time 490086 ms
best 530338 step 1835 time 504644 ms
best 529190 step 1836 time 504770 ms
best 528596 step 1837 time 505088 ms
done 0 23 62 1 45 80 17 75 37 88 21 52 32 55 16 25 34 71 66 44 27 60 61 12 29 98 77 87 10 95 19 81 42 79 50 40 18 11 84 69 70 68 51 39 82 64 26 90 73 97 85 9 22 94 59 20 89 86 76 58 2 83 5 56 49 65 33 6 91 78 53 24 15 99 36 30 92 47 67 41 31 63 35 100 8 13 54 74 14 7 96 46 48 72 3 28 4 93 38 43 57
best 528596
time 950001 ms
seed 4
