jobs 100
mach 20
init 0 61 66 13 70 17 79 67 58 37 80 77 92 51 24 87 23 54 82 91 38 41 12 35 74 63 86 69 9 62 34 16 94 65 22 42 60 64 100 20 52 84 4 19 33 6 1 72 78 83 27 7 56 89 47 96 68 14 28 43 55 50 73 93 95 76 29 3 88 59 31 97 49 75 45 53 48 81 15 39 36 30 98 32 99 46 21 25 2 85 11 26 44 71 40 57 8 5 90 18 10
best 505255
best 504037 step 1 time 1037 ms
best 492656 step 10 time 3458 ms
best 491357 step 32 time 9032 ms
best 491169 step 33 time 9196 ms
best 489138 step 35 time 9617 ms
best 488937 step 39 time 10716 ms
best 488618 step 40 time 10960 ms
best 488183 step 45 time 11994 ms
best 486338 step 50 time 13256 ms
best 483734 step 177 time 46765 ms
best 483587 step 223 time 59179 ms
best 482893 step 320 time 84667 ms
best 481752 step 321 time 84901 ms
best 481020 step 1444 time 365751 ms
best 478053 step 1450 time 367166 ms
best 477446 step 1455 time 368402 ms
best 477440 step 1456 time 368572 ms
done 0 61 13 41 17 77 79 51 54 37 58 67 92 38 70 80 89 74 47 91 24 87 82 23 86 9 35 69 22 42 94 34 63 16 56 65 14 7 72 64 12 20 4 52 66 19 33 6 76 27 100 60 1 84 43 50 68 83 73 31 93 96 39 28 95 45 53 48 88 59 49 55 81 78 29 97 75 36 32 99 62 30 98 25 3 85 46 11 26 15 71 40 57 21 44 2 90 5 8 10 18
best 477440
time 950071 ms
seed 4
