jobs 100
mach 20
init 0 56 62 74 57 39 3 16 81 83 84 55 24 14 33 38 10 71 73 80 91 68 97 11 49 46 64 23 75 29 96 41 15 21 25 26 93 66 54 98 52 27 92 100 82 19 94 95 63 70 36 6 17 77 18 12 9 34 42 69 4 13 59 30 43 76 79 2 88 50 5 78 51 1 35 32 61 58 37 8 31 86 60 48 72 67 7 87 90 53 28 20 45 44 65 85 89 99 40 22 47
best 616682
best 614293 step 1 time 782 ms
best 608133 step 2 time 1257 ms
best 599023 step 5 time 2495 ms
best 598417 step 7 time 2845 ms
best 595581 step 10 time 3332 ms
best 593833 step 11 time 3536 ms
best 593510 step 12 time 3659 ms
best 590180 step 21 time 6635 ms
best 588527 step 22 time 6990 ms
best 588497 step 58 time 18728 ms
best 586043 step 98 time 32569 ms
best 580025 step 120 time 39077 ms
best 575323 step 194 time 62393 ms
best 573949 step 212 time 67305 ms
best 571060 step 650 time 213895 ms
best 569668 step 1022 time 336102 ms
best 566938 step 2165 time 713100 ms
best 565944 step 2166 time 713677 ms
done 0 56 62 55 3 16 94 24 74 66 57 14 10 80 83 46 15 64 81 71 68 29 39 11 26 91 97 23 75 21 33 38 98 52 54 84 27 78 25 96 19 100 41 49 82 6 70 12 92 18 63 4 13 77 73 51 61 9 69 34 43 17 76 67 1 35 93 30 88 36 50 95 79 2 31 42 32 59 58 7 87 72 5 37 8 48 86 60 89 90 53 20 45 28 40 44 22 65 85 99 47
best 565944
time 950044 ms
seed 4
