jobs 100
mach 20
init 0 66 26 22 99 2 21 61 25 38 29 36 16 35 79 40 95 30 55 13 69 17 83 15 11 37 96 85 1 8 72 14 91 80 86 32 47 89 94 19 50 53 92 75 57 44 3 59 90 27 87 24 41 68 63 31 56 28 81 100 18 23 77 7 51 97 45 10 98 54 48 78 65 67 33 5 74 34 93 62 46 58 71 43 4 70 6 49 73 42 60 20 88 39 76 64 52 9 82 12 84
best 458588
best 458279 step 1 time 983 ms
best 456818 step 2 time 1124 ms
best 456296 step 4 time 1713 ms
best 455568 step 10 time 3647 ms
best 454331 step 11 time 3952 ms
best 453764 step 14 time 4733 ms
best 453617 step 15 time 4908 ms
best 451926 step 16 time 5210 ms
best 451362 step 18 time 5509 ms
best 450885 step 27 time 7296 ms
best 447666 step 41 time 10763 ms
best 445404 step 42 time 10980 ms
best 444496 step 44 time 11309 ms
best 443922 step 45 time 11636 ms
best 443875 step 110 time 28429 ms
best 443518 step 114 time 29297 ms
best 438542 step 116 time 29813 ms
best 435022 step 340 time 85363 ms
best 434108 step 342 time 85743 ms
best 433430 step 1252 time 323321 ms
best 433073 step 1254 time 323744 ms
best 432267 step 1255 time 323897 ms
done 0 98 22 30 2 21 25 26 29 36 61 38 95 80 79 35 15 55 17 89 69 13 96 85 16 83 11 37 1 8 66 50 44 32 99 53 14 75 92 19 40 47 23 81 3 63 31 27 86 59 24 90 87 72 57 41 68 56 28 51 91 10 4 45 54 94 100 18 48 7 77 43 33 65 67 78 70 97 34 5 93 58 74 46 49 73 20 62 64 88 6 42 60 84 82 39 76 71 9 52 12
best 432267
time 950049 ms
seed 4
