jobs 100
mach 20
init 0 48 61 31 9 45 92 21 38 100 19 75 25 63 65 96 4 6 68 77 51 79 64 23 86 39 16 83 32 29 87 95 91 24 71 1 22 70 60 99 35 59 66 44 89 94 37 97 85 82 17 36 73 50 42 49 52 3 41 11 67 93 72 2 30 14 34 98 47 62 88 27 90 8 7 13 78 56 84 53 26 76 20 18 10 54 12 55 40 80 15 43 46 5 33 69 81 58 28 74 57
best 503020
best 498468 step 1 time 541 ms
best 493737 step 2 time 761 ms
best 492975 step 4 time 1084 ms
best 491652 step 5 time 1284 ms
best 491229 step 7 time 1577 ms
best 487917 step 17 time 4112 ms
best 487594 step 19 time 4329 ms
best 484099 step 26 time 6032 ms
best 484072 step 54 time 13388 ms
best 480554 step 57 time 14328 ms
best 478081 step 72 time 18153 ms
best 477873 step 74 time 18864 ms
best 477419 step 82 time 20904 ms
best 476799 step 84 time 21294 ms
best 475890 step 87 time 21807 ms
best 473961 step 93 time 23585 ms
best 469522 step 94 time 23731 ms
best 468993 step 96 time 24102 ms
best 467034 step 182 time 45814 ms
best 464733 step 1113 time 285625 ms
best 464707 step 1114 time 285825 ms
best 457506 step 1223 time 313376 ms
done 0 69 25 48 31 92 4 38 97 75 23 19 21 65 99 9 45 96 51 64 63 100 77 32 35 49 89 22 91 24 29 39 95 1 86 16 71 94 79 83 44 52 68 70 87 66 59 60 50 42 37 17 73 36 85 6 98 34 14 41 18 11 93 72 47 82 67 7 2 15 13 62 88 27 3 90 30 84 20 53 76 12 55 61 40 80 78 46 56 33 8 26 43 5 54 58 28 10 81 74 57
best 457506
time 950059 ms
seed 4
