jobs 100
mach 20
init 0 72 22 26 92 80 97 27 63 67 87 99 68 16 71 50 37 88 34 41 70 12 23 86 91 93 47 61 84 13 98 25 100 89 33 30 51 96 5 43 32 54 75 55 17 94 36 39 18 69 6 45 20 83 1 24 2 82 52 10 95 15 79 4 73 42 35 49 3 21 29 62 85 76 46 74 57 7 90 78 48 60 56 31 11 64 53 59 9 81 19 77 66 65 44 28 40 14 38 8 58
best 379490
best 376570 step 1 time 946 ms
best 376555 step 2 time 1167 ms
best 375517 step 3 time 1521 ms
best 374376 step 4 time 1843 ms
best 371300 step 6 time 2304 ms
best 368694 step 7 time 2523 ms
best 368180 step 8 time 2776 ms
best 366954 step 12 time 3756 ms
best 366278 step 74 time 18666 ms
best 364487 step 78 time 19632 ms
best 363135 step 83 time 21332 ms
best 361455 step 104 time 27511 ms
best 361117 step 105 time 27902 ms
best 360543 step 131 time 35378 ms
best 358167 step 137 time 36679 ms
best 355827 step 424 time 113819 ms
best 355798 step 425 time 114135 ms
best 354998 step 565 time 152061 ms
best 354932 step 566 time 152226 ms
best 353044 step 976 time 257004 ms
best 352131 step 977 time 257422 ms
best 351954 step 3477 time 913365 ms
done 0 87 22 86 26 27 72 92 63 80 97 67 33 99 41 50 16 5 88 68 34 70 47 71 12 55 91 13 93 61 25 23 96 6 30 89 1 51 37 94 54 75 21 100 39 98 43 17 24 36 20 32 18 69 84 10 46 45 52 2 83 82 15 79 4 73 3 29 35 85 42 95 49 7 90 53 31 62 60 9 76 74 56 57 78 48 81 11 64 19 40 28 8 58 59 14 66 77 65 38 44
best 351954
time 950088 ms
seed 4
