jobs 100
mach 20
init 0 64 26 14 12 90 18 72 69 29 11 86 56 80 57 33 63 54 89 42 65 7 97 78 17 25 82 49 53 61 43 24 79 77 92 5 52 100 88 81 40 28 59 68 99 13 55 8 84 9 6 95 45 93 44 71 85 50 37 1 20 46 39 73 38 58 15 87 3 19 4 23 67 96 27 16 30 51 47 66 10 98 60 76 83 22 62 75 94 31 70 41 32 48 34 36 91 21 35 2 74
best 542199
best 540542 step 1 time 758 ms
best 537160 step 3 time 1233 ms
best 537016 step 9 time 2776 ms
best 536744 step 10 time 3072 ms
best 527411 step 47 time 13383 ms
best 515841 step 55 time 15539 ms
best 515562 step 56 time 15730 ms
done 0 33 26 24 52 78 86 14 12 82 29 18 72 69 64 11 80 61 42 63 54 89 43 79 17 56 25 49 97 90 13 39 53 93 7 99 57 59 8 40 92 5 9 88 6 68 100 50 77 81 4 28 73 84 3 95 45 44 55 30 71 37 1 20 23 58 19 96 65 87 85 10 98 38 67 27 51 47 66 76 16 46 83 70 60 32 15 94 62 75 31 36 91 41 48 22 21 35 74 2 34
best 515562
time 950201 ms
seed 4
