jobs 100
mach 20
init 0 67 71 16 75 63 4 92 11 94 60 86 54 91 53 56 2 83 58 10 20 100 76 65 33 17 59 23 96 21 36 39 73 82 47 25 44 95 32 43 81 55 69 41 49 84 37 52 64 6 38 97 78 12 46 98 99 42 13 3 1 15 8 30 70 89 29 74 19 57 18 14 34 45 35 26 62 85 51 66 28 80 40 7 50 27 31 90 79 87 22 24 68 5 9 48 61 93 72 88 77
best 489900
best 479391 step 1 time 670 ms
best 474878 step 2 time 1019 ms
best 470116 step 3 time 1474 ms
best 468194 step 4 time 1732 ms
best 463077 step 8 time 2849 ms
best 460754 step 20 time 6330 ms
best 460207 step 21 time 6560 ms
best 459807 step 22 time 6850 ms
best 459633 step 56 time 15935 ms
best 458876 step 104 time 28587 ms
best 458630 step 341 time 91881 ms
best 458376 step 356 time 95938 ms
best 458333 step 359 time 96666 ms
best 458181 step 361 time 97132 ms
best 456479 step 363 time 97609 ms
best 455623 step 1032 time 273143 ms
best 455539 step 1033 time 273551 ms
best 455257 step 1034 time 273767 ms
best 453956 step 1035 time 273944 ms
best 452951 step 1085 time 286418 ms
best 452915 step 1089 time 287851 ms
done 0 67 75 71 11 54 86 94 4 60 92 56 2 20 16 83 17 10 53 100 59 76 33 65 23 58 96 64 82 21 36 44 47 91 25 95 46 69 43 32 41 49 81 73 84 55 97 30 1 98 13 37 38 99 15 52 6 57 89 12 42 39 74 78 34 45 70 29 50 19 8 26 63 35 27 62 18 7 40 51 85 90 31 80 66 14 28 3 22 24 68 87 88 79 9 72 48 61 5 77 93
best 452915
time 950155 ms
seed 4
