jobs 100
mach 20
init 0 16 33 27 61 37 48 54 94 34 68 92 71 80 40 25 62 95 73 1 63 44 8 79 5 42 2 41 75 24 38 32 70 47 55 64 17 65 81 97 6 39 67 50 83 53 78 43 82 45 87 76 14 10 60 21 49 77 69 19 3 35 84 31 15 46 86 90 100 58 30 11 52 72 28 88 98 4 56 26 51 29 74 93 23 20 18 89 7 96 99 85 13 22 12 36 57 91 66 9 59
best 541396
best 532508 step 1 time 842 ms
best 529424 step 2 time 1058 ms
best 527426 step 6 time 2252 ms
best 526486 step 10 time 3207 ms
best 524004 step 11 time 3419 ms
best 522293 step 24 time 6307 ms
best 518793 step 25 time 6526 ms
best 518195 step 45 time 11476 ms
best 518002 step 47 time 12066 ms
best 517894 step 48 time 12513 ms
best 517056 step 356 time 88516 ms
best 516607 step 663 time 166312 ms
done 0 16 33 30 27 61 37 48 54 68 87 40 25 78 71 80 8 94 19 2 24 79 1 63 73 92 95 55 44 42 5 41 62 81 64 97 38 32 70 47 39 53 50 65 77 34 67 6 45 83 14 17 82 43 60 10 69 3 72 35 75 31 46 15 49 76 86 100 11 56 28 88 74 98 58 93 52 90 21 4 51 89 84 99 26 20 29 85 23 18 7 13 96 22 12 36 66 59 57 91 9
best 516607
time 950087 ms
seed 4
