jobs 60
mach 20
init 0 20 46 25 32 38 12 40 17 21 31 45 42 57 29 3 16 14 24 60 15 59 2 41 9 53 49 13 39 19 55 23 48 52 18 47 43 5 37 10 33 28 6 58 50 44 56 26 4 35 30 7 27 36 54 8 1 11 22 34 51
best 100644
best 99928 step 1 time 209 ms
best 99261 step 9 time 510 ms
best 98241 step 10 time 559 ms
best 98187 step 41 time 1714 ms
best 98083 step 72 time 2916 ms
best 97331 step 292 time 10838 ms
best 96376 step 362 time 13485 ms
best 96038 step 544 time 20148 ms
best 96017 step 575 time 21220 ms
best 95684 step 777 time 28185 ms
best 95669 step 1228 time 44034 ms
best 95398 step 1229 time 44098 ms
best 94578 step 1245 time 44764 ms
best 94329 step 1247 time 44827 ms
best 94092 step 1251 time 44961 ms
done 0 20 46 25 32 38 12 40 9 17 21 59 45 42 57 53 60 16 29 31 49 15 3 2 55 14 24 43 13 19 39 48 23 41 37 50 52 47 18 5 10 33 28 6 58 26 44 30 35 56 4 11 7 27 36 22 1 54 8 34 51
best 94092
time 950052 ms
seed 4
