jobs 60
mach 20
init 0 43 46 1 20 3 54 36 4 48 8 35 37 49 38 11 7 16 55 12 57 24 5 29 50 13 26 53 25 41 32 27 31 17 9 58 15 18 28 14 30 33 42 40 47 45 2 59 44 52 22 19 10 56 6 23 21 60 39 51 34
best 77045
best 74317 step 5 time 446 ms
best 70585 step 19 time 1065 ms
best 68886 step 41 time 1909 ms
best 68072 step 45 time 2116 ms
best 67978 step 47 time 2197 ms
best 67365 step 54 time 2500 ms
best 65795 step 55 time 2546 ms
best 65430 step 154 time 6556 ms
best 65222 step 485 time 20539 ms
best 65060 step 491 time 20710 ms
best 64111 step 492 time 20759 ms
done 0 3 43 48 46 49 54 11 1 24 36 35 37 20 38 7 8 57 16 55 31 18 5 28 15 29 13 41 26 50 53 12 25 32 45 58 9 4 27 44 14 30 33 42 40 17 6 2 59 22 47 51 34 10 56 23 21 60 52 39 19
best 64111
time 950060 ms
seed 4
