jobs 60
mach 20
init 0 47 16 2 30 34 56 9 33 26 17 7 38 31 48 5 55 52 35 39 59 22 41 11 1 21 8 29 36 32 14 4 15 13 20 46 42 57 60 24 40 28 27 51 37 6 25 3 10 19 12 23 54 49 45 58 18 50 43 44 53
best 76820
best 76006 step 8 time 372 ms
best 74764 step 10 time 502 ms
best 74718 step 11 time 530 ms
best 74530 step 14 time 609 ms
best 73824 step 30 time 1274 ms
best 73490 step 39 time 1663 ms
best 73130 step 44 time 1886 ms
best 72691 step 56 time 2408 ms
best 72399 step 58 time 2469 ms
best 71879 step 220 time 9755 ms
best 71617 step 221 time 9806 ms
best 70473 step 240 time 10760 ms
best 70402 step 2466 time 108502 ms
best 69673 step 2467 time 108548 ms
done 0 47 31 16 34 56 9 21 33 26 17 2 38 28 48 5 55 52 35 39 36 59 22 14 41 11 1 30 29 32 6 8 13 7 60 20 4 15 57 24 46 42 51 25 18 27 19 54 3 45 10 40 58 12 23 49 37 50 43 44 53
best 69673
time 950009 ms
seed 4
