jobs 70
mach 20
init 0 24 27 18 64 38 26 15 42 56 16 6 45 17 41 10 20 65 13 54 50 62 52 59 53 14 30 57 12 31 34 25 63 58 55 69 36 9 44 49 47 7 66 22 68 11 8 28 23 29 33 4 19 43 1 21 67 5 32 70 60 39 2 35 61 51 3 48 37 40 46
best 155712
best 153372 step 1 time 315 ms
best 151512 step 3 time 490 ms
best 148817 step 5 time 553 ms
best 148722 step 7 time 697 ms
best 145310 step 25 time 1865 ms
best 144926 step 26 time 1951 ms
best 144831 step 48 time 3298 ms
best 143558 step 232 time 16018 ms
best 142283 step 304 time 20579 ms
best 142089 step 319 time 21441 ms
best 140893 step 717 time 47371 ms
best 140806 step 2428 time 162668 ms
best 140722 step 2435 time 163254 ms
best 140286 step 2445 time 164010 ms
best 140260 step 2460 time 164960 ms
best 139788 step 5284 time 350894 ms
best 139725 step 5285 time 350929 ms
best 139719 step 5287 time 351001 ms
done 0 24 27 64 38 15 18 10 20 6 41 56 26 17 42 13 31 34 54 65 45 62 50 59 52 14 25 53 57 12 69 30 11 63 8 16 55 9 58 36 44 47 66 29 19 7 33 22 68 23 39 4 28 43 49 32 60 67 5 1 21 70 35 2 3 48 61 51 37 40 46
best 139719
time 950059 ms
seed 4
