jobs 70
mach 20
init 0 6 11 58 3 43 9 18 35 62 55 60 57 14 56 5 21 70 54 69 64 50 42 13 8 38 15 53 28 52 63 2 44 17 65 22 40 26 41 67 29 32 31 1 30 68 47 20 19 59 34 46 4 27 16 24 39 10 51 66 36 61 25 45 48 33 49 23 37 7 12
best 136122
best 134296 step 1 time 217 ms
best 132563 step 14 time 994 ms
best 132035 step 25 time 1738 ms
best 131457 step 35 time 2426 ms
best 130462 step 37 time 2578 ms
best 130364 step 47 time 3263 ms
best 128559 step 48 time 3320 ms
best 128540 step 115 time 7858 ms
best 128167 step 238 time 16128 ms
best 126246 step 483 time 30713 ms
best 126226 step 6939 time 441350 ms
done 0 6 14 58 62 18 9 3 43 57 35 55 60 5 50 21 70 69 42 54 11 38 56 51 13 8 30 53 15 17 52 44 1 63 2 41 67 64 22 29 28 40 31 26 68 19 34 47 32 46 20 24 65 59 45 4 66 36 61 10 27 16 39 25 33 49 12 48 23 37 7
best 126226
time 950065 ms
seed 4
