jobs 70
mach 20
init 0 11 61 59 12 29 14 25 64 13 46 17 23 69 63 44 38 7 9 15 20 58 66 60 40 54 24 22 68 41 6 10 65 3 36 31 47 51 34 4 18 33 70 42 5 57 32 52 1 27 67 16 37 53 35 8 55 48 56 26 50 21 45 39 30 28 2 62 19 49 43
best 220958
best 218021 step 1 time 177 ms
best 214714 step 3 time 360 ms
best 214471 step 4 time 411 ms
best 212888 step 5 time 554 ms
best 208976 step 6 time 647 ms
best 205999 step 10 time 941 ms
best 205114 step 11 time 992 ms
best 204227 step 13 time 1096 ms
best 202289 step 29 time 1984 ms
best 201031 step 55 time 3687 ms
best 198302 step 90 time 6054 ms
best 198180 step 97 time 6504 ms
best 197191 step 127 time 8398 ms
best 196924 step 1505 time 97523 ms
best 196280 step 1506 time 97590 ms
best 196146 step 4981 time 328120 ms
done 0 38 11 13 61 14 12 17 68 64 25 63 44 29 60 69 23 59 9 20 70 34 46 58 40 55 22 31 24 7 54 67 15 10 3 41 33 51 36 47 18 6 4 65 52 66 42 27 8 57 16 32 1 5 56 26 53 48 50 37 21 35 45 39 62 2 30 28 49 19 43
best 196146
time 950033 ms
seed 4
