jobs 70
mach 20
init 0 53 59 58 25 28 43 10 9 41 21 15 22 49 3 6 32 13 61 14 47 52 68 16 37 4 20 66 46 36 55 31 11 57 35 12 48 29 1 30 65 42 54 51 67 38 70 27 40 26 39 62 24 63 56 18 44 19 23 7 45 69 60 50 2 34 64 17 33 5 8
best 140606
best 138092 step 1 time 245 ms
best 131927 step 3 time 395 ms
best 131871 step 17 time 1371 ms
best 130806 step 22 time 1677 ms
best 128079 step 46 time 3676 ms
best 127748 step 341 time 23632 ms
best 126832 step 343 time 23755 ms
best 126676 step 737 time 50295 ms
best 126648 step 1388 time 92287 ms
best 126644 step 1389 time 92331 ms
best 126621 step 1699 time 112706 ms
best 125986 step 2077 time 138153 ms
best 125957 step 2081 time 138393 ms
best 125168 step 2521 time 167952 ms
best 125152 step 2523 time 168145 ms
done 0 15 59 53 25 41 58 3 21 18 43 9 10 47 49 28 61 14 22 68 52 32 62 16 6 37 46 66 13 4 20 57 36 31 35 11 29 55 12 48 42 54 65 1 51 67 38 70 27 40 26 30 39 24 34 19 63 2 56 64 44 23 7 45 60 69 50 17 33 5 8
best 125152
time 950050 ms
seed 4
