jobs 70
mach 20
init 0 15 47 61 11 26 53 43 14 51 5 24 4 35 8 62 23 42 55 45 49 69 59 57 56 68 64 37 17 29 28 44 25 6 2 32 50 34 48 70 52 16 41 21 40 31 20 65 7 13 67 9 22 66 27 33 12 36 39 18 63 19 58 60 30 54 38 1 46 10 3
best 129587
best 127396 step 1 time 222 ms
best 126953 step 2 time 284 ms
best 123065 step 3 time 389 ms
best 120343 step 5 time 519 ms
best 119326 step 6 time 567 ms
best 119181 step 145 time 9458 ms
best 119053 step 146 time 9564 ms
best 119041 step 149 time 9809 ms
best 116981 step 151 time 9966 ms
best 115387 step 179 time 11700 ms
best 115024 step 181 time 11822 ms
best 114353 step 338 time 22605 ms
best 114173 step 341 time 22823 ms
best 113923 step 345 time 23039 ms
best 113723 step 1202 time 80283 ms
best 113193 step 1647 time 110409 ms
best 112838 step 2315 time 154694 ms
best 112837 step 2319 time 154915 ms
best 112244 step 9231 time 614417 ms
done 0 4 43 15 51 53 61 11 26 24 23 5 14 45 8 35 62 59 42 55 52 56 37 69 49 17 57 68 28 64 6 25 18 70 32 2 29 50 34 48 44 41 40 13 21 16 67 31 65 20 7 9 19 22 66 33 12 36 60 63 27 58 46 39 54 47 10 30 1 38 3
best 112244
time 950028 ms
seed 4
