jobs 70
mach 20
init 0 23 22 50 67 27 36 64 54 38 63 61 66 51 13 34 24 44 8 45 25 53 16 41 32 29 65 11 12 43 48 2 6 9 3 68 56 26 33 42 31 19 58 40 46 70 7 37 49 57 20 39 52 28 4 47 1 62 18 21 5 30 60 10 55 35 14 69 15 59 17
best 177046
best 176944 step 1 time 273 ms
best 168319 step 3 time 568 ms
best 166345 step 4 time 680 ms
best 165987 step 14 time 1790 ms
best 164505 step 53 time 5171 ms
best 162479 step 66 time 6294 ms
best 162070 step 178 time 14873 ms
best 162013 step 3972 time 315561 ms
best 161415 step 3973 time 315665 ms
best 161134 step 10106 time 813330 ms
best 159744 step 10109 time 813616 ms
done 0 23 12 22 67 27 36 24 50 13 38 63 64 66 51 48 8 61 44 16 25 53 32 9 34 43 41 65 46 37 11 45 3 6 54 2 68 26 58 42 20 31 33 19 40 18 70 56 57 49 7 39 52 28 4 47 29 1 62 14 21 5 30 60 10 55 35 15 59 17 69
best 159744
time 950057 ms
seed 4
