jobs 80
mach 20
init 0 9 53 1 5 47 15 21 25 2 3 59 45 43 48 18 76 72 79 77 44 31 67 30 32 4 55 80 12 16 71 69 63 78 39 50 29 27 74 36 51 40 65 22 73 75 19 57 42 11 62 14 64 17 70 66 68 24 28 60 41 26 7 52 46 13 35 20 33 8 10 58 56 34 49 37 6 23 54 38 61
best 240394
best 236397 step 2 time 481 ms
best 234998 step 3 time 594 ms
best 232979 step 4 time 743 ms
best 228984 step 5 time 888 ms
best 228838 step 7 time 993 ms
best 228486 step 32 time 3695 ms
best 228471 step 33 time 3751 ms
best 227980 step 37 time 4089 ms
best 226067 step 54 time 5991 ms
best 224130 step 58 time 6576 ms
best 224080 step 59 time 6688 ms
best 222688 step 87 time 9534 ms
best 222617 step 98 time 10700 ms
best 222433 step 99 time 10800 ms
best 221732 step 106 time 11649 ms
best 217904 step 113 time 12337 ms
best 217856 step 944 time 99375 ms
best 217492 step 1077 time 112434 ms
best 217247 step 1078 time 112495 ms
best 217048 step 1891 time 195924 ms
best 214672 step 1908 time 197455 ms
best 213517 step 2483 time 256706 ms
best 212699 step 4023 time 412157 ms
done 0 47 5 26 21 72 53 1 15 59 25 48 2 18 45 30 43 3 77 44 31 67 80 78 4 69 55 79 73 9 29 12 76 32 40 22 16 39 74 27 14 19 50 11 75 57 63 65 71 51 17 64 28 36 24 70 66 68 60 62 42 13 7 52 56 46 35 20 33 8 10 58 6 41 34 49 37 23 54 61 38
best 212699
time 950022 ms
seed 4
