jobs 80
mach 20
init 0 38 45 24 78 42 75 1 56 19 27 63 46 61 7 20 66 14 22 12 49 44 41 31 10 11 17 33 60 29 57 69 71 76 72 34 79 30 3 53 4 48 26 32 15 5 77 73 28 51 50 39 9 16 74 8 67 21 80 2 40 35 59 64 18 25 54 68 23 70 62 47 36 58 43 6 13 55 37 65 52
best 190765
best 190006 step 8 time 1371 ms
best 182907 step 10 time 1655 ms
best 181724 step 33 time 4569 ms
best 181594 step 34 time 4778 ms
best 180593 step 71 time 9521 ms
best 180339 step 72 time 9592 ms
best 180130 step 95 time 12169 ms
best 179271 step 427 time 52631 ms
best 178869 step 549 time 66859 ms
best 176277 step 558 time 68105 ms
best 175882 step 559 time 68220 ms
done 0 19 3 24 45 42 1 78 56 22 75 20 63 14 61 27 59 12 46 7 71 49 41 31 10 44 33 76 60 11 69 17 29 79 57 34 53 66 4 30 72 48 26 32 15 77 73 35 5 28 8 51 39 9 74 50 16 67 80 40 2 68 64 18 25 21 62 54 47 38 23 70 58 43 36 6 13 55 37 65 52
best 175882
time 950055 ms
seed 4
