jobs 80
mach 20
init 0 66 25 58 53 29 62 18 47 17 41 76 57 71 2 42 50 23 4 13 63 19 14 38 11 22 55 21 72 79 6 70 12 37 73 67 15 75 30 74 61 52 28 59 39 35 54 20 78 60 26 65 1 33 3 7 24 34 77 40 10 64 31 8 36 27 43 46 44 32 80 9 49 68 5 69 16 56 51 45 48
best 274578
best 274050 step 1 time 402 ms
best 271453 step 2 time 590 ms
best 268875 step 4 time 838 ms
best 268502 step 5 time 910 ms
best 265886 step 6 time 1025 ms
best 259827 step 7 time 1135 ms
best 259443 step 9 time 1349 ms
best 259321 step 11 time 1582 ms
best 258233 step 13 time 1775 ms
best 257623 step 14 time 2021 ms
best 256728 step 21 time 2735 ms
best 253925 step 26 time 3350 ms
best 249586 step 33 time 4431 ms
best 248186 step 36 time 4807 ms
best 247415 step 38 time 4964 ms
best 247206 step 96 time 12224 ms
best 244690 step 98 time 12469 ms
best 244066 step 1786 time 215345 ms
best 243981 step 1788 time 215635 ms
best 243797 step 1789 time 215746 ms
best 242603 step 5121 time 617427 ms
best 242582 step 5124 time 617605 ms
done 0 66 4 70 25 18 41 53 47 17 29 62 14 2 57 42 58 71 50 11 38 23 19 12 65 21 52 22 73 79 76 63 20 37 1 15 59 6 13 75 74 72 28 61 30 39 35 55 78 3 33 54 60 26 7 77 67 24 34 40 10 36 64 31 9 49 46 27 44 8 32 80 69 43 68 5 56 16 51 45 48
best 242582
time 950093 ms
seed 4
