jobs 80
mach 20
init 0 77 22 60 16 23 18 7 42 67 14 11 58 54 39 66 5 80 75 68 19 9 49 27 34 64 72 40 47 26 6 50 51 38 65 63 33 74 46 3 69 48 56 1 35 45 41 79 78 21 61 4 29 73 25 62 31 52 53 15 8 28 36 59 70 37 57 20 17 43 13 71 10 12 2 24 76 32 55 44 30
best 253817
best 232037 step 1 time 450 ms
best 231421 step 2 time 533 ms
best 230734 step 15 time 2027 ms
best 228219 step 17 time 2211 ms
best 224695 step 18 time 2276 ms
best 224589 step 19 time 2411 ms
best 224298 step 40 time 4578 ms
best 223744 step 41 time 4780 ms
best 222817 step 44 time 5166 ms
best 220746 step 47 time 5518 ms
best 220438 step 86 time 10033 ms
best 220262 step 88 time 10196 ms
best 220148 step 91 time 10480 ms
best 220138 step 357 time 40028 ms
best 219378 step 358 time 40131 ms
best 219214 step 555 time 62482 ms
best 219050 step 584 time 65338 ms
best 218492 step 585 time 65506 ms
best 217340 step 1732 time 194908 ms
done 0 67 22 54 7 39 16 77 18 64 42 14 5 23 58 66 19 80 38 49 51 75 72 60 3 34 26 63 69 27 40 11 50 47 48 6 74 68 46 1 56 15 79 21 25 33 4 45 35 62 9 52 78 61 29 37 41 31 65 59 73 8 36 53 17 43 28 57 20 13 71 10 12 2 70 76 44 55 32 30 24
best 217340
time 950077 ms
seed 4
