jobs 80
mach 20
init 0 39 47 64 29 59 54 32 17 57 38 50 31 34 15 60 3 72 67 21 66 4 62 41 71 18 43 74 49 2 7 56 69 36 48 23 13 14 8 44 73 22 42 75 45 11 30 53 52 20 76 68 46 55 40 35 78 27 28 19 58 25 61 33 16 63 65 77 10 24 80 1 51 26 79 6 12 5 9 37 70
best 305579
best 305275 step 1 time 378 ms
best 301571 step 9 time 1378 ms
best 300505 step 12 time 1604 ms
best 300154 step 13 time 1710 ms
best 297165 step 14 time 1754 ms
best 295536 step 32 time 3811 ms
best 294641 step 36 time 4164 ms
best 294565 step 50 time 5875 ms
best 293593 step 52 time 6179 ms
best 291612 step 53 time 6331 ms
best 291433 step 54 time 6440 ms
best 290054 step 60 time 7196 ms
best 287234 step 70 time 8266 ms
best 286395 step 71 time 8374 ms
best 285447 step 113 time 13405 ms
best 284166 step 114 time 13626 ms
best 283984 step 449 time 50425 ms
best 283264 step 934 time 103751 ms
best 282944 step 5542 time 607836 ms
best 282640 step 5543 time 607917 ms
best 282379 step 5546 time 608297 ms
done 0 38 56 47 57 59 17 50 31 21 32 15 3 60 29 18 67 64 72 54 66 71 41 34 69 4 62 43 74 49 2 7 22 19 23 73 44 13 14 11 48 30 36 52 8 55 39 45 76 75 46 68 25 63 58 40 53 35 42 78 27 28 33 16 77 10 61 80 24 1 20 51 6 79 9 26 65 12 5 37 70
best 282379
time 950092 ms
seed 4
