jobs 80
mach 20
init 0 21 36 58 77 55 1 25 74 68 31 66 23 4 20 70 33 16 11 40 3 27 69 8 56 28 49 57 44 34 75 6 22 50 5 45 17 14 73 30 53 46 79 10 52 80 7 18 19 32 61 12 41 78 63 64 76 51 62 26 48 42 47 37 35 65 43 29 38 39 13 60 24 9 2 59 72 67 15 71 54
best 269781
best 268153 step 1 time 433 ms
best 266204 step 2 time 572 ms
best 265364 step 3 time 754 ms
best 263454 step 4 time 927 ms
best 262701 step 5 time 1093 ms
best 261731 step 7 time 1268 ms
best 260801 step 9 time 1438 ms
best 260049 step 13 time 1901 ms
best 259426 step 14 time 1992 ms
best 259349 step 188 time 23109 ms
best 258991 step 191 time 23357 ms
best 257802 step 295 time 35546 ms
best 257447 step 320 time 38400 ms
best 257401 step 321 time 38453 ms
best 255883 step 341 time 40776 ms
best 254793 step 2815 time 328920 ms
best 252990 step 2816 time 329100 ms
done 0 21 65 68 1 36 25 58 70 23 4 77 55 66 33 34 16 20 74 31 40 3 8 56 27 69 17 73 75 53 44 11 49 22 57 5 45 80 30 18 14 50 46 19 10 6 61 52 79 7 32 12 63 76 29 38 41 51 78 62 28 47 35 9 48 13 37 43 42 60 64 39 2 26 15 71 72 67 24 54 59
best 252990
time 950010 ms
seed 4
