jobs 90
mach 20
init 0 4 76 53 89 30 35 65 69 12 31 77 5 46 25 9 33 55 27 58 80 44 57 52 72 17 73 67 42 62 14 36 29 64 41 45 32 6 1 24 3 79 26 83 54 70 66 78 48 37 90 85 28 43 39 34 2 60 50 20 7 61 88 81 87 15 84 13 51 75 71 59 10 63 8 21 47 74 38 11 49 68 19 82 16 18 40 23 86 22 56
best 378225
best 368852 step 1 time 570 ms
best 362188 step 6 time 1426 ms
best 361535 step 7 time 1539 ms
best 361263 step 8 time 1740 ms
best 359497 step 9 time 1972 ms
best 359219 step 10 time 2135 ms
best 350671 step 11 time 2537 ms
best 350157 step 22 time 4348 ms
best 347657 step 34 time 6099 ms
best 346079 step 36 time 6480 ms
best 344147 step 37 time 6670 ms
best 344125 step 50 time 8946 ms
best 342612 step 79 time 14131 ms
best 340942 step 81 time 14394 ms
best 339725 step 4071 time 679724 ms
done 0 42 69 46 35 76 12 89 53 4 31 62 65 25 54 9 77 55 5 33 58 27 80 44 36 57 52 37 32 13 72 28 88 45 64 17 67 26 66 83 1 14 6 81 70 78 79 90 85 29 48 30 50 43 73 87 39 2 60 61 3 15 34 74 7 20 41 10 59 24 84 63 51 75 8 21 71 11 68 19 47 38 16 82 49 40 86 18 22 23 56
best 339725
time 950035 ms
seed 4
