jobs 90
mach 20
init 0 36 78 15 12 6 75 60 34 72 66 56 71 11 82 87 51 86 83 57 46 52 61 39 10 20 50 21 35 13 17 67 55 90 58 48 32 26 28 4 44 84 33 65 2 69 29 22 89 53 54 42 88 27 63 14 8 3 77 31 16 30 76 85 25 49 80 37 68 23 73 81 62 5 41 7 64 79 38 18 43 47 45 24 1 59 9 19 74 70 40
best 338845
best 327543 step 2 time 907 ms
best 325760 step 3 time 1147 ms
best 321400 step 4 time 1370 ms
best 318681 step 5 time 1521 ms
best 318567 step 6 time 1617 ms
best 318467 step 24 time 4610 ms
best 317379 step 27 time 5346 ms
best 317032 step 30 time 6209 ms
best 316648 step 33 time 6836 ms
best 312175 step 55 time 10961 ms
best 311924 step 514 time 90649 ms
best 310411 step 2184 time 378088 ms
best 309818 step 3644 time 625488 ms
best 309638 step 5329 time 912202 ms
done 0 12 60 78 55 72 15 6 71 11 83 56 34 88 61 66 31 2 20 51 86 21 46 82 75 57 52 67 35 50 13 39 32 58 44 90 28 33 10 48 26 80 4 65 37 22 69 77 54 53 42 36 27 89 87 3 29 8 14 63 17 16 84 30 85 49 76 79 41 23 25 43 62 73 81 18 47 68 70 1 9 7 5 74 45 64 24 38 59 19 40
best 309638
time 950024 ms
seed 4
