jobs 90
mach 20
init 0 5 88 52 13 64 65 44 30 57 81 73 53 67 1 75 32 61 76 4 42 60 72 66 77 2 51 43 63 68 8 7 20 3 50 55 87 80 89 24 22 39 46 90 27 31 70 10 86 40 49 25 47 19 69 78 82 79 58 21 37 33 17 56 38 48 28 71 11 26 12 85 16 14 74 34 15 23 36 84 35 83 29 6 54 9 41 18 59 62 45
best 311295
best 302123 step 1 time 710 ms
best 299932 step 3 time 915 ms
best 298043 step 4 time 1250 ms
best 297130 step 5 time 1464 ms
best 295453 step 19 time 3934 ms
best 293751 step 20 time 4168 ms
best 293573 step 25 time 4772 ms
best 293329 step 26 time 5097 ms
best 291322 step 511 time 83102 ms
best 290700 step 588 time 96311 ms
best 289593 step 590 time 96640 ms
done 0 52 65 13 5 30 64 66 57 75 44 81 32 53 42 1 61 20 55 76 7 77 67 60 43 2 51 4 63 3 86 87 8 50 24 88 73 22 39 70 68 80 31 46 19 90 27 49 37 10 25 40 69 21 26 47 12 78 82 71 11 17 79 89 15 85 33 36 56 38 72 28 48 23 74 16 34 58 62 83 14 59 29 6 45 9 84 35 18 54 41
best 289593
time 950119 ms
seed 4
