jobs 90
mach 20
init 0 36 58 15 43 90 49 11 7 74 54 21 12 71 79 6 85 38 48 20 28 24 66 44 17 31 76 18 3 68 41 46 83 22 61 57 27 81 60 62 34 33 70 37 45 2 23 87 72 63 25 84 29 51 75 56 26 50 47 13 19 73 69 88 59 5 35 80 16 30 67 39 53 10 42 78 8 89 55 77 1 14 32 52 82 65 64 4 40 9 86
best 426642
best 422690 step 1 time 622 ms
best 415209 step 5 time 1404 ms
best 413180 step 8 time 1782 ms
best 412100 step 19 time 3732 ms
best 410259 step 20 time 3881 ms
best 408105 step 22 time 4241 ms
best 407539 step 33 time 5998 ms
best 407481 step 184 time 31404 ms
best 406152 step 218 time 37289 ms
best 405748 step 221 time 37736 ms
best 405368 step 222 time 37943 ms
best 403370 step 235 time 40545 ms
best 403277 step 485 time 80045 ms
best 401592 step 1462 time 242721 ms
best 401069 step 2074 time 342044 ms
best 400914 step 2076 time 342206 ms
best 400785 step 2078 time 342459 ms
best 399198 step 2719 time 446454 ms
best 399149 step 4969 time 809561 ms
done 0 48 49 54 85 74 58 11 12 90 36 71 7 24 21 6 70 79 26 44 46 84 38 41 29 20 28 15 37 27 76 31 83 88 81 17 57 62 22 3 51 75 60 68 43 45 33 18 87 34 2 72 23 25 5 80 50 63 61 13 19 89 69 67 66 73 30 47 10 59 35 39 53 56 42 8 78 16 55 77 40 14 32 52 1 64 86 4 82 65 9
best 399149
time 950127 ms
seed 4
