jobs 90
mach 20
init 0 71 52 85 57 2 12 19 75 33 5 54 90 45 24 22 23 21 11 14 48 34 88 32 87 43 81 10 79 28 17 18 46 78 86 69 42 39 82 26 37 29 68 40 1 31 15 70 61 27 50 49 63 55 80 67 53 77 6 4 59 76 20 58 65 25 47 83 13 56 73 41 66 35 72 89 8 7 3 36 44 84 64 9 62 60 74 16 38 51 30
best 412855
best 412064 step 1 time 429 ms
best 396040 step 3 time 976 ms
best 392210 step 8 time 2014 ms
best 391635 step 9 time 2182 ms
best 391532 step 10 time 2374 ms
best 389283 step 15 time 3242 ms
best 388429 step 16 time 3516 ms
best 387646 step 41 time 7159 ms
best 377721 step 63 time 11520 ms
best 377569 step 88 time 15774 ms
best 376631 step 119 time 21470 ms
best 375273 step 120 time 21650 ms
best 373925 step 121 time 21868 ms
best 373166 step 125 time 22435 ms
best 369977 step 161 time 29012 ms
best 369800 step 162 time 29123 ms
best 369231 step 163 time 29296 ms
best 367988 step 166 time 29801 ms
done 0 52 57 85 12 33 2 20 67 71 81 42 27 24 54 14 77 5 46 88 48 32 31 11 45 10 39 68 22 43 37 63 34 75 23 69 26 78 19 87 79 28 17 18 82 86 70 4 40 61 29 1 55 90 6 50 15 59 65 25 58 80 73 49 47 53 76 21 72 13 8 36 56 89 3 41 62 35 83 66 44 64 38 7 51 60 84 74 9 30 16
best 367988
time 950164 ms
seed 4
