jobs 90
mach 20
init 0 35 46 45 60 32 79 29 90 43 26 75 34 13 61 64 63 50 70 1 62 39 44 53 66 24 88 41 20 25 49 89 82 87 17 47 51 8 23 57 48 58 37 3 7 77 36 56 15 84 19 16 52 80 76 83 2 73 71 72 85 14 86 27 28 10 67 74 30 6 42 40 38 55 5 21 11 9 69 78 33 68 18 65 81 4 54 22 59 31 12
best 387343
best 377289 step 2 time 841 ms
best 375008 step 4 time 1175 ms
best 371196 step 5 time 1506 ms
best 369357 step 7 time 2051 ms
best 367327 step 9 time 2415 ms
best 362026 step 11 time 2970 ms
best 362022 step 12 time 3208 ms
best 361471 step 13 time 3432 ms
best 361049 step 15 time 3823 ms
best 360949 step 16 time 4142 ms
best 357607 step 17 time 4377 ms
best 354864 step 45 time 9891 ms
best 353265 step 67 time 14346 ms
best 352940 step 2054 time 384544 ms
best 352484 step 2351 time 441431 ms
best 352183 step 2356 time 442022 ms
best 350684 step 2917 time 546520 ms
best 349191 step 2924 time 547610 ms
best 348884 step 2925 time 547797 ms
best 348547 step 2926 time 547922 ms
best 348036 step 4311 time 805659 ms
done 0 35 46 13 32 71 45 79 75 50 43 26 90 61 80 63 60 1 64 66 70 88 82 17 29 24 39 41 49 44 20 89 48 25 52 76 56 87 47 51 8 37 85 23 57 62 58 3 77 7 15 19 27 36 34 84 16 28 53 73 72 30 86 2 83 5 14 68 10 55 21 42 74 6 11 38 65 9 67 18 78 33 4 81 69 12 40 54 22 59 31
best 348036
time 950013 ms
seed 4
