jobs 90
mach 20
init 0 47 64 55 1 70 75 53 20 26 83 68 28 32 73 35 72 39 54 45 30 18 85 87 77 44 29 25 40 21 43 8 13 7 52 42 48 17 81 4 14 63 86 16 9 57 6 50 62 49 65 23 67 31 82 66 88 19 60 59 69 41 89 33 37 38 36 74 27 34 12 51 5 79 10 80 22 15 61 11 78 84 3 2 46 24 71 56 90 76 58
best 413126
best 405360 step 1 time 586 ms
best 397465 step 4 time 1015 ms
best 395772 step 10 time 1985 ms
best 392583 step 14 time 2724 ms
best 391429 step 79 time 13790 ms
best 390812 step 150 time 26146 ms
best 390500 step 193 time 33118 ms
best 389105 step 196 time 33629 ms
best 387471 step 344 time 57691 ms
best 385052 step 347 time 58280 ms
best 381560 step 348 time 58470 ms
best 381041 step 353 time 59427 ms
done 0 9 53 1 73 26 75 64 55 18 28 20 70 39 83 49 68 35 59 8 44 45 30 40 43 77 72 32 42 13 7 63 89 29 25 21 52 54 14 57 17 16 6 27 74 50 67 4 48 36 69 88 65 62 81 31 66 86 23 85 38 19 60 82 87 47 41 22 33 10 34 24 78 51 5 79 12 3 80 84 61 37 71 11 15 76 90 46 56 58 2
best 381041
time 950033 ms
seed 4
