jobs 90
mach 20
init 0 17 89 55 27 16 42 28 10 78 1 54 36 60 73 51 90 64 41 8 39 53 2 81 32 29 63 34 30 14 47 52 37 31 57 49 12 11 48 40 88 83 13 70 9 25 86 26 5 23 77 66 24 80 35 3 4 71 67 62 68 18 7 87 33 74 56 21 69 82 61 65 46 43 44 59 58 15 79 45 76 19 6 38 84 22 20 85 72 50 75
best 450523
best 429102 step 1 time 540 ms
best 423412 step 2 time 751 ms
best 423397 step 4 time 1096 ms
best 421200 step 12 time 2300 ms
best 420214 step 15 time 2892 ms
best 418638 step 16 time 3098 ms
best 417303 step 18 time 3535 ms
best 412802 step 27 time 5148 ms
best 411077 step 32 time 6316 ms
best 410894 step 33 time 6405 ms
best 409224 step 36 time 6902 ms
best 408490 step 39 time 7359 ms
best 407450 step 46 time 8816 ms
best 407263 step 62 time 11774 ms
best 407215 step 165 time 29408 ms
best 407111 step 178 time 32333 ms
best 406600 step 334 time 58382 ms
best 405658 step 487 time 84243 ms
best 404788 step 803 time 139248 ms
best 402877 step 1580 time 274500 ms
best 401237 step 1684 time 290942 ms
best 399076 step 1741 time 300128 ms
best 399025 step 1742 time 300249 ms
best 398148 step 1743 time 300343 ms
done 0 55 78 16 47 64 51 42 28 8 90 54 10 60 73 1 71 81 39 53 27 36 89 30 52 63 48 32 2 29 49 12 41 14 11 70 31 37 68 4 82 34 17 83 13 80 25 5 24 35 86 88 9 40 26 23 77 57 87 74 46 65 7 76 3 66 59 58 69 67 45 62 56 43 19 61 79 33 18 21 6 72 38 84 44 15 20 85 22 50 75
best 398148
time 950041 ms
seed 4
