jobs 100
mach 20
init 0 64 69 26 39 24 86 72 5 80 82 61 29 12 57 33 11 54 63 65 97 42 13 79 25 7 56 49 43 78 17 77 89 6 15 88 92 100 99 52 18 8 53 1 59 68 90 85 81 19 40 73 84 95 28 44 55 4 50 93 37 9 38 20 66 30 71 58 10 46 45 83 96 3 67 27 75 51 87 47 23 60 76 41 16 98 14 94 70 22 62 32 31 36 48 91 21 35 74 2 34
best 568970
best 552643 step 1 time 1009 ms
best 551742 step 3 time 1495 ms
best 547413 step 5 time 2301 ms
best 543009 step 6 time 2606 ms
best 541487 step 7 time 2945 ms
best 541299 step 8 time 3195 ms
best 537472 step 9 time 3452 ms
best 536200 step 12 time 4128 ms
best 535291 step 78 time 21304 ms
best 534471 step 83 time 22341 ms
best 531564 step 100 time 26504 ms
best 527729 step 101 time 26807 ms
best 524047 step 102 time 27175 ms
best 522867 step 990 time 253478 ms
best 518477 step 995 time 254495 ms
best 517436 step 997 time 254818 ms
best 516987 step 998 time 254974 ms
done 0 64 26 52 14 29 18 72 12 11 69 80 82 63 33 97 39 78 24 54 79 43 53 89 42 25 61 93 17 90 7 49 86 56 5 13 100 88 9 99 57 92 59 68 81 8 40 28 85 50 77 73 84 6 95 45 44 55 71 46 30 37 1 20 3 15 4 23 58 19 96 87 65 67 60 27 16 38 83 51 47 66 76 70 32 10 98 62 75 94 31 91 41 35 74 2 48 34 36 22 21
best 516987
time 950034 ms
seed 14
