jobs 100
mach 20
init 0 14 37 16 45 27 61 54 92 34 68 80 40 82 8 95 79 73 63 33 42 2 24 41 55 71 25 78 44 5 81 64 1 47 38 32 97 70 17 39 65 50 62 76 6 53 75 83 3 35 43 77 69 10 60 67 94 19 15 49 48 87 11 56 74 98 46 21 84 52 90 88 86 4 100 58 20 31 72 30 7 93 23 28 51 29 89 26 13 22 18 85 36 96 12 99 57 91 66 9 59
best 552085
best 541231 step 1 time 775 ms
best 537467 step 2 time 910 ms
best 537139 step 13 time 3825 ms
best 533770 step 15 time 4213 ms
best 530924 step 16 time 4510 ms
best 529747 step 17 time 4744 ms
best 529461 step 27 time 7811 ms
best 528413 step 30 time 8687 ms
best 524944 step 31 time 9006 ms
best 523721 step 35 time 10107 ms
best 523292 step 303 time 75967 ms
best 523043 step 305 time 76289 ms
best 522323 step 396 time 99632 ms
best 522189 step 638 time 158604 ms
best 521305 step 1841 time 458041 ms
best 520434 step 1856 time 461298 ms
best 519660 step 2380 time 590304 ms
best 519570 step 2382 time 591033 ms
best 518812 step 2383 time 591220 ms
best 518673 step 2551 time 630964 ms
done 0 16 30 63 27 61 37 25 54 48 78 71 68 92 80 40 95 44 8 3 79 94 33 24 19 2 45 5 42 41 1 55 81 97 62 32 64 53 82 39 47 70 65 77 34 38 11 17 50 43 6 75 83 73 10 46 86 69 14 35 76 49 67 100 28 90 87 60 21 58 98 31 15 84 72 52 7 4 88 56 74 93 20 29 36 26 51 89 85 23 18 96 22 13 99 57 12 91 59 66 9
best 518673
time 950175 ms
seed 14
