jobs 100
mach 20
init 0 47 26 22 99 21 61 29 25 36 15 11 95 30 2 35 16 89 96 55 85 80 81 69 83 38 32 17 87 31 13 37 8 40 24 91 75 92 50 90 53 94 14 3 72 63 1 23 28 10 59 44 68 56 18 19 33 41 79 45 66 77 4 86 57 54 97 65 67 78 27 34 51 48 100 58 7 70 98 5 93 74 46 88 42 49 43 73 20 62 84 82 6 39 60 64 52 76 71 9 12
best 484736
best 462565 step 1 time 1122 ms
best 459106 step 3 time 1818 ms
best 457589 step 20 time 7549 ms
best 454345 step 23 time 8538 ms
best 451955 step 26 time 9222 ms
best 447463 step 34 time 11399 ms
best 447361 step 124 time 41607 ms
best 443736 step 125 time 42168 ms
best 442316 step 126 time 42641 ms
best 439445 step 145 time 47871 ms
best 439305 step 146 time 48266 ms
best 435767 step 181 time 60269 ms
best 435690 step 183 time 60720 ms
best 435175 step 994 time 329130 ms
best 433961 step 2819 time 922970 ms
done 0 98 22 99 21 26 25 2 89 29 36 61 38 95 30 55 17 35 15 13 80 83 11 69 96 85 1 50 8 53 66 14 86 32 91 16 75 92 31 40 23 47 63 81 3 27 24 37 18 100 90 87 19 10 94 68 45 56 41 28 59 72 77 54 79 57 44 58 65 7 73 51 43 48 33 5 67 93 4 70 74 46 97 20 78 49 34 62 42 60 88 6 84 82 39 71 9 64 52 76 12
best 433961
time 950233 ms
seed 14
