jobs 100
mach 20
init 0 61 48 77 79 13 41 17 37 67 23 80 92 74 70 24 51 82 47 58 87 54 91 84 83 12 22 38 34 69 9 35 86 4 63 16 65 1 7 64 20 19 42 100 49 56 33 76 94 60 89 52 66 55 43 50 68 6 72 29 14 93 27 88 59 39 96 73 28 78 30 31 99 45 53 95 62 11 81 25 3 97 36 75 85 98 44 26 46 90 71 15 32 40 57 21 2 8 5 18 10
best 499687
best 499349 step 1 time 807 ms
best 497339 step 3 time 1419 ms
best 495369 step 5 time 2018 ms
best 491999 step 7 time 2495 ms
best 490825 step 71 time 18841 ms
best 489309 step 141 time 36919 ms
best 488320 step 145 time 37844 ms
best 487662 step 146 time 38175 ms
best 486177 step 173 time 45386 ms
best 485591 step 174 time 45718 ms
best 484555 step 178 time 46475 ms
best 484427 step 180 time 46796 ms
best 482841 step 186 time 48472 ms
best 482443 step 194 time 50383 ms
best 482328 step 430 time 109608 ms
best 480825 step 431 time 109762 ms
best 480783 step 738 time 188373 ms
best 479875 step 2120 time 539911 ms
best 478914 step 2633 time 669526 ms
best 478740 step 2638 time 670507 ms
best 478091 step 3435 time 872234 ms
best 477988 step 3436 time 872437 ms
best 477168 step 3606 time 913757 ms
done 0 61 13 41 17 77 79 51 37 58 67 92 38 70 80 89 74 23 54 24 12 87 35 86 83 82 22 42 63 16 69 34 9 91 94 1 66 56 64 65 20 33 52 84 4 19 14 7 72 31 6 60 96 76 27 100 43 62 68 93 95 50 53 48 88 59 73 55 81 78 39 28 47 45 15 49 29 97 75 25 3 85 30 36 98 32 99 26 11 44 71 2 21 46 40 57 90 5 8 10 18
best 477168
time 950022 ms
seed 14
