jobs 100
mach 20
init 0 23 62 37 34 21 1 17 52 32 98 16 75 60 87 25 44 70 29 88 5 45 19 71 12 61 27 51 26 81 18 84 80 77 10 55 50 40 85 97 9 22 64 66 68 69 82 83 86 79 11 42 58 36 6 59 65 49 90 2 95 53 73 94 56 63 24 20 91 39 89 76 78 46 33 92 47 54 41 99 8 30 31 13 67 15 100 35 7 14 96 3 28 74 4 72 93 57 48 43 38
best 580351
best 578331 step 1 time 1063 ms
best 576847 step 2 time 1293 ms
best 574163 step 3 time 1596 ms
best 573272 step 4 time 2282 ms
best 573237 step 5 time 2392 ms
best 566986 step 6 time 2592 ms
best 560901 step 7 time 2874 ms
best 559975 step 11 time 3939 ms
best 559059 step 14 time 4721 ms
best 557261 step 15 time 4874 ms
best 556500 step 16 time 5176 ms
best 555700 step 20 time 6225 ms
best 550249 step 21 time 6685 ms
best 549981 step 22 time 6897 ms
best 547260 step 23 time 7153 ms
best 544515 step 51 time 15096 ms
best 542943 step 63 time 18414 ms
best 541720 step 64 time 18589 ms
best 540756 step 107 time 29796 ms
best 540387 step 619 time 167551 ms
best 538369 step 777 time 208097 ms
best 534961 step 779 time 208455 ms
best 534943 step 998 time 265263 ms
best 531805 step 1257 time 332002 ms
best 531409 step 1258 time 332391 ms
best 529478 step 1259 time 332639 ms
best 529305 step 1849 time 486433 ms
done 0 23 62 1 45 17 75 37 21 80 52 32 55 16 25 34 71 98 27 40 44 60 61 77 66 29 42 84 68 19 81 79 12 88 18 50 11 69 64 87 53 39 51 22 94 95 85 89 97 59 5 83 70 26 58 86 65 82 2 76 90 73 10 9 41 78 49 54 24 33 56 36 20 47 6 99 63 31 30 13 92 67 35 91 100 15 14 7 96 3 28 8 46 4 93 74 72 38 48 43 57
best 529305
time 950225 ms
seed 14
