jobs 100
mach 20
init 0 56 62 39 3 57 94 66 10 14 46 16 74 81 83 55 24 38 26 93 23 29 11 69 96 68 25 30 33 97 15 71 54 91 17 64 98 21 41 12 49 19 92 100 76 52 18 36 95 75 9 2 6 70 80 13 77 34 27 1 63 43 51 4 61 78 82 31 32 88 84 79 50 8 7 42 59 86 73 67 44 72 58 37 5 53 48 35 87 60 20 28 90 65 85 45 89 40 99 47 22
best 615757
best 610263 step 3 time 1494 ms
best 600823 step 4 time 1807 ms
best 593083 step 8 time 2838 ms
best 587486 step 9 time 3063 ms
best 587164 step 13 time 3949 ms
best 583759 step 18 time 5000 ms
best 582994 step 59 time 16313 ms
best 580684 step 96 time 25845 ms
best 579419 step 98 time 26421 ms
best 578408 step 99 time 26659 ms
best 576056 step 101 time 27044 ms
best 575206 step 174 time 46727 ms
best 574357 step 175 time 46970 ms
best 574249 step 177 time 47359 ms
best 571708 step 179 time 48427 ms
best 570360 step 367 time 100713 ms
best 567743 step 3388 time 926979 ms
done 0 56 62 55 24 57 14 10 80 74 16 81 83 3 46 39 15 66 64 84 71 96 29 68 11 94 38 97 33 23 75 91 27 26 98 52 19 100 70 76 25 41 49 30 12 92 18 13 6 54 9 17 82 34 4 36 63 77 61 95 51 1 21 73 43 93 88 50 42 67 69 5 79 35 2 78 32 59 58 37 8 31 86 48 60 7 87 72 90 65 85 28 89 53 20 45 40 44 22 99 47
best 567743
time 950111 ms
seed 14
