jobs 100
mach 20
init 0 87 22 92 26 27 72 97 41 67 63 80 99 23 16 50 88 37 68 12 34 47 86 70 6 94 93 61 52 91 30 89 1 54 25 55 39 13 33 96 100 98 75 17 51 95 45 32 36 10 84 20 18 3 71 42 24 69 2 83 82 46 73 43 76 5 35 49 15 79 4 29 90 7 78 60 21 85 53 62 11 57 19 31 9 59 40 74 81 56 65 48 64 58 66 77 44 28 38 8 14
best 374560
best 371109 step 1 time 815 ms
best 366297 step 3 time 1458 ms
best 366094 step 19 time 5880 ms
best 364872 step 53 time 14329 ms
best 361342 step 120 time 32397 ms
best 359793 step 121 time 32594 ms
best 359225 step 123 time 33124 ms
best 357668 step 276 time 73528 ms
best 354449 step 444 time 119714 ms
best 354410 step 445 time 119837 ms
best 353961 step 807 time 212820 ms
done 0 72 63 22 26 92 80 97 27 67 99 88 37 50 16 87 41 52 68 47 12 34 91 93 70 23 86 6 98 13 25 33 61 30 51 95 96 55 1 24 89 39 17 100 71 32 84 54 20 69 36 18 46 45 83 82 3 10 94 2 73 75 21 60 43 15 79 42 4 9 29 76 85 35 49 62 11 5 90 7 53 78 74 56 19 40 57 31 48 64 58 65 66 59 44 28 81 14 38 8 77
best 353961
time 950050 ms
seed 14
