jobs 100
mach 20
init 0 67 92 75 71 11 86 94 4 56 54 16 53 2 83 10 20 60 17 100 65 76 33 58 59 23 91 82 47 25 43 64 36 21 84 32 95 69 26 41 73 44 1 97 55 49 34 38 78 52 46 96 37 39 12 6 89 63 74 30 15 81 98 99 13 40 19 29 42 62 18 8 45 57 70 3 90 35 66 51 31 27 80 14 28 50 7 85 61 22 24 79 87 48 68 9 93 72 88 5 77
best 478731
best 477236 step 5 time 2263 ms
best 473859 step 6 time 2573 ms
best 470847 step 7 time 2995 ms
best 470086 step 34 time 13410 ms
best 468836 step 36 time 13800 ms
best 464460 step 39 time 15131 ms
best 463943 step 113 time 38389 ms
best 463750 step 115 time 38835 ms
best 462691 step 116 time 39105 ms
best 460819 step 117 time 39463 ms
best 460818 step 151 time 48333 ms
best 460636 step 401 time 126377 ms
best 459748 step 505 time 159445 ms
best 457094 step 509 time 160806 ms
best 455768 step 1102 time 335752 ms
best 454798 step 1183 time 360453 ms
best 454245 step 1184 time 360638 ms
best 454239 step 1185 time 360799 ms
best 453729 step 1187 time 361571 ms
best 453698 step 2672 time 812038 ms
done 0 67 75 71 11 16 4 92 94 60 53 2 83 54 86 65 56 64 76 17 10 20 33 58 96 59 23 47 100 89 25 69 91 82 21 46 95 43 41 32 78 52 36 81 73 13 55 97 37 6 49 38 1 39 84 99 44 74 30 15 98 12 3 29 57 40 26 34 8 45 19 70 42 35 63 62 18 51 27 85 31 7 50 90 80 14 28 22 9 24 79 66 68 5 87 48 61 93 72 88 77
best 453698
time 950009 ms
seed 14
