jobs 100
mach 20
init 0 88 52 65 100 16 34 23 51 24 19 17 53 70 56 10 8 35 54 28 98 38 31 37 67 81 96 2 45 91 18 43 33 74 73 44 99 63 36 75 97 80 3 86 21 93 82 79 58 69 90 20 46 71 1 47 15 76 60 50 85 72 11 94 29 92 83 61 89 41 26 59 22 48 42 57 64 6 62 84 27 32 68 40 13 66 7 30 14 12 95 87 25 39 5 55 4 77 49 78 9
best 491907
best 490839 step 1 time 690 ms
best 468610 step 2 time 1051 ms
best 468211 step 6 time 2131 ms
best 459944 step 12 time 3678 ms
best 458112 step 85 time 23106 ms
best 457388 step 87 time 23645 ms
best 457327 step 411 time 106335 ms
best 452564 step 412 time 106599 ms
best 452498 step 557 time 143532 ms
best 451792 step 2067 time 541684 ms
best 450566 step 2878 time 748161 ms
done 0 88 18 73 100 16 23 24 53 58 38 19 70 52 35 1 51 98 54 34 31 37 67 81 96 3 33 91 56 74 2 45 20 65 10 79 36 63 99 17 21 8 69 43 75 85 82 61 41 86 76 90 80 89 44 46 29 15 71 83 60 48 93 28 72 11 92 26 22 47 13 84 50 40 59 97 30 57 64 6 25 12 62 42 68 27 66 32 14 95 94 87 7 4 5 55 77 39 49 9 78
best 450566
time 950080 ms
seed 14
