jobs 100
mach 20
init 0 48 31 25 100 64 99 45 96 19 21 38 23 92 97 35 52 4 75 77 63 65 51 68 79 9 95 89 22 39 87 86 29 6 83 24 32 70 1 50 66 60 94 82 37 17 73 36 71 85 59 91 44 42 2 93 49 14 41 98 62 34 11 16 3 47 72 13 7 18 40 84 88 54 8 53 27 76 90 61 30 56 67 78 15 55 80 26 20 10 12 28 46 5 43 58 33 81 69 74 57
best 503704
best 496646 step 1 time 749 ms
best 482454 step 5 time 2137 ms
best 478376 step 7 time 2650 ms
best 473856 step 17 time 5258 ms
best 471881 step 39 time 10952 ms
best 471292 step 40 time 11188 ms
best 471198 step 46 time 12711 ms
best 470885 step 147 time 40545 ms
best 470769 step 148 time 40782 ms
best 470756 step 149 time 41020 ms
best 468321 step 315 time 83709 ms
best 467944 step 853 time 225794 ms
best 467320 step 1509 time 406104 ms
best 465186 step 1780 time 481667 ms
best 464508 step 1781 time 481977 ms
best 464077 step 1826 time 494873 ms
best 464076 step 1827 time 495133 ms
best 464051 step 1833 time 496191 ms
best 462294 step 1841 time 498674 ms
done 0 31 75 25 1 92 4 48 38 97 73 23 19 21 65 99 82 35 63 64 100 52 51 9 95 68 39 87 96 45 32 24 29 77 6 86 16 83 49 70 50 94 66 60 17 79 22 36 71 59 85 44 89 37 98 47 93 91 78 42 41 62 3 11 88 7 34 14 72 18 13 90 30 8 2 15 84 53 27 55 76 61 40 80 56 67 26 54 20 10 33 12 28 46 43 5 58 69 81 74 57
best 462294
time 950086 ms
seed 14
