jobs 50
mach 20
init 0 16 28 38 35 47 46 32 42 20 31 21 43 12 26 11 36 48 33 44 45 6 17 10 9 14 23 19 25 7 40 15 2 8 18 50 13 41 1 39 49 27 4 29 37 3 22 5 24 34 30
best 27374
best 27311 step 2 time 73 ms
best 27011 step 4 time 119 ms
best 26849 step 6 time 151 ms
best 25648 step 12 time 287 ms
best 24899 step 14 time 338 ms
best 24766 step 64 time 1340 ms
best 24301 step 273 time 5569 ms
best 23887 step 277 time 5679 ms
best 23770 step 278 time 5700 ms
done 0 46 43 16 35 38 47 32 42 20 31 48 21 33 12 26 11 36 45 28 6 44 17 10 9 14 23 19 25 7 40 15 2 8 18 50 13 41 49 39 22 27 1 4 29 37 3 24 34 30 5
best 23770
time 950013 ms
seed 14
