jobs 60
mach 20
init 0 25 32 46 38 59 40 17 12 21 16 42 57 53 29 3 2 60 31 14 49 24 15 13 19 23 41 55 9 39 48 52 37 45 18 10 5 43 47 28 33 56 27 50 6 26 44 30 4 35 11 7 20 36 58 54 22 1 8 34 51
best 107700
best 103769 step 1 time 151 ms
best 102862 step 2 time 173 ms
best 100558 step 7 time 297 ms
best 97939 step 11 time 419 ms
best 97911 step 13 time 474 ms
best 97730 step 46 time 1524 ms
best 97231 step 186 time 5921 ms
best 96926 step 321 time 10370 ms
best 96898 step 328 time 10538 ms
best 96246 step 335 time 10852 ms
best 95809 step 698 time 23809 ms
best 95539 step 916 time 31511 ms
best 95399 step 1024 time 35456 ms
best 94578 step 1071 time 37106 ms
best 94242 step 4290 time 152399 ms
done 0 20 46 25 32 38 12 40 9 17 21 59 45 42 57 53 60 16 29 31 49 15 3 2 55 14 24 43 13 39 23 41 19 37 50 52 48 47 18 5 10 33 28 6 58 26 44 30 35 56 4 7 27 36 11 54 22 1 8 34 51
best 94242
time 950002 ms
seed 14
