jobs 60
mach 20
init 0 41 4 58 48 11 26 21 3 37 12 43 33 30 17 60 9 57 24 22 34 7 32 19 18 27 46 25 5 6 56 52 59 51 23 2 39 36 35 38 47 1 28 50 15 16 31 10 8 40 29 13 49 53 54 55 44 45 14 42 20
best 128471
best 125193 step 2 time 284 ms
best 124650 step 9 time 527 ms
best 124293 step 15 time 769 ms
best 121538 step 16 time 849 ms
best 120611 step 17 time 989 ms
best 120401 step 20 time 1091 ms
best 120225 step 23 time 1210 ms
best 120042 step 30 time 1471 ms
best 118035 step 46 time 2196 ms
best 117676 step 442 time 20474 ms
best 117544 step 443 time 20515 ms
best 116740 step 446 time 20681 ms
best 116399 step 449 time 20787 ms
done 0 37 41 26 58 25 48 11 4 35 3 22 24 43 12 21 30 32 60 33 9 57 18 34 7 19 27 5 17 59 56 2 38 15 6 51 52 23 14 13 46 39 47 1 28 50 16 8 36 10 40 29 49 55 53 31 54 44 45 42 20
best 116399
time 950015 ms
seed 14
