jobs 60
mach 20
init 0 36 5 58 31 52 38 55 21 28 44 42 4 22 47 20 9 54 14 33 41 40 6 23 35 15 27 30 10 39 1 53 18 25 7 29 12 43 24 3 2 57 37 50 45 48 32 13 16 34 8 46 60 49 11 51 59 26 19 17 56
best 91419
best 90941 step 4 time 247 ms
best 89340 step 5 time 289 ms
best 89025 step 7 time 339 ms
best 85988 step 10 time 409 ms
best 84884 step 20 time 766 ms
best 84634 step 24 time 881 ms
best 84379 step 26 time 942 ms
best 84371 step 27 time 986 ms
best 84350 step 30 time 1100 ms
best 83616 step 31 time 1135 ms
best 83604 step 6398 time 211644 ms
best 83544 step 10928 time 358744 ms
done 0 53 31 36 58 38 5 55 42 9 28 4 20 22 52 21 47 44 6 54 14 41 40 33 23 35 25 15 27 1 39 10 30 18 29 2 7 43 24 3 37 13 57 16 12 32 34 50 8 46 49 48 60 51 59 11 45 26 19 17 56
best 83544
time 950010 ms
seed 14
