jobs 60
mach 20
init 0 5 52 30 16 34 2 9 56 47 55 17 21 33 31 48 26 22 41 39 42 38 14 36 35 1 28 59 11 29 32 15 8 7 4 13 57 40 60 20 24 46 51 25 18 27 19 3 6 37 10 43 58 12 54 23 49 45 50 53 44
best 73265
best 72702 step 18 time 884 ms
best 72010 step 47 time 2283 ms
best 71782 step 486 time 22005 ms
best 71675 step 487 time 22085 ms
best 71258 step 783 time 35169 ms
best 71132 step 784 time 35208 ms
best 70914 step 821 time 36910 ms
best 70589 step 823 time 37002 ms
best 70352 step 825 time 37097 ms
best 69885 step 962 time 43042 ms
best 69732 step 3664 time 170133 ms
best 69726 step 7963 time 366621 ms
done 0 47 31 16 34 56 9 2 21 59 33 26 17 48 7 38 55 28 52 39 22 41 29 36 35 1 32 14 11 30 8 13 15 57 5 60 4 40 51 20 24 42 6 25 27 19 54 3 46 37 10 23 58 45 12 49 18 50 43 44 53
best 69726
time 950004 ms
seed 14
