jobs 60
mach 20
init 0 4 43 53 47 33 8 60 59 50 11 3 28 46 20 34 52 42 51 40 45 48 5 49 32 44 31 55 25 18 30 1 7 57 10 24 19 21 37 12 22 36 26 58 41 54 15 17 16 56 29 6 14 39 35 9 13 27 38 23 2
best 65091
best 62069 step 1 time 117 ms
best 57112 step 2 time 169 ms
best 56979 step 10 time 370 ms
best 53260 step 12 time 481 ms
best 53241 step 729 time 26192 ms
best 53155 step 2242 time 79575 ms
best 53118 step 2243 time 79608 ms
best 53082 step 8599 time 308090 ms
best 52680 step 9153 time 328268 ms
best 52665 step 9156 time 328320 ms
best 51744 step 9162 time 328476 ms
best 51667 step 19746 time 706482 ms
done 0 47 32 20 33 8 60 7 50 11 3 42 28 46 34 59 4 52 18 51 53 40 43 45 5 48 1 44 31 57 55 25 30 54 49 10 24 22 19 21 37 12 26 58 41 56 15 16 17 36 29 14 9 6 39 35 13 27 23 38 2
best 51667
time 950006 ms
seed 14
