jobs 70
mach 20
init 0 6 47 45 34 53 54 15 26 56 42 5 37 17 13 60 67 57 10 33 12 11 7 52 44 69 24 22 59 32 16 35 68 23 49 30 9 63 21 8 61 70 40 43 28 25 14 65 58 50 19 46 4 41 39 55 51 38 27 18 20 31 64 1 36 62 66 48 29 3 2
best 154580
best 149017 step 2 time 290 ms
best 149016 step 4 time 414 ms
best 146200 step 6 time 632 ms
best 145211 step 66 time 4171 ms
best 145173 step 139 time 8687 ms
best 143778 step 140 time 8796 ms
best 143704 step 202 time 12991 ms
best 143375 step 208 time 13389 ms
best 142289 step 220 time 14211 ms
best 141476 step 346 time 22129 ms
best 141032 step 348 time 22214 ms
best 139681 step 1397 time 91444 ms
best 138826 step 1845 time 120628 ms
best 138736 step 1846 time 120662 ms
done 0 23 56 42 45 34 13 55 53 15 26 5 37 49 17 60 57 67 69 33 11 10 7 44 52 68 21 24 16 22 32 59 6 30 9 12 47 43 8 35 4 70 40 28 25 63 61 65 54 14 58 50 19 46 41 38 20 64 39 51 18 27 31 1 36 62 66 48 29 3 2
best 138736
time 950058 ms
seed 14
