jobs 70
mach 20
init 0 3 53 59 41 13 51 14 15 43 58 22 49 9 10 21 25 28 61 47 27 6 52 68 4 32 16 36 62 55 11 29 35 20 12 48 37 46 66 31 65 1 57 30 54 42 67 38 70 7 26 39 24 18 63 56 19 40 45 69 60 2 34 64 44 23 50 17 33 5 8
best 146579
best 139568 step 1 time 291 ms
best 137347 step 4 time 423 ms
best 137187 step 5 time 521 ms
best 136488 step 10 time 916 ms
best 135465 step 17 time 1433 ms
best 135344 step 18 time 1520 ms
best 134056 step 24 time 1964 ms
best 128328 step 26 time 2085 ms
best 128317 step 27 time 2152 ms
best 127314 step 190 time 12526 ms
best 127305 step 191 time 12621 ms
best 127147 step 1485 time 102166 ms
best 126798 step 2410 time 162799 ms
best 126652 step 2836 time 190469 ms
best 125984 step 3959 time 264203 ms
best 125891 step 8086 time 535995 ms
best 125852 step 8546 time 565672 ms
best 124437 step 10164 time 671756 ms
best 124315 step 10165 time 671793 ms
done 0 53 59 15 41 22 21 25 43 28 61 58 3 49 9 14 47 10 32 68 52 62 6 16 37 4 13 46 66 20 57 36 31 35 11 29 55 12 48 65 54 42 1 51 67 38 70 27 40 26 39 30 18 24 19 63 2 56 34 33 64 44 69 23 7 45 60 50 17 8 5
best 124315
time 950056 ms
seed 14
