jobs 70
mach 20
init 0 47 34 53 32 16 20 55 38 56 3 50 27 70 11 26 2 41 15 42 68 64 22 7 13 54 25 12 4 1 65 10 30 52 14 39 36 21 28 45 57 35 17 37 33 8 44 51 9 24 66 59 62 6 61 31 63 46 67 60 29 48 40 69 18 43 23 19 58 49 5
best 159029
best 155021 step 2 time 358 ms
best 151469 step 5 time 683 ms
best 151237 step 7 time 836 ms
best 150902 step 8 time 909 ms
best 148081 step 17 time 1722 ms
best 147670 step 189 time 15866 ms
best 147509 step 190 time 15981 ms
best 146819 step 205 time 17468 ms
best 146765 step 206 time 17550 ms
best 146077 step 208 time 17683 ms
best 145737 step 702 time 59872 ms
best 145675 step 719 time 61147 ms
best 145184 step 1593 time 133506 ms
best 145107 step 7661 time 643055 ms
best 145100 step 7662 time 643112 ms
best 144737 step 10346 time 872482 ms
done 0 47 34 32 55 16 27 53 70 20 56 38 3 4 41 50 64 54 26 2 12 15 28 68 22 7 13 25 21 42 11 14 30 1 65 10 52 33 36 35 44 45 57 67 37 6 8 9 39 17 24 66 62 63 51 61 69 59 48 46 18 29 43 40 31 60 19 23 58 49 5
best 144737
time 950068 ms
seed 14
