jobs 70
mach 20
init 0 45 7 69 49 1 67 39 36 17 55 2 44 31 65 14 56 12 23 5 13 70 6 32 58 8 61 28 38 60 37 4 33 41 64 59 66 42 43 18 30 51 22 19 29 26 62 20 25 52 50 68 9 21 46 34 48 57 15 16 47 10 27 63 54 11 24 40 53 3 35
best 150250
best 147130 step 2 time 406 ms
best 146087 step 4 time 484 ms
best 144735 step 5 time 531 ms
best 143725 step 6 time 568 ms
best 143345 step 9 time 710 ms
best 141075 step 38 time 2782 ms
best 140770 step 47 time 3375 ms
best 140059 step 133 time 9325 ms
best 139510 step 228 time 16899 ms
best 139285 step 303 time 21894 ms
best 138694 step 304 time 21927 ms
best 137420 step 305 time 22087 ms
best 137012 step 1126 time 80723 ms
best 136823 step 1127 time 80783 ms
best 136054 step 1128 time 80869 ms
best 135600 step 1129 time 80948 ms
best 134860 step 2885 time 206593 ms
best 134485 step 2886 time 206663 ms
done 0 45 69 55 70 7 17 46 65 14 67 39 23 5 32 36 2 44 49 56 12 13 6 60 25 59 58 8 28 38 37 22 64 61 33 43 4 41 18 29 19 66 30 51 42 50 62 31 68 52 34 9 21 26 10 48 20 15 16 1 54 11 47 27 63 35 24 53 3 57 40
best 134485
time 950011 ms
seed 14
