jobs 80
mach 20
init 0 23 47 28 75 22 77 59 56 79 80 12 61 38 37 6 36 55 7 26 14 74 40 18 69 16 33 11 58 71 70 54 43 42 51 49 30 53 21 8 13 52 32 63 67 66 45 24 65 27 9 62 4 76 5 34 17 57 50 72 64 10 60 35 2 15 46 48 39 41 29 25 20 31 3 1 73 78 68 44 19
best 302863
best 302833 step 9 time 1458 ms
best 300858 step 35 time 4527 ms
best 299535 step 142 time 16691 ms
best 299491 step 162 time 18637 ms
best 297217 step 166 time 19191 ms
best 296953 step 167 time 19287 ms
best 296257 step 298 time 33317 ms
best 296112 step 299 time 33461 ms
best 296054 step 301 time 33701 ms
best 295857 step 302 time 33804 ms
best 295107 step 510 time 56401 ms
best 291562 step 514 time 56862 ms
best 291173 step 2100 time 231511 ms
best 289072 step 2815 time 311253 ms
best 288940 step 4864 time 536219 ms
best 288096 step 4866 time 536393 ms
best 287049 step 4867 time 536541 ms
best 286943 step 4869 time 536612 ms
done 0 47 79 36 59 23 77 28 55 6 37 21 38 40 22 12 61 80 56 69 45 70 7 11 14 27 18 33 74 26 54 51 43 42 53 75 16 71 30 49 52 32 66 63 5 24 65 9 8 62 4 60 58 67 10 34 17 57 72 46 50 64 35 13 15 48 2 76 29 41 73 25 20 39 3 78 31 1 44 68 19
best 286943
time 950029 ms
seed 14
