jobs 80
mach 20
init 0 56 47 31 32 57 50 29 59 64 34 21 38 15 60 67 66 18 17 71 41 3 4 62 72 2 42 43 74 7 54 22 49 44 8 73 13 14 63 23 76 48 30 78 11 52 55 36 45 75 58 53 35 61 19 40 46 69 39 77 28 33 20 27 68 5 25 6 16 12 10 80 51 79 65 26 24 9 1 37 70
best 304601
best 303052 step 1 time 526 ms
best 302532 step 2 time 625 ms
best 301640 step 3 time 830 ms
best 298618 step 4 time 1040 ms
best 298165 step 7 time 1620 ms
best 297509 step 8 time 1766 ms
best 293879 step 9 time 1951 ms
best 293187 step 47 time 8322 ms
best 291764 step 54 time 8960 ms
best 291656 step 58 time 9553 ms
best 290683 step 59 time 9760 ms
best 288232 step 110 time 16737 ms
best 287942 step 111 time 16842 ms
best 284202 step 298 time 43111 ms
best 283841 step 311 time 44764 ms
best 283665 step 314 time 45037 ms
done 0 38 56 47 31 59 17 29 21 3 32 64 50 34 57 15 7 18 67 72 54 71 4 62 66 2 8 43 49 60 74 20 22 23 11 41 13 44 69 36 48 42 14 63 73 53 52 30 45 39 58 76 55 78 75 46 35 40 27 28 19 68 10 80 33 77 25 61 16 79 6 24 1 51 26 65 12 5 9 37 70
best 283665
time 950048 ms
seed 14
