jobs 80
mach 20
init 0 5 9 60 52 75 28 48 36 49 35 39 7 18 21 73 32 44 11 10 23 31 4 64 70 33 68 1 74 13 34 24 25 12 14 69 17 43 62 57 59 45 20 55 8 26 16 51 61 66 6 37 22 46 15 42 2 56 50 80 76 29 58 30 38 19 41 63 77 71 79 78 40 47 3 72 65 27 53 54 67
best 204140
best 200497 step 1 time 391 ms
best 196375 step 2 time 664 ms
best 195502 step 3 time 764 ms
best 194988 step 22 time 2744 ms
best 194301 step 24 time 2920 ms
best 192111 step 48 time 4949 ms
best 191700 step 74 time 7704 ms
best 191544 step 76 time 7872 ms
best 191196 step 92 time 9595 ms
best 191162 step 145 time 15792 ms
best 189401 step 149 time 16208 ms
best 189198 step 150 time 16312 ms
best 188760 step 509 time 54597 ms
best 188759 step 511 time 54754 ms
best 188324 step 815 time 86934 ms
best 188321 step 816 time 87152 ms
best 187382 step 5181 time 548287 ms
done 0 5 9 52 75 28 48 74 49 60 35 39 32 73 36 21 18 44 59 11 4 31 10 33 13 1 24 68 61 69 64 43 70 34 25 12 62 23 17 7 14 20 2 46 8 26 45 57 37 16 51 66 55 6 80 50 15 76 42 29 56 38 72 22 30 58 71 63 78 3 79 41 54 47 65 77 53 40 67 27 19
best 187382
time 950067 ms
seed 14
