jobs 80
mach 20
init 0 19 24 45 78 42 75 1 56 41 14 20 63 76 61 46 7 35 10 12 44 49 29 22 31 60 33 57 27 71 17 51 72 69 34 79 3 53 4 66 30 48 26 5 32 21 77 73 28 16 15 39 9 67 80 74 8 18 2 40 62 59 58 11 50 23 25 70 64 68 47 38 54 36 6 13 43 55 37 65 52
best 193978
best 186771 step 1 time 476 ms
best 186746 step 2 time 527 ms
best 183256 step 5 time 980 ms
best 181798 step 89 time 12339 ms
best 181770 step 134 time 18016 ms
best 181016 step 135 time 18153 ms
best 178989 step 136 time 18355 ms
best 177929 step 382 time 48232 ms
best 176852 step 1004 time 127360 ms
best 176265 step 1817 time 228664 ms
best 176008 step 1818 time 228789 ms
done 0 19 3 45 24 46 42 1 78 56 63 75 20 14 76 61 12 7 22 29 27 49 41 44 33 57 31 60 10 11 17 71 69 79 72 34 53 4 66 30 48 26 5 32 59 15 77 73 28 51 35 21 39 9 74 8 16 67 80 40 2 68 50 25 62 70 64 38 23 37 55 54 18 58 43 47 36 6 13 52 65
best 176008
time 950149 ms
seed 14
