jobs 80
mach 20
init 0 12 70 45 1 35 55 65 2 68 43 34 54 6 13 7 74 72 67 47 71 22 37 50 26 32 48 8 51 23 25 17 53 27 29 33 36 40 64 15 49 52 39 57 61 66 75 16 41 4 60 42 46 38 78 56 21 73 5 20 3 14 58 9 18 80 79 30 76 63 62 11 77 59 31 44 28 19 24 69 10
best 206455
best 203503 step 1 time 297 ms
best 202947 step 5 time 575 ms
best 201630 step 6 time 749 ms
best 195863 step 11 time 1283 ms
best 194839 step 12 time 1490 ms
best 188547 step 14 time 1731 ms
best 188519 step 15 time 1809 ms
best 186906 step 16 time 1934 ms
best 182379 step 29 time 3550 ms
best 182375 step 31 time 3681 ms
best 180281 step 32 time 3788 ms
best 178397 step 65 time 7756 ms
best 177096 step 94 time 10952 ms
best 176463 step 95 time 11070 ms
best 174487 step 104 time 12122 ms
best 173870 step 286 time 33913 ms
best 173519 step 288 time 34213 ms
best 172207 step 2693 time 309472 ms
done 0 55 2 1 45 13 43 68 67 71 70 34 6 54 7 8 72 47 74 22 48 37 78 26 32 50 46 23 51 27 29 40 17 9 53 35 39 25 65 33 61 4 49 52 15 5 66 75 38 3 36 18 16 60 21 42 57 56 73 14 64 80 63 41 30 19 58 79 20 76 77 59 31 28 62 24 11 69 44 12 10
best 172207
time 950048 ms
seed 14
