jobs 80
mach 20
init 0 47 9 5 25 53 3 1 48 72 2 21 15 76 59 45 44 18 80 31 43 77 67 30 4 62 69 55 29 78 40 79 73 12 57 32 22 16 39 74 14 19 71 50 65 70 75 27 51 63 17 11 24 26 64 28 66 36 68 49 35 41 6 46 60 33 42 13 56 7 52 8 20 10 58 34 37 23 38 54 61
best 232475
best 230989 step 4 time 711 ms
best 226815 step 5 time 965 ms
best 225309 step 8 time 1433 ms
best 224138 step 14 time 2229 ms
best 223825 step 15 time 2297 ms
best 223571 step 19 time 2791 ms
best 222667 step 98 time 13437 ms
best 221450 step 141 time 18445 ms
best 220764 step 229 time 29474 ms
best 219453 step 236 time 30286 ms
best 219313 step 237 time 30386 ms
best 219292 step 245 time 31398 ms
best 218482 step 247 time 31583 ms
best 218075 step 330 time 41592 ms
best 217393 step 373 time 47064 ms
best 216859 step 503 time 63508 ms
best 215855 step 680 time 86846 ms
best 215769 step 682 time 86991 ms
best 215170 step 1391 time 177872 ms
best 215156 step 1400 time 178726 ms
best 214219 step 1995 time 252049 ms
best 214146 step 3053 time 385438 ms
best 213737 step 5133 time 644511 ms
done 0 47 5 26 21 25 53 1 3 59 15 48 18 2 45 55 43 77 76 72 67 44 31 28 80 57 30 40 79 73 71 4 39 29 69 63 22 16 9 11 12 74 50 32 65 19 75 27 51 17 62 78 14 60 41 70 66 68 42 36 24 64 13 7 52 56 46 35 20 33 8 10 58 34 49 37 6 23 54 38 61
best 213737
time 950004 ms
seed 14
