jobs 80
mach 20
init 0 66 25 58 41 47 53 17 71 29 62 19 18 14 42 63 4 1 2 21 15 50 65 12 11 38 55 73 22 79 57 37 3 70 6 75 59 74 52 13 30 72 28 7 39 77 35 78 54 23 31 61 60 26 76 67 20 33 10 40 24 34 44 69 49 27 36 64 46 5 32 80 9 8 45 43 68 56 16 51 48
best 274339
best 266432 step 1 time 622 ms
best 265621 step 2 time 748 ms
best 264979 step 6 time 1353 ms
best 262183 step 9 time 1615 ms
best 260695 step 10 time 1720 ms
best 260680 step 12 time 1891 ms
best 256181 step 16 time 2285 ms
best 256103 step 17 time 2364 ms
best 254275 step 19 time 2598 ms
best 253477 step 20 time 2746 ms
best 251075 step 21 time 3011 ms
best 250805 step 45 time 5898 ms
best 250371 step 46 time 6071 ms
best 248711 step 98 time 12392 ms
best 245806 step 100 time 12615 ms
best 245648 step 108 time 13572 ms
best 245552 step 307 time 38229 ms
best 245520 step 309 time 38503 ms
best 245457 step 310 time 38573 ms
best 244366 step 312 time 38812 ms
best 243923 step 696 time 84078 ms
best 243653 step 1808 time 215077 ms
best 242753 step 3778 time 446076 ms
done 0 66 12 53 47 17 25 2 18 57 71 29 62 19 58 42 14 4 38 41 11 65 52 76 63 20 15 50 73 79 55 70 37 22 21 72 59 6 13 75 74 77 28 61 39 30 35 1 78 54 23 33 24 60 40 26 3 44 34 10 7 67 36 80 64 31 9 49 8 43 46 27 5 32 69 48 68 56 16 51 45
best 242753
time 950039 ms
seed 14
