jobs 90
mach 20
init 0 83 8 47 64 42 28 78 51 10 54 90 36 34 27 41 81 73 1 39 53 2 89 52 49 63 11 48 31 30 14 60 55 37 68 45 70 32 29 12 57 13 80 9 40 5 25 26 88 86 71 77 35 87 23 74 17 4 7 24 58 3 21 82 69 67 56 61 16 19 62 46 6 65 33 66 76 18 59 44 20 79 84 15 85 43 22 38 50 72 75
best 446053
best 436972 step 1 time 799 ms
best 434857 step 3 time 1081 ms
best 434344 step 4 time 1182 ms
best 425848 step 5 time 1369 ms
best 413493 step 7 time 1784 ms
best 410298 step 8 time 1990 ms
best 409904 step 9 time 2275 ms
best 407419 step 13 time 2897 ms
best 407417 step 15 time 3165 ms
best 405974 step 20 time 4108 ms
best 405509 step 60 time 11043 ms
best 404788 step 65 time 11979 ms
best 404530 step 124 time 23217 ms
best 403584 step 125 time 23383 ms
best 403206 step 963 time 176351 ms
best 403064 step 1491 time 272771 ms
best 402173 step 1548 time 283163 ms
best 399935 step 1871 time 338490 ms
done 0 55 16 47 64 51 8 42 27 78 10 90 54 28 60 73 1 71 39 81 89 30 53 36 52 34 32 2 37 49 62 40 48 63 31 68 12 41 14 11 5 29 70 25 80 74 13 83 88 9 26 58 23 69 77 24 35 86 65 3 57 56 4 7 33 76 66 59 67 17 21 82 46 61 45 87 43 79 15 18 19 6 85 72 22 84 44 38 20 50 75
best 399935
time 950173 ms
seed 14
