jobs 90
mach 20
init 0 61 7 19 45 65 50 6 51 58 17 10 34 88 70 15 60 11 75 22 35 56 84 59 77 43 69 40 32 2 42 9 71 39 66 1 74 8 24 52 27 73 72 30 16 29 78 76 54 67 37 80 49 81 48 41 55 90 12 63 68 89 4 23 79 53 85 44 14 46 26 87 13 31 57 5 36 20 3 25 18 21 82 64 62 86 33 38 83 47 28
best 453833
best 447619 step 1 time 869 ms
best 446336 step 2 time 1030 ms
best 437364 step 3 time 1353 ms
best 436760 step 7 time 2238 ms
best 432682 step 12 time 3136 ms
best 430476 step 13 time 3306 ms
best 430434 step 15 time 3537 ms
best 425716 step 24 time 5575 ms
best 418052 step 28 time 6436 ms
best 414841 step 29 time 6712 ms
best 414134 step 52 time 11264 ms
best 409304 step 53 time 11512 ms
best 408469 step 75 time 15373 ms
best 406917 step 324 time 60764 ms
best 405798 step 469 time 86719 ms
best 405284 step 470 time 86969 ms
best 403360 step 508 time 93849 ms
best 402819 step 3410 time 619173 ms
best 402641 step 3411 time 619298 ms
done 0 12 51 10 70 45 65 19 11 7 39 76 42 61 6 32 27 60 52 15 75 43 84 17 58 59 56 34 16 2 69 35 77 40 68 22 29 8 1 78 30 74 55 50 24 88 9 71 73 67 87 54 80 49 26 48 72 41 44 89 85 14 20 63 90 46 81 37 13 79 4 25 53 86 57 23 66 31 5 3 18 21 36 33 82 64 62 83 38 47 28
best 402641
time 950018 ms
seed 14
