jobs 90
mach 20
init 0 5 30 13 52 57 65 44 64 75 81 53 66 7 3 1 42 60 20 4 73 76 67 77 80 51 88 63 55 8 50 43 61 2 39 32 31 22 87 24 68 46 70 27 90 47 25 37 10 86 40 38 19 69 17 56 82 48 79 89 49 72 74 21 11 71 26 12 78 83 85 16 36 33 58 14 28 34 15 84 23 54 29 59 6 62 41 45 9 35 18
best 310812
best 309639 step 1 time 542 ms
best 305400 step 3 time 884 ms
best 305098 step 4 time 1062 ms
best 304208 step 5 time 1219 ms
best 304107 step 6 time 1349 ms
best 303104 step 12 time 2414 ms
best 299546 step 13 time 2860 ms
best 297064 step 15 time 3163 ms
best 295971 step 72 time 14291 ms
best 295818 step 73 time 14436 ms
best 295495 step 74 time 14622 ms
best 294100 step 78 time 15250 ms
best 294047 step 79 time 15477 ms
best 293130 step 84 time 16271 ms
best 292653 step 108 time 21037 ms
best 289661 step 282 time 55494 ms
done 0 52 73 13 65 88 30 66 57 5 75 44 61 42 55 81 53 7 20 64 77 67 60 76 4 1 51 2 43 63 87 3 8 50 16 24 39 70 22 68 80 31 46 49 32 27 19 90 26 10 25 40 69 47 37 56 38 82 86 15 89 21 79 58 12 85 33 36 28 72 11 71 78 83 14 17 23 74 59 48 34 35 54 29 6 84 62 45 9 41 18
best 289661
time 950154 ms
seed 14
