jobs 90
mach 20
init 0 48 49 54 85 74 58 90 11 36 7 15 21 41 29 24 6 12 79 38 20 84 43 28 18 31 76 3 71 68 46 83 27 44 57 81 22 34 37 26 33 70 75 61 60 88 62 63 19 25 2 87 5 45 17 53 72 50 78 23 47 13 51 69 35 59 89 8 66 67 73 30 80 16 56 10 39 42 9 14 32 82 65 55 77 40 4 52 1 64 86
best 431843
best 430189 step 3 time 940 ms
best 428828 step 4 time 1061 ms
best 423655 step 5 time 1379 ms
best 419695 step 7 time 1738 ms
best 414261 step 9 time 1982 ms
best 413208 step 12 time 2549 ms
best 412760 step 56 time 10029 ms
best 411750 step 78 time 13404 ms
best 411676 step 79 time 13499 ms
best 410696 step 84 time 14382 ms
best 407713 step 88 time 14978 ms
best 404293 step 89 time 15232 ms
best 403479 step 103 time 17592 ms
best 403354 step 104 time 17776 ms
best 398931 step 135 time 23099 ms
done 0 3 58 49 11 36 85 7 74 71 54 12 90 24 21 6 70 79 41 48 29 20 28 46 15 43 84 76 38 31 68 27 44 83 22 81 17 57 62 87 37 61 88 51 75 45 18 33 60 25 23 26 72 30 47 13 2 34 67 5 50 63 19 66 78 69 59 35 89 53 56 80 16 55 77 10 73 39 42 8 86 14 4 82 65 9 32 52 1 64 40
best 398931
time 950035 ms
seed 14
