jobs 90
mach 20
init 0 23 66 1 55 9 81 16 78 75 7 44 12 85 53 80 17 57 82 56 26 65 37 11 27 42 43 76 63 6 36 49 60 10 31 58 35 45 33 77 59 64 83 2 32 47 71 52 84 3 18 48 50 70 62 46 14 13 67 39 4 73 90 8 61 51 19 24 74 28 87 88 68 5 25 69 29 15 38 34 86 21 30 41 54 89 72 79 20 40 22
best 360401
best 352627 step 1 time 523 ms
best 350119 step 3 time 792 ms
best 347965 step 4 time 1017 ms
best 346494 step 6 time 1530 ms
best 344195 step 8 time 2088 ms
best 342598 step 35 time 6995 ms
best 340940 step 36 time 7137 ms
best 334679 step 63 time 11594 ms
best 334654 step 65 time 11948 ms
best 334611 step 128 time 22594 ms
best 332522 step 143 time 25523 ms
best 332505 step 377 time 64205 ms
best 331757 step 380 time 64568 ms
best 331638 step 592 time 99194 ms
best 330797 step 769 time 128313 ms
best 330267 step 858 time 142633 ms
best 327533 step 860 time 142977 ms
best 327312 step 2209 time 368751 ms
done 0 23 66 78 12 85 1 55 9 7 81 61 44 16 11 65 26 17 53 80 56 64 57 58 82 27 42 63 37 60 36 43 76 84 10 49 83 2 35 45 33 46 77 3 18 47 75 6 71 52 50 31 14 39 48 70 8 25 32 67 73 59 62 19 4 24 90 51 86 28 74 13 68 87 88 5 29 38 15 21 20 89 69 30 34 41 54 72 79 40 22
best 327312
time 950209 ms
seed 14
