jobs 90
mach 20
init 0 12 60 67 51 75 72 15 34 6 55 11 71 87 83 66 56 39 82 21 78 46 52 86 35 10 88 13 32 31 61 20 28 57 58 90 33 44 42 2 50 4 48 26 69 77 65 54 53 27 29 17 89 49 8 14 22 84 37 63 16 25 3 30 80 23 36 62 5 79 41 68 76 81 85 73 47 19 43 7 24 18 1 64 59 38 45 40 74 9 70
best 341955
best 337454 step 1 time 716 ms
best 337073 step 6 time 1550 ms
best 336165 step 7 time 1672 ms
best 335664 step 8 time 1870 ms
best 335066 step 9 time 2045 ms
best 333173 step 10 time 2201 ms
best 332504 step 15 time 3004 ms
best 319452 step 18 time 3488 ms
best 318429 step 20 time 3874 ms
best 317893 step 40 time 7232 ms
best 314544 step 63 time 10300 ms
best 313086 step 65 time 10505 ms
best 312995 step 66 time 10700 ms
best 312905 step 72 time 11685 ms
best 310789 step 77 time 12402 ms
best 310692 step 458 time 72442 ms
best 310582 step 501 time 79766 ms
best 308090 step 1105 time 178459 ms
best 306887 step 1107 time 178565 ms
best 306882 step 1108 time 178719 ms
done 0 12 60 72 66 34 87 51 15 6 71 11 56 88 61 55 83 82 46 78 8 75 57 52 67 35 50 21 39 13 31 2 20 90 32 58 44 80 10 77 48 26 28 4 33 65 37 22 69 54 53 27 29 89 3 17 84 30 14 63 42 16 86 36 79 85 76 25 49 7 23 62 5 41 73 81 47 68 19 43 45 24 1 38 9 18 64 59 70 40 74
best 306882
time 950012 ms
seed 14
