jobs 90
mach 20
init 0 52 85 57 75 48 2 12 33 22 24 67 31 10 81 54 18 40 71 39 5 42 14 46 43 11 50 63 32 87 34 86 37 68 88 45 69 78 76 17 82 23 65 25 79 70 6 61 4 29 28 15 21 19 1 27 77 49 26 47 53 59 90 58 20 72 13 80 55 56 73 35 89 8 66 83 3 41 44 36 64 7 74 84 16 60 62 38 51 30 9
best 411198
best 407742 step 1 time 632 ms
best 406725 step 8 time 2106 ms
best 406408 step 9 time 2335 ms
best 398699 step 10 time 2830 ms
best 398601 step 11 time 2909 ms
best 394625 step 13 time 3399 ms
best 390693 step 16 time 3917 ms
best 384226 step 28 time 6875 ms
best 382546 step 29 time 7155 ms
best 382169 step 31 time 7434 ms
best 382162 step 33 time 7927 ms
best 380988 step 46 time 11042 ms
best 380590 step 131 time 30037 ms
best 380409 step 209 time 45204 ms
best 379565 step 216 time 46989 ms
best 379120 step 217 time 47371 ms
best 377245 step 295 time 63518 ms
best 376429 step 300 time 64475 ms
best 375109 step 492 time 104575 ms
best 372991 step 500 time 106587 ms
best 372241 step 543 time 115287 ms
best 369879 step 879 time 188714 ms
best 369821 step 1166 time 248309 ms
best 369350 step 4118 time 866990 ms
done 0 52 85 12 31 57 2 10 14 77 33 43 67 42 71 45 46 24 81 48 27 32 54 22 34 88 5 28 17 78 68 25 37 87 79 69 75 23 26 18 59 11 82 39 86 19 70 61 29 50 6 4 40 1 15 90 49 63 21 58 55 80 56 53 20 72 13 8 73 47 65 66 76 89 35 41 62 3 36 44 83 64 7 74 16 60 84 51 9 30 38
best 369350
time 950243 ms
seed 14
