jobs 90
mach 20
init 0 85 1 73 75 20 53 83 59 55 28 70 39 68 35 72 8 45 26 54 63 64 87 77 44 40 52 86 13 25 18 74 49 17 7 42 48 36 14 32 21 57 6 19 9 4 50 29 89 16 69 67 31 82 66 79 65 23 41 30 38 43 60 62 34 78 10 88 27 22 12 76 47 81 5 80 84 33 3 15 61 37 71 51 11 90 46 24 58 56 2
best 414163
best 408882 step 1 time 734 ms
best 402128 step 5 time 1882 ms
best 401769 step 16 time 3647 ms
best 397910 step 17 time 3831 ms
best 394602 step 29 time 6009 ms
best 389455 step 34 time 6789 ms
best 389450 step 37 time 7230 ms
best 389207 step 38 time 7379 ms
best 389089 step 49 time 9062 ms
best 387142 step 135 time 24155 ms
best 386969 step 925 time 169375 ms
best 386958 step 929 time 169978 ms
best 386352 step 930 time 170115 ms
best 385984 step 1027 time 186625 ms
best 385290 step 1469 time 264088 ms
best 384341 step 1692 time 303209 ms
best 383769 step 1704 time 304793 ms
best 383690 step 1705 time 304968 ms
best 383387 step 4206 time 737232 ms
done 0 47 26 75 20 53 83 55 1 70 39 32 60 59 73 68 35 72 64 40 28 44 18 45 87 43 77 29 89 25 8 7 49 69 42 85 21 13 54 17 16 63 22 9 6 57 50 62 14 67 81 4 48 65 31 82 88 66 86 23 19 52 41 30 38 10 5 74 36 34 79 27 84 80 33 51 12 78 3 61 37 71 11 15 76 24 2 90 46 56 58
best 383387
time 950116 ms
seed 14
