jobs 90
mach 20
init 0 76 45 42 17 4 31 35 30 44 89 46 65 62 12 53 69 58 33 55 13 25 54 80 27 57 52 77 36 72 67 9 5 32 73 48 28 14 6 64 26 66 29 37 83 90 85 79 61 78 1 24 3 81 2 70 87 39 60 84 50 88 15 43 7 34 74 20 41 75 71 59 10 63 8 51 11 47 21 82 38 40 19 16 18 68 49 22 86 56 23
best 372368
best 365592 step 7 time 1513 ms
best 364217 step 20 time 3947 ms
best 354969 step 21 time 4287 ms
best 354763 step 22 time 4463 ms
best 352481 step 24 time 4991 ms
best 348809 step 26 time 5390 ms
best 348769 step 29 time 5683 ms
best 348656 step 30 time 5774 ms
best 348309 step 39 time 7602 ms
best 347512 step 43 time 8167 ms
best 345539 step 86 time 14847 ms
best 343989 step 92 time 15819 ms
best 342833 step 94 time 16240 ms
best 342026 step 95 time 16379 ms
best 341738 step 96 time 16565 ms
best 340321 step 97 time 16671 ms
best 339753 step 98 time 16850 ms
best 339053 step 365 time 63274 ms
best 337979 step 5476 time 930819 ms
done 0 69 35 12 76 42 4 44 89 53 62 46 65 5 30 58 31 25 54 9 33 55 80 27 77 32 13 17 73 57 37 52 28 45 64 6 72 48 83 1 36 66 14 81 90 79 26 34 70 85 78 3 29 43 87 24 39 2 67 60 50 88 15 20 84 41 7 59 74 61 71 8 10 75 51 11 21 63 19 47 38 40 16 86 18 82 49 68 22 23 56
best 337979
time 950081 ms
seed 14
