jobs 90
mach 20
init 0 35 46 45 26 32 75 90 79 29 43 61 80 13 83 66 64 50 44 63 70 1 25 39 88 24 41 37 17 36 20 49 82 27 76 56 51 8 87 23 57 62 58 3 7 60 48 19 52 47 72 77 30 15 84 2 85 34 16 5 73 14 89 28 53 18 38 55 9 71 86 21 74 6 78 11 10 33 68 69 65 67 40 42 81 54 4 22 59 31 12
best 373576
best 369910 step 4 time 1384 ms
best 367918 step 14 time 3321 ms
best 366323 step 15 time 3521 ms
best 361265 step 16 time 3721 ms
best 359939 step 18 time 3907 ms
best 358331 step 19 time 4129 ms
best 356631 step 27 time 5457 ms
best 356105 step 36 time 7145 ms
best 354716 step 37 time 7245 ms
best 353511 step 38 time 7422 ms
best 352826 step 39 time 7593 ms
best 352818 step 40 time 7753 ms
best 350890 step 43 time 8196 ms
best 349877 step 1854 time 340793 ms
best 349444 step 1856 time 341013 ms
best 347496 step 1863 time 342165 ms
done 0 35 46 13 32 50 75 90 45 43 26 80 89 79 60 1 64 61 70 66 63 39 20 17 76 29 24 44 82 49 5 88 25 41 48 52 47 8 51 87 23 57 62 58 37 3 7 27 77 19 15 56 36 28 72 84 16 53 85 30 86 2 73 83 55 71 14 21 42 38 74 34 78 33 18 11 9 67 10 6 68 69 54 65 40 4 59 22 31 12 81
best 347496
time 950052 ms
seed 14
