jobs 100
mach 20
init 0 61 66 48 79 41 13 37 51 70 80 92 24 89 74 38 17 77 23 87 82 67 52 91 12 54 69 35 63 100 94 34 86 16 9 56 42 78 64 20 33 84 4 19 72 58 60 6 22 50 73 28 47 1 93 27 68 65 14 7 81 96 76 53 43 83 59 95 39 31 29 97 49 88 3 55 62 36 99 45 98 30 32 25 75 85 11 46 26 21 2 44 15 71 40 57 90 18 8 10 5
best 505620
best 497231 step 4 time 1287 ms
best 495766 step 35 time 8381 ms
best 489412 step 45 time 10689 ms
best 488509 step 46 time 10924 ms
best 486175 step 57 time 13208 ms
best 484743 step 91 time 22107 ms
best 481235 step 92 time 22550 ms
best 480917 step 797 time 202257 ms
best 480712 step 798 time 202390 ms
best 479086 step 908 time 228705 ms
best 478681 step 909 time 228869 ms
best 478064 step 2522 time 627531 ms
best 477478 step 2523 time 627752 ms
best 477443 step 2530 time 629371 ms
done 0 61 48 77 79 13 41 17 37 67 58 51 92 38 70 74 24 22 47 23 82 91 80 35 86 12 54 63 69 16 9 87 34 94 72 56 65 14 64 7 20 4 33 52 66 89 19 6 1 84 28 42 96 100 60 31 73 76 88 43 62 68 50 93 49 27 55 81 78 83 59 39 95 75 45 53 25 97 3 30 36 85 98 99 29 44 15 71 2 11 46 32 40 57 21 26 18 90 5 8 10
best 477443
time 950063 ms
seed 19
