jobs 100
mach 20
init 0 56 62 55 3 57 84 14 80 66 10 74 94 38 16 83 71 81 73 91 68 11 24 26 96 29 23 97 46 15 21 33 54 70 19 100 49 52 27 64 98 25 41 18 51 92 75 6 13 79 63 82 61 95 30 9 34 77 88 50 59 4 93 36 69 17 76 35 2 39 12 42 32 1 43 67 72 5 86 7 78 37 60 31 87 90 48 58 53 99 8 44 45 28 40 20 47 65 85 89 22
best 603452
best 594053 step 1 time 962 ms
best 589611 step 2 time 1390 ms
best 588235 step 7 time 2475 ms
best 588231 step 9 time 2779 ms
best 587958 step 48 time 13273 ms
best 587205 step 159 time 42419 ms
best 585253 step 177 time 46820 ms
best 584322 step 308 time 80097 ms
best 582106 step 309 time 80498 ms
best 580738 step 331 time 86084 ms
best 578229 step 344 time 89835 ms
best 578184 step 345 time 89931 ms
best 578073 step 346 time 90120 ms
best 577243 step 348 time 90706 ms
best 574793 step 509 time 131653 ms
best 572888 step 682 time 175851 ms
best 571884 step 683 time 176043 ms
best 569191 step 935 time 241431 ms
best 569071 step 1890 time 483006 ms
best 567171 step 1891 time 483298 ms
done 0 56 62 55 24 74 66 57 10 14 94 16 3 76 39 81 83 46 71 29 68 11 15 64 96 97 91 23 75 80 84 33 27 26 93 38 98 52 70 41 25 19 100 92 95 21 6 49 9 13 1 63 82 12 54 18 51 4 36 69 34 67 2 77 88 17 30 73 32 37 61 43 78 50 42 79 72 5 35 59 31 86 48 87 60 58 8 7 89 53 20 45 40 44 90 65 85 28 99 47 22
best 567171
time 950143 ms
seed 19
