jobs 100
mach 20
init 0 26 14 52 43 24 64 72 57 82 33 61 39 79 29 18 97 69 11 63 54 25 80 12 90 7 89 19 99 96 86 53 93 56 49 59 85 78 100 13 77 92 55 42 81 8 40 9 6 68 5 50 88 17 38 84 44 95 4 28 71 45 30 37 1 20 46 73 3 15 67 27 87 51 47 66 58 83 62 23 76 65 70 16 98 60 94 32 41 10 75 31 48 34 22 36 21 35 91 74 2
best 561089
best 553757 step 1 time 653 ms
best 552860 step 2 time 973 ms
best 544001 step 10 time 2949 ms
best 542955 step 12 time 3317 ms
best 540226 step 14 time 3810 ms
best 539237 step 19 time 5114 ms
best 537361 step 31 time 8100 ms
best 536428 step 32 time 8396 ms
best 535404 step 33 time 8577 ms
best 534178 step 62 time 16467 ms
best 533741 step 63 time 16692 ms
best 532206 step 65 time 17235 ms
best 532020 step 74 time 19174 ms
best 531513 step 75 time 19345 ms
best 529529 step 80 time 20636 ms
best 529267 step 81 time 20752 ms
best 528102 step 136 time 34555 ms
best 525645 step 334 time 82838 ms
best 524448 step 343 time 85076 ms
best 522368 step 353 time 87641 ms
best 522321 step 829 time 214995 ms
best 521543 step 840 time 217888 ms
best 521271 step 841 time 218230 ms
best 520038 step 842 time 218472 ms
best 519188 step 949 time 245668 ms
best 519166 step 3625 time 918760 ms
done 0 33 26 24 52 78 86 72 64 29 14 12 11 69 80 82 53 61 63 54 89 42 18 97 57 93 17 25 56 49 7 5 13 68 77 79 43 59 88 100 99 9 8 81 40 92 28 23 84 3 95 4 50 73 19 45 98 27 6 87 44 55 71 46 30 37 1 20 58 90 85 39 67 38 15 65 51 47 66 60 76 83 22 62 96 16 75 94 70 41 32 10 74 31 48 34 36 21 35 91 2
best 519166
time 950322 ms
seed 19
