jobs 100
mach 20
init 0 63 24 100 88 16 8 23 51 18 36 70 52 53 35 19 98 54 38 31 2 73 3 58 96 74 81 10 79 37 17 33 45 65 34 56 91 44 99 80 67 75 69 83 60 76 43 82 21 86 1 28 72 71 46 15 85 93 90 20 41 50 29 61 94 89 48 26 22 57 42 6 40 11 13 92 97 59 84 66 55 27 62 47 12 68 64 32 14 95 4 7 87 30 25 39 5 77 49 9 78
best 473770
best 470776 step 7 time 2614 ms
best 469637 step 9 time 3097 ms
best 466991 step 10 time 3615 ms
best 463719 step 13 time 4417 ms
best 462256 step 14 time 4774 ms
best 461338 step 15 time 4893 ms
best 460791 step 34 time 10960 ms
best 455221 step 37 time 11758 ms
best 454099 step 2438 time 776671 ms
best 454047 step 2485 time 792064 ms
best 451310 step 2486 time 792399 ms
done 0 88 18 73 100 16 52 53 58 24 23 51 1 35 70 98 54 34 19 38 2 31 41 37 67 81 96 3 63 17 33 45 20 65 10 79 99 8 83 91 89 74 21 75 44 61 56 82 86 43 69 90 80 46 71 50 15 85 29 36 93 92 60 72 76 28 11 22 84 48 94 64 26 13 6 97 30 47 57 59 62 12 42 68 40 27 66 87 32 14 95 4 7 55 77 25 39 49 5 78 9
best 451310
time 950167 ms
seed 19
