jobs 100
mach 20
init 0 40 26 89 22 18 38 21 25 29 36 15 2 35 61 16 30 69 55 11 80 37 85 17 96 86 13 1 8 66 14 32 95 50 44 83 47 65 24 91 75 92 19 90 99 31 3 72 10 94 53 59 27 63 68 87 56 41 28 81 79 54 23 58 45 7 78 34 100 51 74 77 67 57 43 70 5 93 48 46 4 97 33 98 49 73 6 60 20 62 64 88 42 39 71 9 84 82 52 76 12
best 477267
best 466699 step 1 time 534 ms
best 457626 step 3 time 1215 ms
best 455922 step 11 time 3616 ms
best 455746 step 26 time 7120 ms
best 453553 step 27 time 7360 ms
best 449395 step 28 time 7507 ms
best 449293 step 29 time 7770 ms
best 448854 step 53 time 14488 ms
best 445340 step 85 time 21696 ms
best 443672 step 129 time 33433 ms
best 441812 step 146 time 38264 ms
best 441633 step 182 time 47055 ms
best 441398 step 184 time 47631 ms
best 439584 step 237 time 61940 ms
best 438898 step 249 time 65814 ms
best 436757 step 311 time 81390 ms
best 433654 step 313 time 82042 ms
best 431192 step 842 time 216099 ms
best 431185 step 843 time 216326 ms
done 0 98 50 22 99 21 25 26 29 36 61 16 55 18 38 35 15 80 30 69 13 95 89 2 83 11 96 85 1 8 53 66 14 32 17 91 75 31 40 19 47 23 92 44 86 59 24 90 87 94 3 63 54 72 37 68 81 56 41 28 79 10 45 57 27 51 48 100 7 58 97 33 65 67 78 34 74 77 5 73 43 70 93 20 49 42 4 62 46 39 71 60 82 88 6 9 84 64 52 76 12
best 431185
time 950240 ms
seed 19
