jobs 100
mach 20
init 0 14 37 30 27 16 61 45 17 63 54 95 80 73 2 25 71 68 62 24 34 33 8 42 41 55 92 79 81 5 21 44 70 1 47 32 40 64 38 3 77 94 6 53 75 39 65 97 78 43 82 83 46 69 50 60 49 87 98 10 72 35 19 15 84 76 11 67 31 100 86 48 28 7 56 74 20 90 58 52 51 88 4 26 93 89 29 85 12 13 23 18 96 36 22 99 57 91 59 66 9
best 558856
best 558029 step 1 time 510 ms
best 556248 step 2 time 853 ms
best 555448 step 3 time 1017 ms
best 544015 step 5 time 1614 ms
best 541353 step 8 time 2835 ms
best 541165 step 9 time 3280 ms
best 541016 step 10 time 3434 ms
best 540995 step 11 time 3547 ms
best 539130 step 13 time 4164 ms
best 538140 step 17 time 5517 ms
best 533077 step 24 time 7638 ms
best 533066 step 25 time 7878 ms
best 532814 step 42 time 13034 ms
best 528284 step 43 time 13353 ms
best 527354 step 44 time 13692 ms
best 527053 step 45 time 13947 ms
best 525308 step 56 time 17299 ms
best 525230 step 59 time 17879 ms
best 523664 step 60 time 17973 ms
best 522291 step 79 time 24073 ms
best 521425 step 523 time 166515 ms
best 521192 step 835 time 267304 ms
best 517083 step 895 time 285578 ms
best 516862 step 2427 time 766916 ms
done 0 16 33 30 27 17 61 37 25 54 78 71 94 34 68 24 2 92 80 40 95 44 8 73 79 42 41 1 63 38 45 55 97 62 5 70 47 81 65 6 64 14 39 53 87 50 77 67 32 83 19 10 43 69 49 3 75 46 82 76 100 21 60 48 86 35 98 31 11 15 52 72 28 88 20 4 90 58 84 93 29 56 74 23 26 51 89 18 7 96 99 85 13 22 12 36 57 91 66 9 59
best 516862
time 950098 ms
seed 19
