jobs 100
mach 20
init 0 67 92 71 75 17 11 94 54 60 2 56 16 20 4 96 13 10 76 59 100 89 83 82 91 47 23 33 58 70 65 53 86 21 36 64 25 32 95 84 43 81 69 97 40 52 73 55 46 37 6 49 98 38 74 57 1 12 44 78 15 41 99 42 39 26 34 8 30 29 80 3 14 63 62 45 19 50 51 7 18 27 66 31 90 35 28 22 24 85 68 87 79 9 72 48 61 93 88 5 77
best 487697
best 479905 step 3 time 1648 ms
best 474450 step 4 time 2087 ms
best 474230 step 5 time 2278 ms
best 470589 step 7 time 2716 ms
best 469939 step 8 time 2979 ms
best 465703 step 15 time 5020 ms
best 461712 step 16 time 5388 ms
best 459831 step 280 time 76322 ms
best 459461 step 376 time 101674 ms
best 459134 step 378 time 102045 ms
best 456861 step 401 time 108539 ms
best 456155 step 496 time 135497 ms
best 451925 step 497 time 135728 ms
done 0 67 75 71 11 16 4 60 92 53 2 83 94 54 86 65 56 64 76 17 10 20 33 58 96 59 23 100 47 89 25 43 39 21 36 44 95 69 41 32 82 91 52 55 46 49 84 81 73 13 37 6 97 30 1 38 62 98 57 99 42 78 15 34 74 12 3 19 8 70 35 29 40 26 63 45 18 7 14 27 85 50 51 31 24 80 68 28 22 90 66 87 9 48 61 93 72 88 79 5 77
best 451925
time 950285 ms
seed 19
