jobs 100
mach 20
init 0 6 22 26 92 80 27 97 67 71 50 16 5 87 68 99 41 34 88 72 70 23 37 86 12 93 61 25 33 91 63 30 89 94 13 96 52 47 51 54 45 100 17 55 39 32 36 98 18 69 10 82 84 20 43 2 83 73 75 24 95 1 15 79 49 62 3 4 9 42 76 46 35 21 60 85 90 78 29 11 57 7 48 74 56 53 31 64 59 19 40 81 14 65 44 58 66 28 38 8 77
best 390672
best 381975 step 1 time 704 ms
best 380120 step 2 time 1100 ms
best 375867 step 3 time 1509 ms
best 375083 step 4 time 1721 ms
best 372909 step 7 time 2813 ms
best 372163 step 12 time 4438 ms
best 370555 step 13 time 4689 ms
best 370030 step 16 time 5444 ms
best 369447 step 25 time 7816 ms
best 368845 step 26 time 8215 ms
best 365858 step 34 time 10414 ms
best 363179 step 90 time 26428 ms
best 362829 step 91 time 26630 ms
best 362655 step 92 time 26883 ms
best 361303 step 93 time 27085 ms
best 360551 step 94 time 27322 ms
best 356160 step 287 time 78863 ms
best 356060 step 288 time 79106 ms
best 356053 step 976 time 259310 ms
best 355742 step 978 time 259668 ms
best 353882 step 980 time 260155 ms
best 353573 step 2248 time 591051 ms
best 349122 step 2289 time 602275 ms
done 0 72 22 26 92 80 97 27 63 67 86 99 87 50 16 41 5 88 68 34 70 91 93 47 1 25 23 24 6 37 13 33 96 98 61 30 89 55 12 94 51 100 71 32 54 75 17 39 69 10 36 20 84 18 43 46 45 52 2 83 95 21 82 15 79 4 85 73 42 35 49 3 60 29 11 7 76 31 53 62 90 9 78 74 57 81 48 56 64 58 59 19 40 66 77 65 44 28 38 8 14
best 349122
time 950034 ms
seed 19
