jobs 100
mach 20
init 0 48 61 31 86 25 100 82 45 38 96 19 21 92 65 50 97 51 64 23 63 35 9 24 89 16 87 75 29 52 4 95 91 39 37 83 42 32 70 62 99 17 73 1 66 94 6 98 22 77 85 44 59 93 71 47 53 68 11 7 34 79 3 13 49 88 36 72 84 14 41 60 30 20 18 12 2 15 55 90 46 76 8 40 80 67 78 56 26 43 5 54 33 28 27 10 58 69 81 74 57
best 527909
best 513447 step 2 time 1466 ms
best 506687 step 4 time 2247 ms
best 502873 step 6 time 2664 ms
best 502005 step 7 time 2917 ms
best 490374 step 8 time 3382 ms
best 487664 step 18 time 6517 ms
best 485515 step 19 time 6833 ms
best 485247 step 20 time 7002 ms
best 482801 step 22 time 7511 ms
best 482543 step 28 time 9029 ms
best 481864 step 29 time 9192 ms
best 480189 step 55 time 17264 ms
best 477313 step 59 time 18328 ms
best 476394 step 60 time 18523 ms
best 474801 step 101 time 29447 ms
best 474631 step 102 time 29609 ms
best 474033 step 127 time 36624 ms
best 472979 step 129 time 37015 ms
best 470549 step 164 time 47182 ms
best 470229 step 165 time 47374 ms
best 468083 step 191 time 54758 ms
best 465066 step 192 time 54975 ms
best 463332 step 193 time 55193 ms
done 0 69 25 48 31 92 4 38 97 75 23 19 21 65 99 64 82 63 9 91 24 68 79 52 51 87 45 32 96 6 73 39 29 1 77 49 89 50 16 70 17 86 35 22 98 94 78 66 100 36 71 85 44 37 83 59 95 14 47 42 60 62 41 18 11 80 88 93 7 34 72 3 13 54 40 2 15 67 30 84 53 27 76 20 55 61 8 26 10 12 56 90 46 43 33 81 5 58 28 74 57
best 463332
time 950090 ms
seed 19
