jobs 50
mach 20
init 0 36 25 37 3 46 10 6 17 39 14 4 33 12 24 31 44 20 21 26 40 8 15 42 28 32 2 50 23 45 19 9 34 13 1 47 5 30 11 48 35 18 7 38 49 29 43 22 27 16 41
best 43876
best 37947 step 1 time 68 ms
best 37695 step 4 time 134 ms
best 37568 step 124 time 2402 ms
best 37016 step 142 time 2814 ms
best 36908 step 144 time 2840 ms
best 36698 step 472 time 8599 ms
best 36649 step 1979 time 36555 ms
best 36627 step 1987 time 36694 ms
best 36622 step 3926 time 71783 ms
best 36581 step 3927 time 71808 ms
best 36576 step 3929 time 71836 ms
best 36395 step 5937 time 108247 ms
best 36336 step 49190 time 889107 ms
done 0 12 36 3 10 25 22 46 6 42 39 24 17 14 31 4 44 21 33 26 28 32 20 15 40 23 45 2 50 35 19 8 9 34 47 1 5 13 30 48 27 38 7 49 18 37 11 43 29 16 41
best 36336
time 950006 ms
seed 19
