jobs 60
mach 20
init 0 53 31 36 58 38 5 55 42 9 28 4 22 21 47 20 52 6 14 23 41 40 33 25 54 35 15 44 27 1 39 10 30 18 2 29 7 43 24 3 37 13 57 50 12 32 34 8 16 11 45 46 60 48 49 51 59 56 26 19 17
best 86399
best 86209 step 1 time 121 ms
best 86145 step 12 time 529 ms
best 86044 step 13 time 551 ms
best 85613 step 52 time 1987 ms
best 84266 step 60 time 2298 ms
best 83655 step 61 time 2347 ms
best 83622 step 853 time 29293 ms
best 83604 step 875 time 30170 ms
done 0 53 31 36 58 38 5 55 42 9 28 4 20 22 52 21 47 44 6 54 14 41 40 33 23 35 25 15 27 1 39 10 30 18 29 2 7 43 24 3 37 13 57 16 12 32 34 50 45 8 46 60 49 48 11 51 59 26 19 17 56
best 83604
time 950004 ms
seed 19
