jobs 60
mach 20
init 0 4 41 58 25 48 11 36 21 26 12 32 43 30 33 37 60 2 22 34 38 17 18 7 24 19 6 9 56 23 27 57 46 5 35 59 51 3 39 1 47 42 50 28 15 16 52 14 10 40 29 13 44 53 54 8 49 31 55 20 45
best 132595
best 127392 step 2 time 128 ms
best 125523 step 6 time 269 ms
best 124472 step 9 time 399 ms
best 124111 step 16 time 601 ms
best 123864 step 17 time 661 ms
best 123714 step 18 time 681 ms
best 121528 step 53 time 1631 ms
best 121229 step 54 time 1661 ms
best 121011 step 323 time 10459 ms
best 119414 step 324 time 10503 ms
best 118771 step 427 time 14202 ms
best 118152 step 471 time 15602 ms
best 117540 step 557 time 18542 ms
best 117283 step 1209 time 40436 ms
best 116342 step 1210 time 40478 ms
done 0 37 41 26 48 11 58 4 25 3 33 12 43 9 30 22 60 57 21 24 18 34 2 17 19 27 38 5 54 52 59 56 7 6 51 23 13 39 46 35 14 1 47 36 28 50 15 16 31 10 40 29 49 32 53 44 45 55 8 42 20
best 116342
time 950020 ms
seed 19
