jobs 60
mach 20
init 0 4 50 32 11 33 8 47 60 42 3 28 46 34 59 52 18 51 5 45 53 48 43 40 1 31 7 44 12 20 57 30 55 10 24 19 22 49 37 21 36 25 58 41 54 15 16 17 26 29 56 14 9 6 39 27 35 38 13 23 2
best 59251
best 58966 step 1 time 119 ms
best 55973 step 8 time 331 ms
best 55912 step 10 time 395 ms
best 55542 step 12 time 490 ms
best 54251 step 16 time 592 ms
best 54082 step 159 time 5746 ms
best 53990 step 161 time 5818 ms
best 53841 step 546 time 19799 ms
best 53829 step 718 time 26119 ms
best 53745 step 1090 time 39877 ms
best 53723 step 1405 time 51439 ms
best 52943 step 2142 time 79372 ms
best 52923 step 10922 time 401932 ms
best 52261 step 12968 time 478177 ms
best 52207 step 12973 time 478313 ms
done 0 60 20 50 32 33 5 47 8 11 3 42 28 46 34 59 4 52 18 51 45 48 43 53 40 1 31 55 25 49 30 44 7 57 24 10 19 21 37 12 22 36 26 58 41 54 29 15 16 56 17 14 6 39 9 13 27 35 38 23 2
best 52207
time 950026 ms
seed 19
