jobs 60
mach 20
init 0 55 49 53 44 3 47 22 32 34 7 19 48 18 38 33 60 6 52 31 14 36 40 57 1 43 28 2 54 9 46 15 25 59 58 42 27 20 11 29 41 45 30 21 13 23 16 37 17 26 8 50 5 39 56 51 4 12 35 24 10
best 84219
best 81248 step 1 time 171 ms
best 79368 step 2 time 203 ms
best 78902 step 34 time 1390 ms
best 78799 step 38 time 1471 ms
best 78381 step 53 time 1981 ms
best 77141 step 55 time 2055 ms
best 76874 step 110 time 4088 ms
best 76555 step 111 time 4145 ms
best 74943 step 221 time 7935 ms
best 74519 step 1027 time 36143 ms
done 0 55 49 53 3 22 32 7 19 44 34 60 47 40 6 48 18 38 29 52 31 43 1 36 57 28 14 2 54 11 45 46 15 42 27 25 58 59 20 9 33 13 41 30 51 23 21 17 16 37 5 50 26 39 12 10 35 8 24 56 4
best 74519
time 950019 ms
seed 19
