jobs 70
mach 20
init 0 45 7 69 55 49 39 67 17 32 65 51 36 14 2 13 23 44 6 18 56 58 70 60 66 8 28 12 59 31 4 37 61 38 64 33 41 30 22 43 19 1 16 50 29 5 62 42 9 52 68 21 46 25 48 20 34 15 26 10 47 27 63 54 40 53 3 35 24 11 57
best 150233
best 144551 step 1 time 258 ms
best 144307 step 3 time 383 ms
best 144281 step 4 time 415 ms
best 142464 step 7 time 669 ms
best 142276 step 8 time 727 ms
best 142105 step 9 time 832 ms
best 139895 step 13 time 1227 ms
best 139886 step 14 time 1301 ms
best 137573 step 16 time 1477 ms
best 135334 step 18 time 1633 ms
best 135165 step 3041 time 220081 ms
best 134517 step 7413 time 531355 ms
done 0 45 49 69 55 7 39 5 67 17 46 65 32 36 44 14 23 2 13 70 56 12 6 60 25 59 58 8 28 61 38 64 37 22 4 43 33 41 19 29 18 30 66 51 42 50 31 62 68 52 34 9 10 21 16 48 20 15 1 26 54 11 47 27 63 3 40 24 53 57 35
best 134517
time 950036 ms
seed 19
