jobs 70
mach 20
init 0 23 42 68 45 34 56 53 49 26 5 37 10 57 13 60 7 11 55 33 17 67 12 52 44 24 69 22 59 6 32 35 16 14 15 30 9 43 8 47 70 40 28 25 63 4 65 58 61 50 19 46 41 21 38 20 31 64 54 39 51 27 1 36 62 66 18 48 29 3 2
best 153529
best 151639 step 1 time 184 ms
best 148938 step 2 time 270 ms
best 146181 step 7 time 621 ms
best 142239 step 18 time 1256 ms
best 142086 step 38 time 2420 ms
best 141821 step 39 time 2475 ms
best 141165 step 41 time 2552 ms
best 141017 step 42 time 2593 ms
best 140569 step 44 time 2735 ms
best 140561 step 46 time 2904 ms
best 140227 step 198 time 12721 ms
best 138599 step 2139 time 140601 ms
done 0 23 56 42 5 45 34 53 55 13 15 26 37 49 17 57 67 60 69 33 11 10 7 52 68 44 54 24 59 22 32 12 47 16 43 6 30 9 8 35 28 70 40 4 63 25 61 14 50 65 58 19 46 41 21 38 39 64 51 18 27 20 31 1 36 62 66 48 29 3 2
best 138599
time 950079 ms
seed 19
