jobs 70
mach 20
init 0 22 54 67 27 36 41 50 38 32 63 64 66 61 48 8 16 25 53 24 34 44 13 9 46 51 3 20 45 11 65 37 43 2 12 68 26 58 29 31 33 19 40 70 6 49 57 7 39 42 52 28 30 4 47 1 62 18 21 56 5 60 23 35 14 55 15 10 59 69 17
best 180263
best 179448 step 1 time 224 ms
best 178073 step 3 time 344 ms
best 171835 step 13 time 920 ms
best 171337 step 15 time 1038 ms
best 167415 step 18 time 1282 ms
best 167351 step 20 time 1450 ms
best 167013 step 21 time 1519 ms
best 166999 step 23 time 1580 ms
best 166091 step 24 time 1661 ms
best 165381 step 68 time 4797 ms
best 165160 step 69 time 4850 ms
best 164529 step 96 time 6632 ms
best 163331 step 246 time 16941 ms
best 162608 step 723 time 49014 ms
best 161071 step 3004 time 200389 ms
best 160891 step 3006 time 200510 ms
best 159529 step 5273 time 351255 ms
best 158677 step 13982 time 925146 ms
done 0 23 12 22 67 36 24 50 27 38 32 29 8 61 13 63 64 66 51 43 34 16 45 3 44 41 65 48 37 11 54 53 6 25 9 2 68 26 58 42 20 31 33 46 19 40 70 56 57 49 7 18 39 52 28 4 47 30 1 62 60 21 5 14 55 15 10 69 35 59 17
best 158677
time 950000 ms
seed 19
