jobs 70
mach 20
init 0 24 27 64 38 18 56 54 34 42 26 15 41 6 17 65 59 13 62 50 25 53 10 14 16 63 45 20 57 12 30 58 9 39 11 31 36 44 47 22 7 66 8 49 29 33 55 69 1 68 23 43 4 19 52 28 2 67 5 32 21 70 37 60 35 61 51 3 48 40 46
best 167521
best 152579 step 1 time 250 ms
best 151513 step 3 time 352 ms
best 149622 step 10 time 810 ms
best 146746 step 31 time 2386 ms
best 146719 step 34 time 2578 ms
best 146537 step 40 time 3059 ms
best 146230 step 51 time 3702 ms
best 142831 step 62 time 4374 ms
best 142651 step 850 time 55758 ms
best 142198 step 1281 time 84497 ms
best 141834 step 1807 time 119484 ms
best 141661 step 1809 time 119571 ms
best 141120 step 1825 time 120701 ms
best 140480 step 1826 time 120768 ms
best 139893 step 1827 time 120812 ms
best 139645 step 3091 time 205561 ms
done 0 24 27 64 38 15 18 10 20 6 41 56 26 17 42 13 31 34 54 65 45 62 50 59 52 14 25 53 57 12 69 30 11 63 8 16 55 9 58 36 44 47 66 29 19 7 33 22 68 23 43 4 49 28 1 39 32 21 67 5 70 35 2 51 60 61 3 48 37 40 46
best 139645
time 950019 ms
seed 19
