jobs 70
mach 20
init 0 47 34 32 53 28 70 20 56 38 55 3 16 27 41 54 11 42 26 4 50 64 2 12 68 22 13 7 14 15 37 1 10 30 52 33 36 35 67 45 57 44 25 21 39 66 17 6 31 9 8 59 62 63 24 61 46 65 29 48 43 69 60 40 51 18 23 19 58 5 49
best 155477
best 154130 step 1 time 408 ms
best 153993 step 2 time 518 ms
best 153916 step 5 time 684 ms
best 153142 step 9 time 1073 ms
best 153029 step 10 time 1167 ms
best 153027 step 12 time 1283 ms
best 152574 step 22 time 2058 ms
best 152386 step 23 time 2184 ms
best 149630 step 46 time 3989 ms
best 147846 step 53 time 4880 ms
best 146987 step 54 time 4946 ms
best 146730 step 57 time 5116 ms
best 145976 step 77 time 6916 ms
best 145906 step 347 time 32205 ms
best 145712 step 638 time 59121 ms
best 145516 step 1255 time 112986 ms
best 145155 step 1256 time 113061 ms
best 145111 step 5412 time 495462 ms
best 144785 step 5693 time 520702 ms
best 144717 step 5694 time 520806 ms
done 0 47 34 32 55 16 27 53 70 56 38 3 28 20 11 42 41 26 50 64 2 12 4 68 13 15 39 7 54 14 37 22 30 65 1 10 52 33 36 35 57 21 45 44 67 25 6 63 9 59 17 8 62 51 66 24 61 31 46 5 60 29 48 40 69 18 43 23 58 19 49
best 144717
time 950052 ms
seed 19
