jobs 70
mach 20
init 0 6 14 60 3 18 35 62 11 9 43 55 50 69 57 21 58 70 5 13 56 42 8 38 52 30 54 15 53 44 64 63 2 17 41 22 32 31 26 1 28 40 51 68 67 19 34 47 20 29 65 59 33 4 46 27 24 16 25 45 66 36 61 23 39 10 48 49 12 37 7
best 140157
best 138199 step 1 time 270 ms
best 134462 step 2 time 357 ms
best 131769 step 28 time 1961 ms
best 131448 step 77 time 5376 ms
best 130285 step 101 time 6777 ms
best 129424 step 110 time 7268 ms
best 128050 step 347 time 23169 ms
best 127706 step 348 time 23232 ms
best 126916 step 623 time 41083 ms
best 125992 step 7322 time 468750 ms
done 0 6 11 18 9 3 43 57 62 60 35 14 55 5 54 69 58 21 38 64 50 70 42 13 56 8 17 30 15 52 1 44 63 2 53 41 22 32 26 29 28 40 31 67 68 19 34 47 46 20 24 65 10 16 59 45 4 66 27 51 36 25 61 39 48 33 12 49 23 37 7
best 125992
time 950049 ms
seed 19
