jobs 70
mach 20
init 0 53 15 59 41 3 14 43 51 21 27 9 25 10 47 58 22 52 61 49 6 32 13 62 68 37 46 16 57 67 36 48 20 4 11 29 40 35 31 12 65 1 30 54 42 66 55 26 38 70 39 28 24 63 56 18 19 60 69 2 34 64 44 23 7 45 8 33 50 5 17
best 139895
best 136494 step 1 time 252 ms
best 134414 step 2 time 340 ms
best 130935 step 4 time 475 ms
best 129973 step 30 time 2524 ms
best 129762 step 39 time 3122 ms
best 128256 step 40 time 3158 ms
best 127616 step 144 time 10268 ms
best 127190 step 153 time 10951 ms
best 127070 step 155 time 11040 ms
best 126838 step 392 time 27033 ms
best 126811 step 884 time 60828 ms
best 126767 step 1288 time 87298 ms
best 126593 step 2267 time 152603 ms
best 126404 step 3910 time 262172 ms
best 126334 step 3911 time 262232 ms
best 126228 step 3912 time 262342 ms
best 125469 step 5129 time 341319 ms
done 0 53 15 59 41 22 28 25 58 21 43 9 10 61 3 14 49 6 47 32 68 52 62 16 37 46 66 13 4 20 57 36 31 35 11 29 55 12 48 65 54 42 1 51 67 38 70 27 40 26 39 30 18 24 63 56 19 2 34 44 69 23 7 45 60 50 64 17 33 5 8
best 125469
time 950029 ms
seed 19
