jobs 70
mach 20
init 0 25 27 31 14 4 68 35 9 32 51 46 65 21 10 53 12 41 17 47 56 39 19 2 34 13 36 59 22 30 23 64 7 38 33 50 62 24 1 67 61 18 16 52 66 69 57 6 44 43 20 58 70 29 5 40 63 8 15 49 54 60 48 3 11 37 26 28 55 45 42
best 130959
best 127882 step 8 time 894 ms
best 126966 step 10 time 1027 ms
best 124904 step 16 time 1540 ms
best 124876 step 17 time 1606 ms
best 124194 step 20 time 1870 ms
best 123739 step 22 time 2069 ms
best 123400 step 68 time 5781 ms
best 121629 step 69 time 5917 ms
best 120512 step 531 time 44716 ms
best 119965 step 608 time 50696 ms
best 118949 step 2240 time 184830 ms
best 118335 step 2783 time 230242 ms
best 117646 step 3712 time 306837 ms
best 117173 step 3714 time 307054 ms
best 116976 step 3716 time 307191 ms
best 116634 step 3722 time 307568 ms
done 0 27 31 35 25 14 4 68 46 65 12 9 53 51 21 56 19 10 32 2 23 47 39 34 1 17 50 7 36 22 64 59 38 30 41 6 24 62 61 67 18 16 52 69 66 57 58 70 43 44 20 54 5 33 40 15 29 60 63 13 3 48 49 8 11 37 26 28 42 55 45
best 116634
time 950077 ms
seed 19
