jobs 80
mach 20
init 0 9 5 47 3 72 53 1 15 18 25 48 2 30 69 43 21 59 28 76 67 44 31 29 78 4 16 55 40 79 73 77 39 45 80 57 63 12 74 19 50 71 11 75 27 51 14 32 65 22 17 62 42 41 66 64 13 36 24 70 7 68 20 6 56 46 60 33 26 52 35 10 8 58 34 37 49 23 38 54 61
best 236928
best 233464 step 1 time 378 ms
best 233297 step 3 time 620 ms
best 231424 step 4 time 743 ms
best 227816 step 9 time 1374 ms
best 226694 step 13 time 1816 ms
best 224771 step 14 time 1977 ms
best 223582 step 15 time 2134 ms
best 220089 step 20 time 2502 ms
best 217186 step 40 time 4590 ms
best 216130 step 41 time 4700 ms
best 215598 step 319 time 33095 ms
best 215579 step 465 time 47944 ms
best 214899 step 1996 time 203186 ms
best 213396 step 2674 time 271287 ms
best 213158 step 5795 time 588225 ms
done 0 47 5 26 21 72 53 1 15 59 25 48 2 18 45 30 3 67 44 31 80 69 55 43 77 28 32 76 78 29 12 40 22 73 39 9 16 63 57 74 4 19 50 11 79 62 75 71 51 14 17 64 65 42 27 70 66 60 36 24 41 7 6 13 68 56 46 52 35 20 33 8 10 58 34 49 37 23 54 61 38
best 213158
time 950017 ms
seed 19
