jobs 80
mach 20
init 0 5 9 52 75 28 48 74 24 35 39 32 21 73 49 11 10 18 60 44 4 23 13 31 64 30 61 68 69 7 34 1 25 33 12 70 43 6 62 42 36 14 16 8 26 51 45 17 46 66 57 37 50 59 20 2 15 29 58 56 38 76 55 72 80 41 71 22 63 78 77 47 65 79 53 3 27 19 54 40 67
best 202866
best 200055 step 3 time 729 ms
best 199358 step 6 time 1303 ms
best 199337 step 7 time 1392 ms
best 199200 step 9 time 1608 ms
best 194495 step 11 time 1907 ms
best 194470 step 96 time 11132 ms
best 193919 step 97 time 11295 ms
best 193173 step 106 time 12141 ms
best 193062 step 119 time 13592 ms
best 192123 step 122 time 13873 ms
best 190925 step 250 time 28174 ms
best 190668 step 459 time 49806 ms
best 190435 step 463 time 50282 ms
best 188973 step 479 time 51963 ms
best 188708 step 3368 time 356661 ms
best 188469 step 3369 time 356758 ms
best 188352 step 3483 time 368188 ms
best 188210 step 3484 time 368234 ms
best 186622 step 3952 time 417691 ms
done 0 5 9 52 75 28 48 74 49 60 35 21 18 39 32 61 11 10 68 44 36 64 33 31 4 69 1 13 24 70 59 25 34 12 23 43 17 7 14 73 2 45 20 46 8 26 57 66 55 16 51 37 6 62 22 50 80 15 76 42 29 56 38 30 58 71 72 41 63 78 77 47 65 79 53 40 67 27 19 54 3
best 186622
time 950052 ms
seed 19
