jobs 80
mach 20
init 0 38 45 24 46 78 42 75 1 19 56 63 14 61 12 20 7 22 29 11 49 31 27 33 41 60 57 10 17 66 69 71 76 30 53 44 34 26 4 79 72 48 77 62 32 15 73 28 51 5 8 16 3 74 67 50 39 59 80 2 9 18 21 35 64 40 70 23 25 68 54 36 58 43 6 13 55 37 47 52 65
best 196771
best 190446 step 1 time 313 ms
best 189437 step 3 time 560 ms
best 186322 step 5 time 890 ms
best 184740 step 7 time 1189 ms
best 183886 step 9 time 1399 ms
best 182776 step 24 time 3346 ms
best 182761 step 128 time 15796 ms
best 182717 step 132 time 16342 ms
best 182666 step 133 time 16478 ms
best 182544 step 137 time 17101 ms
best 182082 step 364 time 45003 ms
best 181756 step 366 time 45325 ms
best 181408 step 367 time 45420 ms
best 180535 step 383 time 47181 ms
best 179383 step 530 time 66059 ms
best 179163 step 542 time 67495 ms
best 178956 step 666 time 83104 ms
best 176306 step 986 time 122952 ms
best 175269 step 4540 time 561539 ms
best 174728 step 5988 time 741326 ms
done 0 19 3 24 45 78 42 75 1 76 20 63 14 49 41 61 7 44 12 46 56 31 10 59 71 27 22 11 69 60 17 33 79 72 29 57 34 53 4 66 30 48 26 5 32 77 21 15 73 35 28 51 50 39 9 74 8 16 67 80 40 2 68 25 70 62 64 38 18 54 58 43 36 6 23 13 55 37 47 52 65
best 174728
time 950057 ms
seed 19
