jobs 80
mach 20
init 0 21 36 65 70 66 1 25 74 68 4 31 58 20 77 27 23 17 8 69 61 33 11 44 3 56 75 16 34 5 50 49 55 64 22 57 18 46 14 45 12 73 40 6 30 62 79 52 32 19 10 7 28 76 80 63 60 53 78 29 37 35 38 41 47 43 51 42 9 48 13 2 24 15 26 71 67 39 54 59 72
best 286035
best 286000 step 1 time 339 ms
best 281270 step 2 time 592 ms
best 278337 step 3 time 712 ms
best 276605 step 6 time 944 ms
best 260842 step 7 time 1302 ms
best 260127 step 37 time 4710 ms
best 258772 step 38 time 4807 ms
best 257641 step 106 time 12996 ms
best 256114 step 129 time 15485 ms
best 254922 step 3456 time 394695 ms
best 254285 step 6712 time 766817 ms
done 0 21 65 68 23 1 36 25 58 70 4 77 74 31 66 55 40 33 3 56 27 17 11 49 57 16 20 34 75 8 69 44 73 22 53 5 45 80 30 50 14 18 46 19 10 6 52 79 7 61 32 76 28 12 29 38 41 51 78 47 35 63 48 62 9 26 42 37 13 71 43 60 64 24 2 72 67 39 15 54 59
best 254285
time 950034 ms
seed 19
