jobs 80
mach 20
init 0 56 47 3 21 59 29 50 32 31 38 60 15 17 72 18 64 23 67 73 62 7 71 4 57 54 2 43 49 13 44 69 41 34 30 39 8 14 22 45 53 48 66 74 52 63 76 75 46 35 61 36 19 40 68 20 78 11 27 42 28 33 58 55 80 9 16 77 10 51 26 25 79 6 12 5 24 1 65 37 70
best 321451
best 294460 step 2 time 479 ms
best 294300 step 3 time 632 ms
best 294089 step 10 time 1117 ms
best 290067 step 11 time 1215 ms
best 289858 step 17 time 1774 ms
best 288724 step 22 time 2236 ms
best 288074 step 34 time 3417 ms
best 286726 step 315 time 36202 ms
best 285590 step 401 time 45384 ms
best 284562 step 416 time 47050 ms
best 284467 step 417 time 47188 ms
best 284252 step 424 time 47825 ms
best 283476 step 431 time 48372 ms
best 282603 step 435 time 48769 ms
best 282593 step 7061 time 779637 ms
done 0 38 56 47 57 59 17 50 31 21 32 15 3 60 29 18 67 64 72 54 66 71 4 62 2 41 34 43 8 25 49 74 52 23 7 14 19 13 44 11 30 36 48 20 39 22 45 75 58 55 46 69 63 76 73 40 53 35 42 61 33 27 28 68 10 24 16 77 78 80 1 51 6 79 26 65 12 5 9 37 70
best 282593
time 950071 ms
seed 19
