jobs 80
mach 20
init 0 66 53 47 25 18 41 71 11 29 62 4 17 42 57 14 19 2 22 63 15 65 76 38 58 37 12 21 23 72 79 77 70 59 74 75 6 52 61 73 30 28 39 26 13 35 7 1 78 24 50 60 33 55 3 40 54 27 67 20 49 10 34 80 36 64 31 9 43 46 44 68 8 5 32 69 48 51 45 16 56
best 273360
best 268846 step 1 time 423 ms
best 266979 step 2 time 507 ms
best 264639 step 3 time 637 ms
best 264594 step 4 time 789 ms
best 264470 step 5 time 841 ms
best 261082 step 9 time 1282 ms
best 254147 step 10 time 1418 ms
best 251726 step 43 time 6359 ms
best 250044 step 44 time 6504 ms
best 249255 step 46 time 6777 ms
best 248743 step 48 time 7018 ms
best 248070 step 74 time 10569 ms
best 246333 step 75 time 10699 ms
best 246148 step 120 time 17117 ms
best 245331 step 217 time 31464 ms
best 244771 step 218 time 31670 ms
best 243799 step 220 time 31992 ms
best 243763 step 222 time 32434 ms
best 243606 step 223 time 32614 ms
best 242930 step 228 time 33346 ms
best 242876 step 229 time 33411 ms
done 0 66 25 53 47 17 29 2 18 57 19 71 62 58 42 1 50 14 4 38 41 11 65 52 22 76 63 20 21 15 73 79 55 70 37 59 75 6 74 72 28 26 13 61 39 30 35 54 12 78 60 7 77 23 33 10 3 67 24 34 40 36 64 31 46 44 49 27 8 32 80 9 69 43 5 48 51 45 68 56 16
best 242876
time 950021 ms
seed 19
