jobs 80
mach 20
init 0 55 2 70 45 1 43 68 71 8 34 6 13 7 74 72 67 47 78 37 54 50 22 26 27 17 32 23 48 64 53 46 65 9 39 29 25 40 35 49 33 61 66 16 15 52 75 38 36 4 80 60 42 21 18 51 14 5 73 57 20 3 56 58 30 19 63 28 79 41 76 11 77 59 31 62 44 69 24 12 10
best 185685
best 180638 step 1 time 268 ms
best 180386 step 5 time 567 ms
best 180384 step 6 time 628 ms
best 179645 step 22 time 2165 ms
best 179361 step 37 time 3408 ms
best 178858 step 39 time 3599 ms
best 176095 step 109 time 10976 ms
best 175675 step 110 time 11094 ms
best 175566 step 324 time 34918 ms
best 175217 step 326 time 35163 ms
best 173469 step 329 time 35515 ms
best 173322 step 503 time 53262 ms
best 173067 step 3617 time 396414 ms
best 172635 step 5477 time 604462 ms
best 172589 step 7696 time 848280 ms
done 0 55 2 1 45 13 43 68 67 71 54 70 34 65 6 7 74 8 72 47 78 22 26 50 27 36 51 48 46 37 32 23 39 25 40 53 35 17 9 29 33 61 4 49 52 15 5 66 75 38 3 16 60 21 18 42 57 58 73 64 56 80 14 59 30 19 63 41 20 76 79 11 31 77 28 62 24 69 44 12 10
best 172589
time 950080 ms
seed 19
