jobs 80
mach 20
init 0 20 68 71 65 60 27 76 22 26 9 25 46 54 14 24 70 43 39 10 66 33 53 41 2 56 61 64 34 47 15 13 50 52 5 38 51 17 59 18 31 80 11 49 72 35 40 48 57 75 45 42 12 16 69 30 23 1 44 62 37 3 28 74 55 78 36 67 4 77 6 19 32 8 58 21 63 29 73 79 7
best 244047
best 241903 step 2 time 563 ms
best 240715 step 9 time 1535 ms
best 239167 step 18 time 2743 ms
best 239160 step 19 time 2823 ms
best 235033 step 20 time 3032 ms
best 234376 step 45 time 5876 ms
best 232388 step 65 time 8596 ms
best 232049 step 67 time 8927 ms
best 231600 step 181 time 21489 ms
best 229719 step 182 time 21654 ms
best 228891 step 318 time 37118 ms
best 228723 step 321 time 37377 ms
best 227991 step 322 time 37499 ms
best 227790 step 323 time 37607 ms
best 226742 step 1092 time 129119 ms
best 226715 step 3827 time 445007 ms
best 225907 step 4090 time 475884 ms
done 0 68 20 71 26 46 9 24 75 65 25 76 27 22 39 70 10 43 72 14 66 54 35 42 2 41 53 60 61 64 34 56 47 50 38 18 31 51 17 5 59 11 33 49 15 16 52 40 4 57 80 45 48 23 69 62 13 44 28 37 1 30 78 3 12 36 74 55 32 67 58 77 8 21 6 19 29 63 73 79 7
best 225907
time 950064 ms
seed 19
