jobs 80
mach 20
init 0 67 22 54 7 23 75 18 64 14 5 77 42 19 58 39 66 80 72 49 51 38 79 9 34 40 47 16 63 69 26 50 35 11 3 74 45 46 27 62 1 52 48 61 33 4 25 56 78 15 65 41 60 21 31 68 37 6 8 36 29 59 73 53 17 43 13 71 28 10 57 20 12 70 2 76 44 55 32 30 24
best 234503
best 234324 step 1 time 481 ms
best 233383 step 2 time 653 ms
best 231263 step 3 time 795 ms
best 230630 step 6 time 1196 ms
best 229322 step 7 time 1304 ms
best 228342 step 8 time 1407 ms
best 227643 step 10 time 1722 ms
best 224008 step 24 time 3559 ms
best 223992 step 25 time 3627 ms
best 223972 step 31 time 4329 ms
best 223267 step 38 time 5146 ms
best 222446 step 214 time 26386 ms
best 222423 step 216 time 26683 ms
best 221125 step 219 time 26896 ms
best 220855 step 222 time 27266 ms
best 220814 step 582 time 69958 ms
best 219844 step 584 time 70308 ms
best 219529 step 2775 time 333230 ms
best 219163 step 4013 time 480134 ms
best 218913 step 4015 time 480331 ms
best 217974 step 4016 time 480525 ms
done 0 67 22 54 7 77 18 64 5 23 16 27 39 42 14 19 58 66 51 80 72 75 33 38 34 26 11 40 79 21 63 69 50 47 46 3 6 74 68 56 1 35 45 49 41 9 29 4 61 78 48 25 62 31 8 37 52 36 60 65 53 15 57 12 71 73 17 43 28 59 10 20 70 13 2 24 76 44 55 32 30
best 217974
time 950028 ms
seed 19
