jobs 80
mach 20
init 0 47 79 6 23 36 59 22 74 77 28 37 80 56 54 21 38 75 69 12 14 55 7 18 45 26 40 30 33 27 2 43 42 16 53 61 71 11 5 24 70 52 32 63 9 8 58 51 65 4 50 72 57 34 17 49 66 67 62 60 64 13 46 35 15 48 29 10 41 76 20 3 25 39 1 73 78 31 68 44 19
best 313200
best 313001 step 1 time 378 ms
best 310914 step 2 time 497 ms
best 307430 step 7 time 1076 ms
best 305321 step 8 time 1264 ms
best 302226 step 13 time 1918 ms
best 299925 step 64 time 7763 ms
best 297640 step 66 time 8037 ms
best 296876 step 91 time 11035 ms
best 293119 step 111 time 13396 ms
best 291799 step 121 time 14550 ms
best 291733 step 122 time 14670 ms
best 290466 step 247 time 29449 ms
best 288964 step 250 time 29762 ms
best 288494 step 273 time 31952 ms
best 287212 step 1637 time 184230 ms
best 286755 step 1639 time 184467 ms
done 0 47 79 36 59 23 77 28 56 80 37 12 61 75 7 55 6 74 21 38 14 58 18 70 62 26 69 16 33 11 54 43 71 40 9 30 42 53 27 51 5 63 52 8 32 13 65 4 72 66 45 24 49 22 34 17 67 10 60 57 48 20 64 35 2 15 50 46 29 41 76 39 25 3 1 73 78 31 68 44 19
best 286755
time 950052 ms
seed 19
