jobs 90
mach 20
init 0 35 46 50 45 26 32 75 43 71 90 13 64 61 80 89 66 70 24 49 63 39 29 44 25 41 88 76 79 17 60 48 20 1 56 51 87 8 57 58 23 37 85 77 62 7 27 3 19 47 52 72 15 5 34 84 16 53 73 2 83 36 28 30 86 82 68 14 18 74 38 55 10 21 11 42 40 6 33 9 4 78 81 69 67 65 54 59 22 12 31
best 379324
best 370851 step 2 time 857 ms
best 366823 step 3 time 997 ms
best 365575 step 9 time 2224 ms
best 365360 step 10 time 2526 ms
best 362817 step 26 time 5573 ms
best 362565 step 70 time 13543 ms
best 359259 step 76 time 14691 ms
best 357391 step 79 time 15355 ms
best 357327 step 137 time 26185 ms
best 356987 step 162 time 30995 ms
best 355997 step 163 time 31159 ms
best 355367 step 164 time 31354 ms
best 353276 step 168 time 32048 ms
best 352245 step 169 time 32337 ms
best 352225 step 278 time 51759 ms
best 350914 step 283 time 52832 ms
best 350912 step 440 time 83254 ms
best 349488 step 448 time 84422 ms
best 348412 step 449 time 84620 ms
best 348337 step 1764 time 325015 ms
done 0 35 46 13 32 71 45 79 75 50 43 26 90 61 80 63 60 64 1 70 66 27 29 39 41 88 82 24 49 44 20 89 48 25 17 52 5 77 56 87 51 8 23 57 62 37 3 85 58 7 15 47 19 84 16 53 2 76 30 34 86 36 73 83 72 55 10 74 6 14 28 21 42 68 38 11 9 67 78 33 40 18 69 54 65 4 12 81 22 59 31
best 348337
time 950158 ms
seed 19
