jobs 90
mach 20
init 0 47 39 55 32 1 75 53 83 28 20 69 22 9 68 35 72 70 8 59 45 77 64 87 40 21 26 86 7 29 25 42 73 44 13 54 52 63 6 49 14 57 30 17 4 89 43 67 62 31 81 66 88 19 48 50 65 16 23 36 74 5 38 33 18 41 82 34 12 85 78 79 60 27 80 61 10 51 76 37 84 71 3 11 15 24 90 2 46 56 58
best 421628
best 412452 step 1 time 481 ms
best 410025 step 2 time 684 ms
best 396340 step 5 time 1023 ms
best 395325 step 25 time 4263 ms
best 394464 step 27 time 4609 ms
best 394056 step 39 time 6562 ms
best 392019 step 41 time 6910 ms
best 389761 step 54 time 9360 ms
best 389671 step 55 time 9457 ms
best 386204 step 81 time 12893 ms
best 385067 step 297 time 49086 ms
best 381869 step 1205 time 201445 ms
done 0 47 26 75 20 64 40 55 53 18 28 1 73 32 83 68 35 72 70 39 59 45 30 8 60 25 87 43 77 44 69 29 89 42 49 13 7 63 21 17 81 16 9 6 57 27 14 67 4 48 50 36 88 65 62 74 31 66 86 23 54 19 52 82 38 85 34 10 41 84 22 33 12 61 37 71 79 5 80 78 3 11 15 76 24 51 2 90 46 56 58
best 381869
time 950095 ms
seed 19
