jobs 90
mach 20
init 0 20 85 12 57 2 52 14 77 33 19 54 67 88 45 81 24 46 11 48 27 71 43 32 28 22 87 79 18 40 34 68 37 69 78 42 39 5 10 63 82 26 86 1 75 23 70 29 61 15 25 17 53 6 50 49 59 4 31 90 47 21 56 65 41 58 55 80 35 72 76 73 13 8 3 36 83 89 64 16 44 7 62 66 60 84 74 38 51 9 30
best 399123
best 392229 step 1 time 948 ms
best 388294 step 2 time 1256 ms
best 383995 step 7 time 2639 ms
best 382964 step 22 time 5894 ms
best 377409 step 23 time 6254 ms
best 376721 step 24 time 6484 ms
best 375108 step 28 time 7474 ms
best 374994 step 396 time 94181 ms
best 374270 step 753 time 180743 ms
best 371060 step 754 time 180950 ms
best 370624 step 755 time 181171 ms
best 368549 step 1964 time 466311 ms
best 368436 step 1967 time 467245 ms
done 0 52 85 22 12 57 43 2 33 21 67 45 42 31 24 20 81 27 54 14 11 48 32 71 87 5 46 88 78 28 34 75 10 79 68 37 63 40 69 17 1 23 26 39 18 82 86 70 61 4 29 50 15 65 19 55 49 90 6 59 25 77 58 80 56 89 8 73 53 47 76 35 72 13 66 3 41 62 44 83 64 38 7 36 16 60 84 51 9 74 30
best 368436
time 950216 ms
seed 19
