jobs 90
mach 20
init 0 23 66 12 78 85 1 55 9 7 81 58 16 64 53 65 57 75 48 37 44 82 56 26 27 42 43 11 6 10 60 83 80 17 35 76 63 84 2 36 31 50 49 59 45 18 61 77 33 8 3 32 70 71 46 47 67 52 24 14 62 39 13 19 28 4 15 25 90 68 51 73 74 38 34 21 87 5 86 88 89 69 30 29 41 54 72 20 40 79 22
best 358089
best 355492 step 1 time 511 ms
best 344625 step 3 time 950 ms
best 341721 step 4 time 1079 ms
best 337942 step 11 time 2300 ms
best 337018 step 12 time 2578 ms
best 335651 step 15 time 3251 ms
best 333956 step 17 time 3533 ms
best 333942 step 19 time 3753 ms
best 333659 step 20 time 3859 ms
best 333559 step 23 time 4312 ms
best 333190 step 24 time 4464 ms
best 332427 step 72 time 12343 ms
best 332228 step 120 time 19799 ms
best 331839 step 172 time 28345 ms
best 331680 step 366 time 58523 ms
best 331603 step 369 time 58961 ms
best 330879 step 395 time 62392 ms
best 329780 step 473 time 75159 ms
best 327638 step 1356 time 223978 ms
best 326362 step 2297 time 377370 ms
done 0 23 12 66 78 16 1 55 9 7 81 61 44 82 11 65 64 26 85 56 80 17 53 57 6 27 42 60 63 36 84 37 43 76 10 49 83 2 35 45 33 46 58 77 3 18 50 47 75 71 52 31 14 39 32 70 8 67 73 4 19 24 62 25 59 90 28 74 13 48 68 87 21 88 51 5 29 38 34 15 86 89 69 30 20 41 22 54 72 79 40
best 326362
time 950098 ms
seed 19
