jobs 90
mach 20
init 0 23 45 61 65 51 58 34 35 6 42 52 7 70 19 84 26 80 59 50 88 15 75 11 22 76 56 39 69 8 17 43 27 32 1 77 44 72 2 40 55 60 9 78 54 24 71 16 74 41 13 49 67 73 29 37 79 53 68 30 85 12 46 81 66 14 10 48 63 87 89 90 86 31 20 57 5 4 25 36 3 33 82 64 62 21 18 83 38 47 28
best 470615
best 448009 step 1 time 499 ms
best 447979 step 2 time 675 ms
best 446379 step 3 time 909 ms
best 437506 step 4 time 1173 ms
best 436179 step 6 time 1543 ms
best 436058 step 7 time 1702 ms
best 433840 step 8 time 1825 ms
best 433333 step 10 time 2090 ms
best 431891 step 11 time 2260 ms
best 429627 step 15 time 3036 ms
best 429376 step 16 time 3143 ms
best 425624 step 19 time 3623 ms
best 419670 step 21 time 3794 ms
best 419325 step 42 time 6706 ms
best 415026 step 43 time 6919 ms
best 413703 step 54 time 8684 ms
best 409937 step 55 time 8894 ms
best 409221 step 152 time 25141 ms
best 406447 step 155 time 25656 ms
best 405597 step 169 time 28278 ms
best 405481 step 170 time 28371 ms
best 404676 step 173 time 28785 ms
best 402425 step 2218 time 388330 ms
best 401644 step 2730 time 475667 ms
best 400988 step 4255 time 737444 ms
best 400927 step 4256 time 737531 ms
done 0 12 51 11 65 45 58 35 42 61 6 27 7 22 70 15 75 19 84 50 17 56 32 16 34 59 69 55 52 2 77 8 60 43 39 29 10 40 66 1 80 73 78 30 74 67 68 71 81 24 87 54 37 88 9 89 49 26 48 85 44 72 76 53 41 13 79 90 31 63 14 57 20 46 4 23 5 25 86 33 36 3 18 21 82 64 62 83 47 38 28
best 400927
time 950129 ms
seed 19
