jobs 90
mach 20
init 0 70 55 78 51 42 27 16 54 64 60 28 10 8 73 39 1 81 82 30 53 2 14 36 52 68 34 49 63 31 89 47 11 48 40 9 29 90 57 12 13 32 45 83 66 59 80 25 5 26 41 86 37 77 87 35 23 4 7 71 74 24 58 62 56 18 88 69 61 65 46 76 3 67 72 21 15 43 19 6 22 17 79 85 33 44 38 84 20 50 75
best 433608
best 423186 step 2 time 863 ms
best 421630 step 3 time 1102 ms
best 419719 step 5 time 1575 ms
best 418479 step 12 time 3115 ms
best 417407 step 29 time 6228 ms
best 415578 step 43 time 9022 ms
best 414896 step 45 time 9505 ms
best 413762 step 76 time 16613 ms
best 413268 step 77 time 16804 ms
best 413055 step 80 time 17289 ms
best 412553 step 81 time 17398 ms
best 410243 step 84 time 18317 ms
best 409665 step 85 time 18562 ms
best 409626 step 86 time 18719 ms
best 409621 step 88 time 18850 ms
best 407366 step 94 time 20321 ms
best 407097 step 95 time 20560 ms
best 405918 step 152 time 32928 ms
best 405769 step 153 time 33130 ms
best 403130 step 516 time 113835 ms
best 403120 step 517 time 113972 ms
best 401912 step 1388 time 301852 ms
best 400328 step 3893 time 845382 ms
best 399701 step 3894 time 845680 ms
best 397265 step 3903 time 847917 ms
done 0 55 16 47 64 51 8 42 28 78 90 54 60 73 1 10 39 81 27 89 30 53 36 52 63 34 32 2 37 49 14 11 68 12 48 41 31 88 9 69 5 40 70 71 83 13 80 25 26 4 82 24 58 23 77 35 86 29 57 87 67 7 76 3 43 17 62 33 74 56 18 21 46 61 45 65 59 66 19 22 84 44 15 20 79 38 85 6 50 72 75
best 397265
time 950167 ms
seed 19
