jobs 90
mach 20
init 0 85 48 7 71 58 49 54 36 74 21 41 11 12 79 6 70 13 46 38 20 28 3 24 76 31 43 90 68 27 44 15 26 22 34 60 81 83 17 62 33 75 57 61 56 51 2 63 87 72 23 37 47 25 84 45 18 19 29 5 50 69 88 80 78 16 89 10 73 35 59 67 39 53 55 66 77 30 42 8 40 14 4 82 32 65 9 52 1 64 86
best 441988
best 438829 step 1 time 610 ms
best 437153 step 2 time 784 ms
best 432148 step 3 time 964 ms
best 430861 step 7 time 1575 ms
best 425840 step 8 time 1879 ms
best 422160 step 10 time 2315 ms
best 422123 step 11 time 2389 ms
best 419542 step 19 time 3685 ms
best 417318 step 22 time 4118 ms
best 413414 step 23 time 4480 ms
best 412894 step 28 time 5512 ms
best 412525 step 29 time 5702 ms
best 410732 step 31 time 5918 ms
best 410725 step 39 time 6988 ms
best 409179 step 41 time 7389 ms
best 406684 step 146 time 26539 ms
best 406580 step 195 time 35667 ms
best 406269 step 196 time 35775 ms
best 406205 step 197 time 36030 ms
best 404419 step 491 time 86418 ms
best 403434 step 610 time 106253 ms
best 403060 step 611 time 106405 ms
best 400060 step 621 time 107722 ms
best 399348 step 3591 time 610974 ms
done 0 48 58 49 54 36 85 74 24 11 12 7 71 6 15 21 41 46 66 44 3 18 70 79 28 20 84 43 38 27 76 31 83 88 22 81 17 57 87 75 61 60 34 90 68 26 45 2 33 62 37 51 72 59 23 25 67 63 19 30 53 29 50 89 35 69 56 78 80 16 5 10 47 39 42 13 55 77 73 1 14 4 8 64 82 65 9 86 32 52 40
best 399348
time 950029 ms
seed 19
