jobs 90
mach 20
init 0 12 36 78 60 15 6 34 75 11 56 71 61 31 72 66 82 2 57 87 88 46 51 67 35 20 50 39 13 32 58 55 90 21 33 83 8 65 48 44 28 4 10 77 29 3 37 52 26 53 42 63 54 23 27 69 30 80 22 16 84 89 85 49 17 14 86 25 68 76 62 73 81 7 79 41 19 43 24 38 45 47 5 64 18 1 40 59 9 74 70
best 339506
best 334876 step 1 time 467 ms
best 334512 step 4 time 897 ms
best 332243 step 10 time 2051 ms
best 332042 step 11 time 2189 ms
best 321035 step 12 time 2360 ms
best 317207 step 13 time 2592 ms
best 317172 step 17 time 3350 ms
best 312829 step 18 time 3621 ms
best 312789 step 19 time 3784 ms
best 311600 step 166 time 28269 ms
best 311576 step 167 time 28362 ms
best 311134 step 409 time 68583 ms
best 310934 step 410 time 68736 ms
best 310099 step 411 time 68869 ms
best 309820 step 412 time 69016 ms
best 309061 step 416 time 69499 ms
best 308695 step 1742 time 289486 ms
best 308121 step 1745 time 289999 ms
done 0 12 60 66 78 72 15 8 6 71 11 83 56 34 88 61 55 87 82 51 21 46 75 57 52 67 35 20 10 50 13 39 32 28 33 42 90 58 48 44 26 4 2 65 22 69 77 31 14 54 53 27 29 89 3 80 17 16 86 30 63 36 84 37 85 49 76 79 25 23 73 81 62 68 5 41 7 1 59 18 43 47 38 45 64 24 9 19 74 70 40
best 308121
time 950157 ms
seed 19
