jobs 90
mach 20
init 0 42 69 35 4 76 53 89 65 88 77 67 46 12 27 31 33 25 57 58 37 52 55 62 44 9 32 5 80 36 54 28 66 17 73 45 1 64 6 48 26 81 70 79 72 83 30 14 2 90 85 78 41 29 43 87 3 60 13 15 50 7 74 59 39 34 20 24 71 61 8 84 10 63 51 75 38 11 19 47 56 21 40 82 49 16 86 18 22 68 23
best 364754
best 359964 step 1 time 690 ms
best 359176 step 2 time 1035 ms
best 358995 step 10 time 2482 ms
best 358012 step 12 time 2809 ms
best 356946 step 13 time 2961 ms
best 352406 step 15 time 3162 ms
best 351358 step 28 time 5735 ms
best 351280 step 202 time 34825 ms
best 349549 step 231 time 39379 ms
best 349388 step 235 time 39842 ms
best 349211 step 323 time 55545 ms
best 348532 step 324 time 55780 ms
best 347090 step 340 time 58280 ms
best 347061 step 438 time 75264 ms
best 346350 step 486 time 83690 ms
best 343354 step 549 time 94784 ms
best 342812 step 550 time 94964 ms
best 342490 step 1254 time 214737 ms
best 341748 step 2666 time 449096 ms
best 340817 step 3330 time 560233 ms
done 0 28 76 42 69 12 35 25 4 44 89 53 62 46 65 5 52 31 30 54 55 88 73 33 27 80 77 17 67 36 32 9 57 58 37 45 1 14 6 64 83 66 79 72 81 70 13 3 90 26 85 29 78 48 2 87 43 39 60 50 61 7 41 84 24 15 34 20 75 74 51 59 10 63 8 21 71 11 47 38 82 22 19 40 16 86 18 49 68 23 56
best 340817
time 950131 ms
seed 19
