jobs 100
mach 20
init 0 87 22 92 26 47 72 27 63 97 16 80 13 88 50 99 41 68 34 12 23 86 24 6 93 70 91 25 55 96 61 17 89 52 54 30 67 33 51 21 39 94 100 71 32 43 84 10 20 69 46 1 18 36 98 37 45 2 42 95 83 82 15 75 3 85 73 35 49 62 9 79 4 29 90 7 78 74 11 76 5 56 31 53 59 60 19 57 48 40 81 65 44 14 64 58 66 28 38 8 77
best 375241
best 370499 step 1 time 996 ms
best 365745 step 3 time 1262 ms
best 364475 step 4 time 1491 ms
best 362316 step 15 time 4440 ms
best 361519 step 82 time 22190 ms
best 361303 step 88 time 24199 ms
best 358775 step 93 time 25307 ms
best 356775 step 94 time 25562 ms
best 356668 step 96 time 25973 ms
best 356126 step 97 time 26213 ms
best 355820 step 232 time 63208 ms
best 355738 step 1148 time 300708 ms
best 354263 step 1149 time 300891 ms
done 0 72 91 92 80 27 97 22 63 47 26 50 67 16 37 12 68 34 99 87 88 5 70 25 23 86 6 98 61 13 93 41 33 96 1 30 89 94 75 55 100 51 39 71 32 43 17 84 54 20 36 18 69 24 46 45 83 82 15 52 10 3 2 73 42 95 35 31 21 60 29 79 49 62 90 85 76 4 9 7 78 74 38 56 48 53 11 64 19 59 40 66 57 81 65 44 14 28 8 58 77
best 354263
time 950073 ms
seed 18
