jobs 100
mach 20
init 0 61 48 51 17 79 37 13 41 67 92 80 70 24 89 23 73 77 87 86 66 38 82 91 16 35 12 83 22 47 94 34 65 33 54 74 52 63 42 64 72 78 4 14 19 69 20 60 56 7 6 84 9 28 27 93 1 76 100 43 50 96 30 31 3 45 59 68 58 53 95 62 39 49 81 88 36 98 55 97 75 85 15 29 99 26 11 44 46 25 21 32 71 40 57 90 2 8 5 18 10
best 522910
best 521532 step 3 time 1115 ms
best 511272 step 4 time 1418 ms
best 504783 step 5 time 1696 ms
best 497074 step 7 time 2381 ms
best 495095 step 10 time 3302 ms
best 494594 step 11 time 3533 ms
best 491115 step 29 time 8584 ms
best 490622 step 30 time 8913 ms
best 489549 step 32 time 9419 ms
best 488671 step 34 time 9797 ms
best 486917 step 35 time 10091 ms
best 486775 step 37 time 10632 ms
best 481967 step 38 time 10889 ms
best 481775 step 41 time 11620 ms
best 481725 step 42 time 11735 ms
best 480721 step 451 time 115066 ms
best 480120 step 958 time 245122 ms
best 480032 step 959 time 245343 ms
best 478241 step 1686 time 426509 ms
done 0 61 13 41 17 77 79 51 70 80 67 37 58 74 23 54 24 12 9 22 87 38 16 82 35 86 63 91 69 89 34 7 42 72 14 92 65 1 66 64 56 4 20 19 33 52 84 83 94 60 6 96 76 88 50 73 100 43 62 68 81 78 53 28 27 31 93 59 95 39 48 47 30 55 75 29 15 97 85 49 36 99 45 11 44 46 21 26 98 25 3 32 40 71 57 90 2 8 18 10 5
best 478241
time 950315 ms
seed 18
