jobs 100
mach 20
init 0 67 75 71 11 4 92 86 94 54 56 2 83 20 16 100 65 53 17 23 58 10 64 60 59 82 47 91 25 21 36 76 33 46 39 81 32 95 69 44 43 49 84 55 97 52 1 6 89 96 37 38 57 78 63 98 30 15 12 13 18 41 99 40 26 34 74 70 29 42 73 14 51 45 62 3 19 8 27 31 35 28 85 50 24 90 80 87 22 7 9 66 61 79 68 72 48 93 5 88 77
best 477753
best 476620 step 3 time 1195 ms
best 474987 step 5 time 1662 ms
best 474857 step 6 time 1830 ms
best 467174 step 7 time 2188 ms
best 466357 step 16 time 4685 ms
best 465822 step 17 time 4897 ms
best 464573 step 33 time 8954 ms
best 463328 step 34 time 9184 ms
best 462178 step 100 time 27905 ms
best 461678 step 106 time 29357 ms
best 460939 step 116 time 31483 ms
best 458389 step 277 time 72841 ms
best 457825 step 694 time 182771 ms
best 451474 step 695 time 182976 ms
best 449852 step 702 time 184402 ms
best 447148 step 703 time 184667 ms
done 0 67 75 71 11 16 4 60 92 53 2 83 94 54 86 65 56 64 76 17 10 20 39 91 82 21 33 59 23 58 73 100 13 44 36 47 25 43 32 95 69 46 49 41 89 84 55 96 52 37 6 98 81 15 97 12 30 1 38 57 78 34 99 42 31 8 40 19 45 74 70 26 35 63 18 85 29 62 51 7 50 3 27 24 80 14 28 66 90 79 87 22 68 93 72 88 5 9 48 61 77
best 447148
time 950218 ms
seed 18
