jobs 100
mach 20
init 0 98 50 26 22 99 21 25 38 55 89 2 30 29 83 61 16 95 35 15 80 17 36 96 86 85 11 69 1 14 8 40 32 53 13 94 65 44 92 24 47 91 75 37 51 3 90 72 87 63 59 28 68 54 23 58 56 7 18 41 66 19 10 81 27 79 31 97 45 48 77 67 78 34 100 57 93 33 4 74 70 5 43 49 46 73 20 62 64 88 6 60 42 84 82 39 12 76 71 9 52
best 459852
best 457188 step 1 time 858 ms
best 450351 step 2 time 1217 ms
best 449038 step 4 time 1865 ms
best 443981 step 5 time 2246 ms
best 439195 step 6 time 2851 ms
best 438845 step 12 time 4758 ms
best 438372 step 14 time 5126 ms
best 438113 step 421 time 135367 ms
best 437480 step 422 time 135512 ms
best 435927 step 589 time 188800 ms
best 434799 step 593 time 190046 ms
best 432194 step 594 time 190380 ms
done 0 98 22 99 21 25 26 29 36 61 38 30 55 95 17 35 15 13 89 2 83 16 96 69 85 1 8 11 81 80 79 50 53 32 14 86 24 37 44 91 75 92 31 40 3 63 47 23 54 94 19 10 59 90 56 41 68 87 72 28 57 51 27 48 45 65 67 7 18 66 78 58 74 70 100 77 97 33 5 43 34 93 4 46 49 73 42 60 20 62 64 88 39 6 9 84 71 82 52 76 12
best 432194
time 950183 ms
seed 18
