jobs 100
mach 20
init 0 23 62 29 81 75 37 21 90 32 98 17 16 25 1 71 55 34 27 52 42 45 12 80 40 19 11 77 87 50 61 97 88 84 68 44 82 79 69 18 70 85 66 51 59 60 64 49 39 86 83 2 26 33 89 95 73 9 22 94 53 56 58 5 76 67 10 65 35 91 78 36 20 15 92 24 99 13 6 30 63 8 31 47 54 100 14 48 41 7 3 74 96 46 28 4 93 72 43 57 38
best 572271
best 561583 step 4 time 1626 ms
best 560672 step 5 time 1903 ms
best 552364 step 6 time 2168 ms
best 551287 step 7 time 2637 ms
best 548786 step 11 time 4026 ms
best 541462 step 17 time 6563 ms
best 539230 step 18 time 7037 ms
best 538451 step 139 time 38088 ms
best 537996 step 141 time 38652 ms
best 535115 step 145 time 39879 ms
best 534767 step 152 time 41296 ms
best 532929 step 673 time 178363 ms
best 531405 step 674 time 178564 ms
best 530144 step 688 time 182213 ms
done 0 23 62 1 45 17 21 75 32 37 16 25 34 71 52 55 66 44 12 88 60 61 29 98 77 87 27 10 19 81 42 68 80 79 40 18 11 84 50 69 82 85 70 51 26 86 59 83 39 22 49 64 58 2 53 90 56 73 97 89 9 94 33 5 65 54 91 95 36 76 78 24 92 47 99 6 20 41 13 67 15 30 63 8 35 14 100 96 46 31 74 7 57 48 72 3 28 4 93 38 43
best 530144
time 950074 ms
seed 18
