jobs 100
mach 20
init 0 48 97 61 25 38 31 19 75 4 35 92 21 65 63 100 68 82 64 50 89 9 79 52 22 29 39 86 16 1 24 45 32 96 95 77 6 51 73 94 98 87 66 49 60 70 99 17 91 85 59 41 93 7 37 71 23 18 44 13 47 62 11 36 78 2 14 34 42 83 67 88 72 84 54 10 53 90 80 15 3 20 12 55 30 27 8 76 40 46 56 26 43 5 58 69 33 28 81 74 57
best 491751
best 490979 step 3 time 1834 ms
best 487436 step 5 time 2380 ms
best 485746 step 19 time 6526 ms
best 485355 step 21 time 6901 ms
best 481357 step 22 time 7319 ms
best 481318 step 78 time 21856 ms
best 470779 step 81 time 22403 ms
best 468924 step 84 time 23515 ms
best 463030 step 181 time 49735 ms
done 0 48 31 75 25 1 92 4 38 97 19 77 21 23 82 73 65 99 63 68 24 51 64 9 87 49 96 45 6 39 32 29 83 100 95 86 16 35 79 52 22 70 60 50 89 47 66 59 44 71 94 98 85 37 36 91 14 41 18 11 2 42 17 67 62 88 93 7 34 72 78 13 54 56 84 53 3 90 15 12 55 30 27 61 40 80 33 8 28 20 10 26 76 58 46 5 43 69 81 74 57
best 463030
time 950054 ms
seed 18
