jobs 100
mach 20
init 0 56 3 57 62 84 66 74 81 83 14 55 24 16 39 10 11 46 15 71 64 96 68 21 52 33 38 91 97 23 49 19 94 27 26 98 70 43 29 41 92 100 82 54 80 25 63 18 77 9 75 6 13 31 93 2 12 34 4 51 1 67 36 69 88 61 79 78 50 95 76 35 17 30 42 73 45 59 32 53 48 72 58 7 37 8 86 5 20 87 28 60 90 65 85 89 44 40 47 22 99
best 625919
best 595420 step 1 time 838 ms
best 592857 step 17 time 4788 ms
best 589159 step 18 time 5155 ms
best 588181 step 24 time 6846 ms
best 584343 step 29 time 8209 ms
best 583482 step 30 time 8644 ms
best 579597 step 39 time 10675 ms
best 578566 step 40 time 10914 ms
best 574086 step 79 time 21403 ms
best 572607 step 1230 time 314984 ms
best 571584 step 2067 time 531800 ms
best 568520 step 2068 time 532017 ms
done 0 56 62 55 94 3 24 74 66 57 14 81 15 16 80 83 46 10 91 75 23 29 71 64 68 11 26 96 93 38 21 97 33 54 98 52 19 100 25 41 49 76 12 18 92 17 82 6 70 27 36 63 77 34 4 9 69 13 30 73 79 84 43 88 39 51 61 78 50 95 67 1 35 2 42 32 59 58 37 8 31 45 5 87 72 53 7 60 48 44 86 28 90 65 85 89 20 22 99 40 47
best 568520
time 950087 ms
seed 18
