jobs 100
mach 20
init 0 52 18 24 16 34 8 23 51 53 58 19 70 35 17 98 54 91 38 88 31 2 20 89 67 33 37 96 100 74 81 73 3 45 44 56 65 10 99 85 75 80 36 63 83 79 82 93 69 21 15 61 46 41 1 76 90 86 72 71 50 64 60 43 22 29 92 47 26 84 48 11 32 62 57 59 68 28 6 97 12 42 27 40 94 13 7 14 30 25 95 4 66 49 55 87 5 77 78 9 39
best 468957
best 460575 step 1 time 857 ms
best 459192 step 7 time 2399 ms
best 455559 step 19 time 5621 ms
best 454496 step 542 time 141140 ms
best 454264 step 758 time 195672 ms
best 452437 step 759 time 195887 ms
best 451888 step 1055 time 273618 ms
best 451218 step 1056 time 273866 ms
best 449992 step 1057 time 274023 ms
best 449688 step 1059 time 274611 ms
done 0 52 73 100 16 18 24 23 58 8 53 19 35 1 51 70 98 34 88 38 31 54 2 37 96 67 81 3 33 91 45 65 10 79 44 36 63 20 99 80 85 75 69 82 43 74 56 86 83 21 60 61 41 93 90 17 76 71 46 29 15 89 42 26 30 48 50 40 28 64 59 11 6 97 22 47 84 12 68 57 13 32 72 62 94 87 7 92 27 14 66 55 4 95 5 77 25 39 49 9 78
best 449688
time 950023 ms
seed 18
