jobs 100
mach 20
init 0 26 24 12 18 86 14 72 69 80 52 82 61 43 33 11 64 89 42 63 54 79 7 93 25 57 29 53 13 56 49 97 77 6 81 88 9 92 27 78 59 40 100 84 8 68 5 28 87 17 20 50 4 99 85 73 45 65 44 95 39 1 55 71 30 51 90 37 58 16 19 46 66 83 98 10 38 3 60 67 96 15 47 23 70 94 62 76 41 32 75 31 48 34 36 21 22 35 91 74 2
best 547033
best 546766 step 5 time 1768 ms
best 543681 step 6 time 1895 ms
best 535862 step 9 time 2642 ms
best 532047 step 11 time 3066 ms
best 530068 step 15 time 3880 ms
best 524949 step 20 time 5235 ms
best 522583 step 21 time 5419 ms
best 521591 step 895 time 238677 ms
best 520480 step 902 time 240062 ms
best 519536 step 2086 time 550670 ms
done 0 33 26 24 52 78 86 14 12 72 61 82 42 79 64 29 63 80 54 69 11 43 53 18 56 89 7 93 99 25 97 57 19 17 77 88 5 13 81 40 28 49 68 100 59 8 84 9 90 92 4 50 73 65 95 45 44 55 71 46 30 37 1 20 3 85 58 87 39 96 16 67 38 51 60 6 47 66 23 83 15 70 94 27 31 98 10 76 21 32 36 62 75 22 41 35 91 74 2 48 34
best 519536
time 950395 ms
seed 18
