jobs 50
mach 20
init 0 34 16 38 44 28 17 20 46 1 13 24 3 21 43 22 2 48 42 25 40 36 19 33 12 23 7 41 5 29 32 14 4 15 30 50 27 49 37 6 10 8 18 26 11 9 39 45 31 35 47
best 42560
best 42331 step 1 time 79 ms
best 41346 step 2 time 106 ms
best 39327 step 8 time 209 ms
best 38812 step 10 time 247 ms
best 38784 step 11 time 270 ms
best 38267 step 65 time 1219 ms
best 38213 step 68 time 1266 ms
best 38105 step 69 time 1285 ms
best 38103 step 71 time 1321 ms
best 37992 step 6608 time 114457 ms
best 37906 step 13426 time 233464 ms
best 37844 step 20820 time 362856 ms
done 0 34 16 44 20 17 46 1 13 24 3 38 19 21 28 22 2 48 25 40 42 29 36 33 12 23 7 14 41 5 4 50 15 32 37 30 43 27 49 6 26 10 8 18 31 11 9 39 45 35 47
best 37844
time 950004 ms
seed 18
