jobs 50
mach 20
init 0 46 16 38 32 35 31 43 42 20 47 48 21 33 26 11 12 36 45 28 6 44 17 10 9 14 23 19 25 7 40 15 2 8 18 50 13 41 49 22 27 37 39 4 29 1 3 24 34 30 5
best 25643
best 25610 step 10 time 271 ms
best 25520 step 25 time 621 ms
best 24586 step 26 time 652 ms
best 24468 step 27 time 677 ms
best 24354 step 52 time 1165 ms
best 24110 step 59 time 1310 ms
best 23951 step 941 time 20535 ms
best 23948 step 1362 time 29844 ms
best 23887 step 2115 time 45835 ms
best 23770 step 6381 time 136732 ms
done 0 46 43 16 35 38 47 32 42 20 31 48 21 33 12 26 11 36 45 28 6 44 17 10 9 14 23 19 25 7 40 15 2 8 18 50 13 41 49 39 22 27 1 4 29 37 3 24 34 30 5
best 23770
time 950003 ms
seed 18
