jobs 50
mach 20
init 0 44 25 42 18 22 45 36 6 14 21 29 30 37 32 23 3 34 33 5 41 1 7 16 10 4 38 2 9 35 48 15 12 19 40 49 31 13 28 47 39 20 11 46 24 50 8 43 17 27 26
best 23043
best 22744 step 1 time 261 ms
best 22693 step 2 time 308 ms
best 22671 step 3 time 347 ms
best 21708 step 6 time 418 ms
best 21164 step 12 time 518 ms
best 20521 step 14 time 567 ms
best 20491 step 141 time 3021 ms
best 20334 step 143 time 3058 ms
best 19408 step 145 time 3108 ms
best 19373 step 236 time 4817 ms
best 19349 step 238 time 4853 ms
best 19306 step 452 time 8524 ms
done 0 2 44 42 22 45 25 6 18 36 14 21 29 30 37 32 23 3 34 10 41 1 7 33 5 48 4 35 38 16 15 9 12 19 20 40 49 31 28 13 47 17 39 46 11 27 26 24 50 8 43
best 19306
time 950012 ms
seed 18
