jobs 50
mach 20
init 0 33 18 10 8 11 50 17 1 29 45 3 20 9 48 6 31 41 39 35 43 44 2 4 13 46 34 22 19 37 47 32 25 12 5 26 36 38 14 24 21 30 7 15 42 16 23 49 40 27 28
best 14473
best 14188 step 6 time 156 ms
best 13863 step 15 time 365 ms
best 13545 step 19 time 416 ms
best 12081 step 29 time 642 ms
best 12069 step 197 time 3793 ms
done 0 33 18 10 45 8 29 11 50 1 37 9 20 3 48 17 6 31 41 39 35 43 44 2 4 13 46 34 22 19 14 47 32 36 12 5 26 24 38 25 21 7 30 15 42 16 23 49 40 27 28
best 12069
time 950000 ms
seed 18
