jobs 60
mach 20
init 0 31 36 5 58 42 4 38 9 55 28 47 44 20 52 6 54 14 22 21 33 41 40 8 23 35 25 15 27 1 39 10 30 32 29 2 43 7 24 18 3 12 57 37 48 53 34 50 13 16 11 45 46 60 49 59 51 26 19 17 56
best 90180
best 89406 step 1 time 121 ms
best 88618 step 6 time 318 ms
best 87513 step 10 time 528 ms
best 87509 step 32 time 1353 ms
best 87182 step 33 time 1412 ms
best 84953 step 59 time 2377 ms
best 84833 step 121 time 4575 ms
best 84238 step 124 time 4719 ms
best 84008 step 126 time 4776 ms
best 83977 step 128 time 4861 ms
best 83929 step 133 time 4988 ms
best 83808 step 156 time 5709 ms
best 83697 step 1883 time 64334 ms
best 83604 step 4214 time 142238 ms
best 83544 step 23823 time 802934 ms
done 0 53 31 36 58 38 5 55 42 9 28 4 20 22 52 21 47 44 6 54 14 41 40 33 23 35 25 15 27 1 39 10 30 18 29 2 7 43 24 3 37 13 57 16 12 32 34 50 8 46 49 48 60 51 59 11 45 26 19 17 56
best 83544
time 950007 ms
seed 18
