jobs 60
mach 20
init 0 3 43 46 49 54 1 18 11 8 35 38 48 20 57 31 37 5 16 7 55 29 12 13 24 36 26 50 4 53 25 32 17 33 42 9 58 40 15 14 41 27 44 30 28 10 2 59 45 47 22 51 56 6 23 21 52 60 39 34 19
best 71374
best 69106 step 5 time 232 ms
best 68845 step 20 time 816 ms
best 68772 step 30 time 1150 ms
best 68305 step 32 time 1232 ms
best 68229 step 35 time 1293 ms
best 66299 step 49 time 1822 ms
best 66254 step 53 time 2020 ms
best 65641 step 55 time 2103 ms
best 65111 step 59 time 2197 ms
best 64887 step 1843 time 63473 ms
best 64476 step 1870 time 64206 ms
best 64269 step 1871 time 64242 ms
best 64059 step 12664 time 433602 ms
best 63923 step 16091 time 550020 ms
done 0 3 43 46 49 54 11 1 36 35 48 20 38 7 37 8 57 16 55 18 28 13 24 29 5 31 50 26 45 53 12 25 32 58 41 17 14 9 27 44 15 33 4 30 42 40 6 2 59 47 22 23 52 34 10 56 21 60 39 51 19
best 63923
time 950014 ms
seed 18
