jobs 70
mach 20
init 0 24 27 64 18 10 38 34 15 42 26 56 17 20 13 6 41 65 57 45 50 14 11 25 12 31 23 59 53 30 54 63 16 8 58 55 9 36 47 66 7 69 44 22 62 39 29 33 1 19 52 28 43 49 4 67 5 68 32 21 70 60 35 2 61 51 3 48 37 40 46
best 155242
best 151080 step 2 time 431 ms
best 151008 step 4 time 528 ms
best 150631 step 6 time 717 ms
best 147024 step 10 time 950 ms
best 146492 step 13 time 1108 ms
best 144428 step 47 time 4083 ms
best 143639 step 48 time 4217 ms
best 143326 step 70 time 6083 ms
best 143024 step 72 time 6253 ms
best 142706 step 77 time 6639 ms
best 140156 step 80 time 7041 ms
best 140052 step 5059 time 407243 ms
best 140051 step 6516 time 517600 ms
best 139834 step 10514 time 816416 ms
done 0 24 27 64 38 15 18 10 20 6 41 56 26 17 42 13 31 34 54 65 45 62 50 59 52 14 25 53 57 12 69 30 11 63 8 16 55 9 58 36 44 47 66 29 19 7 33 67 68 22 23 2 4 21 28 43 49 39 1 5 51 32 60 35 70 48 61 37 40 3 46
best 139834
time 950031 ms
seed 18
