jobs 70
mach 20
init 0 15 11 43 53 51 61 24 26 5 23 42 14 69 8 35 59 49 64 40 55 45 56 4 62 37 17 57 18 29 6 68 48 44 28 70 34 2 52 50 21 41 25 67 31 20 65 7 13 16 66 22 19 58 33 12 39 63 32 27 9 60 30 54 46 47 38 1 10 36 3
best 128116
best 126523 step 1 time 219 ms
best 125256 step 4 time 507 ms
best 123369 step 6 time 616 ms
best 123056 step 11 time 961 ms
best 122633 step 12 time 994 ms
best 119925 step 14 time 1193 ms
best 118594 step 20 time 1500 ms
best 117918 step 21 time 1559 ms
best 117229 step 23 time 1681 ms
best 115953 step 24 time 1771 ms
best 115115 step 30 time 2207 ms
best 114854 step 31 time 2254 ms
best 114837 step 48 time 3239 ms
best 114812 step 53 time 3571 ms
best 114401 step 55 time 3811 ms
best 113911 step 212 time 13971 ms
best 113223 step 1001 time 65693 ms
best 113194 step 1017 time 66814 ms
best 112878 step 1214 time 80112 ms
done 0 4 43 15 51 53 61 11 26 24 23 5 14 52 45 8 35 62 59 42 68 55 13 56 69 37 49 64 17 57 50 6 18 34 70 63 28 29 40 2 48 44 25 16 21 67 31 20 65 7 41 27 66 22 33 12 32 19 36 58 39 9 60 30 3 47 54 1 10 38 46
best 112878
time 950045 ms
seed 18
