jobs 70
mach 20
init 0 38 11 69 61 14 25 29 68 64 63 17 44 13 7 59 12 70 20 15 58 10 22 40 31 23 67 66 60 24 34 46 9 6 51 36 3 18 65 8 47 33 4 32 53 41 52 57 42 27 55 54 1 5 56 21 26 16 50 48 37 35 45 39 30 62 2 28 49 19 43
best 213792
best 212052 step 1 time 290 ms
best 211561 step 2 time 374 ms
best 207077 step 3 time 479 ms
best 205515 step 4 time 553 ms
best 204288 step 5 time 633 ms
best 202799 step 55 time 4606 ms
best 202128 step 95 time 8029 ms
best 201895 step 96 time 8112 ms
best 196465 step 99 time 8449 ms
best 196147 step 101 time 8627 ms
best 195479 step 455 time 38779 ms
best 195138 step 6892 time 563221 ms
best 194706 step 7254 time 594130 ms
done 0 38 11 13 61 14 12 17 68 64 25 63 69 44 29 60 66 59 9 46 58 23 22 20 40 7 24 54 67 70 34 15 10 3 41 33 51 36 47 65 18 6 53 4 42 27 31 52 57 32 1 5 37 16 55 8 21 48 50 35 56 26 39 30 62 45 2 28 19 49 43
best 194706
time 950019 ms
seed 18
