jobs 70
mach 20
init 0 47 34 32 52 53 50 64 70 56 38 3 16 27 28 20 41 55 4 2 13 12 68 1 54 15 42 26 7 21 25 30 11 22 14 10 36 33 39 45 35 57 65 6 44 63 8 17 62 9 66 37 67 24 59 61 31 48 46 69 60 29 51 40 5 43 23 19 18 58 49
best 159608
best 153075 step 1 time 340 ms
best 151061 step 5 time 806 ms
best 150470 step 6 time 897 ms
best 149049 step 7 time 971 ms
best 148382 step 9 time 1142 ms
best 148112 step 10 time 1237 ms
best 148110 step 12 time 1433 ms
best 148109 step 13 time 1479 ms
best 147343 step 52 time 4882 ms
best 146667 step 54 time 4988 ms
best 146657 step 767 time 65027 ms
best 146498 step 772 time 65347 ms
best 146300 step 774 time 65503 ms
best 145466 step 889 time 75418 ms
best 145425 step 890 time 75463 ms
best 145315 step 1040 time 88293 ms
best 145046 step 1052 time 89419 ms
best 144684 step 1054 time 89515 ms
best 144679 step 1055 time 89628 ms
done 0 47 34 32 16 27 53 70 20 56 38 3 50 64 28 11 41 26 4 42 2 12 68 13 15 7 54 22 55 14 10 33 65 1 30 52 36 35 57 21 45 44 37 67 6 25 63 39 9 59 8 62 17 66 24 61 69 48 31 46 51 60 40 58 18 29 43 19 23 49 5
best 144679
time 950040 ms
seed 18
