jobs 70
mach 20
init 0 6 54 9 3 43 42 35 62 14 57 58 21 55 18 69 5 70 60 11 50 38 63 13 56 53 8 30 15 17 41 28 44 52 65 64 22 2 32 29 40 31 26 19 59 47 68 20 67 4 34 46 1 10 16 24 66 27 51 36 25 61 39 48 45 49 23 33 37 7 12
best 143096
best 143015 step 1 time 147 ms
best 142265 step 3 time 239 ms
best 137085 step 4 time 278 ms
best 136186 step 6 time 412 ms
best 134903 step 7 time 463 ms
best 134128 step 8 time 534 ms
best 134116 step 9 time 608 ms
best 133016 step 11 time 714 ms
best 132130 step 23 time 1391 ms
best 131167 step 34 time 2146 ms
best 131163 step 35 time 2205 ms
best 130777 step 54 time 3577 ms
best 129606 step 159 time 10443 ms
best 128963 step 165 time 10809 ms
best 128539 step 166 time 10875 ms
best 127265 step 262 time 17203 ms
best 126886 step 1684 time 107239 ms
best 126807 step 1687 time 107395 ms
best 126763 step 1688 time 107446 ms
done 0 6 14 58 18 60 9 3 43 57 62 55 5 21 64 50 42 35 70 11 69 38 28 51 13 56 30 54 15 53 52 44 1 63 2 67 41 22 40 29 32 31 26 17 68 19 34 47 46 20 24 65 27 59 4 66 36 8 45 39 10 16 25 61 23 48 33 12 49 37 7
best 126763
time 950025 ms
seed 18
