jobs 70
mach 20
init 0 45 7 69 39 58 17 55 67 65 32 12 23 2 44 56 36 5 31 49 13 6 70 60 37 8 14 59 38 61 22 33 64 4 43 41 18 66 51 28 29 30 15 19 42 50 25 52 9 26 34 62 68 21 10 48 57 46 47 20 27 1 16 63 54 11 40 24 53 3 35
best 151712
best 151230 step 2 time 418 ms
best 148806 step 3 time 488 ms
best 148800 step 4 time 539 ms
best 143066 step 5 time 639 ms
best 139998 step 9 time 943 ms
best 139596 step 13 time 1217 ms
best 139587 step 14 time 1310 ms
best 138349 step 131 time 10035 ms
best 138175 step 165 time 12435 ms
best 138092 step 212 time 15577 ms
best 137285 step 273 time 19638 ms
best 136173 step 390 time 27838 ms
best 135896 step 391 time 27953 ms
best 135483 step 393 time 28075 ms
best 135283 step 7432 time 533048 ms
best 135087 step 7433 time 533151 ms
done 0 45 7 69 55 17 39 6 67 65 32 44 36 14 23 5 31 70 56 2 58 46 49 13 66 60 59 8 12 22 37 4 61 28 38 64 43 33 41 18 30 42 20 29 19 51 50 25 26 62 68 52 9 21 10 34 48 57 15 16 27 1 63 54 11 47 40 24 53 3 35
best 135087
time 950041 ms
seed 18
