jobs 70
mach 20
init 0 22 28 15 43 59 41 16 9 53 58 3 47 10 51 25 32 61 14 49 52 21 6 13 37 4 20 27 46 68 54 31 36 57 48 35 11 29 12 30 42 38 65 1 62 67 66 70 39 26 24 63 56 19 40 55 2 34 18 64 33 44 69 23 7 45 60 50 17 8 5
best 141401
best 140020 step 1 time 213 ms
best 139500 step 4 time 407 ms
best 134147 step 8 time 652 ms
best 129636 step 28 time 2038 ms
best 129370 step 29 time 2111 ms
best 128316 step 102 time 7177 ms
best 128204 step 147 time 10037 ms
best 127579 step 149 time 10120 ms
best 127251 step 327 time 21413 ms
best 127181 step 329 time 21568 ms
best 126761 step 367 time 24172 ms
best 126730 step 369 time 24268 ms
best 126460 step 600 time 39174 ms
best 125914 step 1918 time 125096 ms
best 125666 step 1923 time 125306 ms
best 125497 step 4175 time 272196 ms
best 125414 step 4176 time 272262 ms
done 0 53 15 59 41 58 3 22 43 21 9 25 10 47 49 28 61 14 16 6 52 32 62 68 37 46 66 13 4 20 57 36 31 35 11 29 55 12 48 65 54 42 1 51 67 38 70 27 40 26 30 39 24 63 56 18 19 2 34 44 69 23 7 45 60 50 64 17 33 5 8
best 125414
time 950027 ms
seed 18
