jobs 70
mach 20
init 0 23 29 22 66 12 27 44 50 32 64 67 8 13 38 24 61 36 63 51 20 34 37 45 11 25 41 16 43 53 48 65 3 6 9 33 46 54 31 68 2 49 42 19 58 40 39 70 56 1 7 26 52 35 4 47 57 62 18 21 30 28 60 14 55 5 10 17 59 15 69
best 180667
best 179855 step 2 time 252 ms
best 177648 step 7 time 620 ms
best 177541 step 8 time 651 ms
best 173011 step 9 time 728 ms
best 171104 step 31 time 2222 ms
best 169120 step 32 time 2363 ms
best 167633 step 36 time 2657 ms
best 165670 step 40 time 2937 ms
best 163063 step 47 time 3462 ms
best 161662 step 212 time 14629 ms
best 161602 step 435 time 29999 ms
best 160868 step 1165 time 76368 ms
best 160515 step 1979 time 130915 ms
best 160287 step 3928 time 259652 ms
best 159664 step 6221 time 413646 ms
best 159431 step 6222 time 413701 ms
best 158582 step 6227 time 414059 ms
done 0 23 12 29 22 27 36 24 50 13 38 63 64 66 51 67 8 61 44 16 25 53 32 56 9 34 41 65 37 11 45 54 57 3 48 58 6 46 39 20 31 2 33 68 42 19 43 40 70 7 26 49 18 52 28 4 47 1 62 60 21 30 5 14 55 15 10 17 59 35 69
best 158582
time 950008 ms
seed 18
