jobs 80
mach 20
init 0 5 63 24 28 48 9 49 52 74 39 35 75 32 44 11 10 21 18 60 61 4 68 31 33 1 36 13 59 70 17 64 34 62 25 12 43 69 7 14 6 73 8 26 22 45 57 16 46 29 51 66 37 30 23 20 2 76 50 55 80 58 56 38 42 15 78 65 72 41 71 3 79 53 54 47 40 67 77 19 27
best 210339
best 204269 step 1 time 396 ms
best 202971 step 2 time 497 ms
best 202478 step 3 time 592 ms
best 199391 step 5 time 739 ms
best 196150 step 10 time 1272 ms
best 195336 step 11 time 1406 ms
best 191762 step 57 time 5951 ms
best 190462 step 239 time 25827 ms
best 188712 step 275 time 29595 ms
best 187875 step 612 time 63989 ms
best 187721 step 1330 time 139813 ms
best 187638 step 1331 time 139905 ms
best 187550 step 1332 time 139990 ms
best 187424 step 2750 time 288017 ms
best 186663 step 7266 time 765414 ms
best 186522 step 7278 time 766393 ms
done 0 5 9 52 75 28 32 49 60 48 35 39 74 21 18 44 59 11 10 23 64 33 36 4 31 13 1 24 68 61 69 25 7 34 62 2 43 12 57 70 14 73 46 45 8 26 66 17 55 16 51 6 37 30 20 22 80 50 15 76 29 42 38 56 78 58 71 3 79 65 72 63 27 53 41 54 47 19 77 40 67
best 186522
time 950027 ms
seed 18
