jobs 80
mach 20
init 0 20 68 25 71 27 70 76 26 9 65 42 54 46 24 60 14 43 33 41 72 10 66 64 50 61 39 47 51 35 34 5 2 56 22 38 18 31 80 59 53 17 57 49 52 75 40 23 4 69 30 45 62 11 16 15 13 1 74 44 12 28 6 78 48 37 58 3 36 55 32 67 19 77 21 63 8 29 73 79 7
best 266070
best 259535 step 1 time 390 ms
best 256073 step 2 time 523 ms
best 251589 step 4 time 837 ms
best 249451 step 6 time 1151 ms
best 246861 step 7 time 1256 ms
best 246234 step 8 time 1426 ms
best 246036 step 12 time 1922 ms
best 245608 step 13 time 2070 ms
best 244012 step 15 time 2453 ms
best 242615 step 16 time 2649 ms
best 240519 step 19 time 3358 ms
best 237308 step 38 time 6019 ms
best 234142 step 62 time 9543 ms
best 234116 step 234 time 34148 ms
best 232926 step 235 time 34320 ms
best 231133 step 251 time 36224 ms
best 230273 step 252 time 36333 ms
best 230222 step 253 time 36461 ms
best 230218 step 254 time 36615 ms
best 229974 step 255 time 36765 ms
best 227614 step 256 time 36931 ms
best 226267 step 758 time 103736 ms
best 225892 step 4627 time 637217 ms
done 0 68 71 20 46 65 60 26 9 25 24 76 27 22 70 39 14 43 72 10 66 54 35 42 2 41 53 61 64 34 56 47 50 38 51 18 31 5 59 11 17 33 57 80 49 15 52 69 40 75 4 45 48 23 62 13 12 28 74 44 1 30 78 37 3 16 55 32 36 21 6 67 58 77 19 8 73 63 29 79 7
best 225892
time 950044 ms
seed 18
