jobs 80
mach 20
init 0 67 22 23 60 54 58 18 7 42 39 5 27 16 77 19 64 14 72 51 75 80 38 66 40 26 34 3 74 63 69 47 79 50 52 9 33 11 35 46 4 29 56 1 48 15 25 78 45 6 62 68 61 36 41 49 59 21 31 57 20 65 73 37 17 8 28 70 53 43 76 71 10 12 2 24 13 44 55 30 32
best 238140
best 234990 step 2 time 473 ms
best 234957 step 3 time 554 ms
best 230264 step 4 time 722 ms
best 229646 step 6 time 925 ms
best 229528 step 7 time 1085 ms
best 227872 step 8 time 1177 ms
best 226990 step 10 time 1356 ms
best 224349 step 12 time 1771 ms
best 221918 step 23 time 2915 ms
best 220357 step 24 time 3085 ms
best 218484 step 265 time 31591 ms
best 218299 step 268 time 31908 ms
best 218138 step 6918 time 824657 ms
best 217666 step 6925 time 825400 ms
done 0 67 22 54 7 16 23 18 64 39 5 77 42 14 19 58 66 63 51 80 75 3 72 33 69 49 38 34 40 79 26 11 46 50 47 48 25 56 27 35 62 9 1 21 60 74 68 45 61 4 37 41 29 78 6 31 8 36 15 59 52 73 65 53 17 57 43 12 71 28 10 20 70 13 2 24 76 44 55 32 30
best 217666
time 950018 ms
seed 18
