jobs 80
mach 20
init 0 21 36 58 56 73 66 25 1 68 31 27 23 55 4 70 74 40 3 16 20 75 77 33 57 44 49 53 69 34 11 22 50 5 45 14 17 30 18 51 46 10 8 6 52 65 79 7 32 80 76 28 61 19 29 41 78 2 62 37 12 63 42 35 38 43 64 48 47 9 26 39 13 71 60 24 72 67 59 15 54
best 288236
best 283505 step 1 time 334 ms
best 282496 step 2 time 448 ms
best 280073 step 3 time 566 ms
best 273062 step 4 time 728 ms
best 272677 step 5 time 857 ms
best 264926 step 6 time 983 ms
best 261994 step 20 time 2229 ms
best 259659 step 21 time 2386 ms
best 257077 step 272 time 30944 ms
best 257001 step 481 time 55450 ms
best 256821 step 2649 time 302877 ms
best 256705 step 2650 time 302977 ms
best 255448 step 3089 time 351395 ms
best 255321 step 5842 time 661130 ms
best 254983 step 5843 time 661259 ms
best 254790 step 5845 time 661431 ms
best 254527 step 5846 time 661610 ms
done 0 21 65 68 23 1 36 25 58 70 4 77 55 33 34 16 31 74 11 40 3 66 69 8 56 27 20 35 49 57 44 75 22 53 50 46 5 14 45 6 80 30 17 73 18 19 10 52 28 79 32 12 61 7 76 29 38 41 51 78 62 48 9 47 63 37 43 42 60 64 39 13 2 24 26 15 71 72 67 54 59
best 254527
time 950014 ms
seed 18
