jobs 80
mach 20
init 0 26 47 5 25 53 18 1 15 48 59 69 55 72 45 2 3 43 77 76 67 44 31 28 80 78 21 30 4 9 29 40 12 79 73 39 17 16 32 74 19 50 11 75 63 65 71 57 27 51 14 36 24 22 64 66 49 56 68 60 62 70 42 20 7 52 46 13 35 6 58 33 8 41 10 34 37 23 38 54 61
best 233676
best 231809 step 4 time 707 ms
best 231040 step 10 time 1196 ms
best 227878 step 13 time 1677 ms
best 226810 step 16 time 2005 ms
best 226551 step 19 time 2325 ms
best 224917 step 20 time 2460 ms
best 223714 step 33 time 3897 ms
best 223023 step 64 time 6835 ms
best 218348 step 118 time 12550 ms
best 217285 step 120 time 12815 ms
best 216915 step 121 time 12973 ms
best 216442 step 161 time 16778 ms
best 216245 step 162 time 16869 ms
best 216210 step 164 time 16941 ms
best 215555 step 174 time 17715 ms
best 215213 step 210 time 21684 ms
best 214733 step 222 time 23015 ms
best 214411 step 1239 time 130275 ms
best 213778 step 1240 time 130310 ms
best 213720 step 1241 time 130441 ms
best 213581 step 1244 time 130618 ms
best 213428 step 1245 time 130685 ms
done 0 47 5 26 21 25 79 72 53 1 15 59 2 45 30 18 48 43 77 44 69 55 3 29 62 78 31 80 67 12 32 76 40 22 73 39 16 9 57 74 4 14 11 19 75 50 63 65 71 51 17 27 28 70 42 49 66 13 36 24 64 68 60 41 7 52 46 35 20 6 33 8 10 58 56 34 37 23 54 61 38
best 213428
time 950038 ms
seed 18
