jobs 80
mach 20
init 0 19 45 24 42 29 78 75 12 1 63 56 20 14 22 61 46 7 49 41 60 33 66 11 31 3 17 44 71 27 69 79 72 57 34 53 4 59 30 10 77 48 26 32 50 73 16 51 15 35 39 9 28 67 8 74 76 80 5 68 21 2 40 25 62 70 64 43 55 18 54 38 36 23 13 6 58 47 37 65 52
best 197498
best 191574 step 5 time 728 ms
best 188208 step 6 time 852 ms
best 185944 step 8 time 1181 ms
best 185513 step 9 time 1266 ms
best 182843 step 22 time 3123 ms
best 182835 step 31 time 4295 ms
best 182064 step 38 time 5229 ms
best 181714 step 40 time 5435 ms
best 181500 step 53 time 7007 ms
best 180954 step 60 time 7963 ms
best 178045 step 156 time 20995 ms
best 178016 step 391 time 50808 ms
best 177832 step 396 time 51523 ms
best 177585 step 539 time 69441 ms
best 177540 step 540 time 69625 ms
best 176618 step 701 time 89408 ms
done 0 19 3 24 45 42 46 1 76 63 75 78 14 7 61 12 20 29 56 22 31 10 59 44 33 27 49 41 79 57 17 60 66 69 71 30 34 72 4 11 48 50 53 77 26 32 38 15 73 35 28 8 51 39 9 21 74 16 67 80 40 2 5 68 64 18 25 70 62 54 47 23 36 58 43 6 37 55 13 52 65
best 176618
time 950042 ms
seed 18
