jobs 80
mach 20
init 0 28 74 27 47 80 79 12 61 37 59 6 23 77 7 40 36 38 58 14 56 11 16 33 55 43 53 69 71 70 9 42 54 51 13 18 26 49 30 29 52 63 8 45 32 24 21 66 5 34 65 64 17 75 62 4 72 60 10 67 57 48 22 50 46 35 15 73 2 76 39 41 25 20 3 78 31 1 44 68 19
best 335621
best 330340 step 1 time 294 ms
best 310090 step 2 time 504 ms
best 307518 step 3 time 706 ms
best 304251 step 5 time 979 ms
best 299500 step 15 time 2319 ms
best 298607 step 21 time 2982 ms
best 298388 step 215 time 25541 ms
best 298252 step 217 time 25700 ms
best 296955 step 229 time 26985 ms
best 294519 step 242 time 28697 ms
best 294499 step 281 time 32850 ms
best 294006 step 416 time 48215 ms
best 292981 step 693 time 79566 ms
best 292380 step 694 time 79667 ms
best 292149 step 710 time 81578 ms
best 291728 step 715 time 82190 ms
best 290887 step 1420 time 162755 ms
best 290448 step 1467 time 168054 ms
best 289779 step 1468 time 168146 ms
best 289109 step 2543 time 289147 ms
best 288863 step 2545 time 289349 ms
best 288837 step 6230 time 704240 ms
best 287626 step 7836 time 879994 ms
done 0 6 54 23 77 79 36 58 22 59 38 37 28 56 12 47 55 14 7 61 80 71 40 45 27 18 26 69 51 70 11 33 74 16 42 53 43 30 49 75 60 8 5 63 52 32 24 21 65 66 9 62 4 35 34 17 57 72 50 64 67 10 13 41 2 15 76 48 29 39 25 20 3 46 73 1 44 31 19 68 78
best 287626
time 950133 ms
seed 18
