jobs 90
mach 20
init 0 5 30 88 13 42 65 52 66 57 44 75 53 1 20 67 60 76 2 32 34 51 81 63 77 64 43 4 39 7 61 3 55 73 86 87 80 19 22 68 8 50 90 24 31 46 27 70 10 40 69 25 47 37 56 38 82 79 12 85 72 16 49 89 71 17 21 36 33 11 26 78 58 48 18 83 14 15 23 74 59 28 6 29 62 9 84 54 35 41 45
best 305070
best 304978 step 2 time 707 ms
best 300901 step 3 time 1092 ms
best 295746 step 5 time 1501 ms
best 294909 step 62 time 11603 ms
best 293704 step 68 time 12783 ms
best 293113 step 69 time 12909 ms
best 292854 step 157 time 27617 ms
best 292553 step 554 time 90657 ms
best 292183 step 904 time 146721 ms
best 292174 step 909 time 147591 ms
best 291582 step 912 time 148195 ms
best 290842 step 913 time 148305 ms
best 290803 step 914 time 148474 ms
best 290043 step 915 time 148761 ms
best 289797 step 2256 time 368344 ms
done 0 52 65 13 5 30 88 66 57 75 44 64 67 60 81 53 1 42 51 32 61 20 55 4 76 7 77 2 43 63 68 80 73 3 50 24 39 22 8 70 90 87 86 31 27 46 49 16 37 10 40 69 25 47 19 12 71 85 56 38 82 79 15 89 17 21 33 58 72 28 11 48 26 78 83 36 14 23 74 59 34 35 62 29 6 84 54 9 41 18 45
best 289797
time 950012 ms
seed 18
