jobs 90
mach 20
init 0 39 20 64 55 1 75 60 53 83 16 32 70 28 35 72 21 26 8 54 68 45 40 77 13 59 25 22 9 29 18 62 42 49 52 63 7 6 87 17 74 4 19 50 57 30 67 31 82 14 73 48 36 65 89 23 33 69 86 66 88 41 44 34 27 38 47 79 85 84 5 61 37 80 81 43 76 10 24 78 51 3 11 12 2 71 15 90 46 56 58
best 425392
best 420494 step 1 time 452 ms
best 406828 step 4 time 1198 ms
best 406811 step 7 time 1838 ms
best 401106 step 13 time 2742 ms
best 398238 step 15 time 3071 ms
best 396080 step 16 time 3208 ms
best 394757 step 39 time 7515 ms
best 394490 step 77 time 14049 ms
best 393552 step 78 time 14311 ms
best 393436 step 81 time 14636 ms
best 392785 step 86 time 15296 ms
best 392674 step 95 time 16673 ms
best 390651 step 96 time 16880 ms
best 382544 step 121 time 21078 ms
best 381394 step 4754 time 788790 ms
done 0 26 9 73 75 53 20 83 55 49 1 70 39 59 64 68 28 35 8 72 32 44 40 45 18 42 85 87 43 77 69 29 89 7 63 21 25 52 13 54 17 16 86 6 57 14 81 50 30 67 4 48 36 65 74 31 66 88 19 82 23 38 10 60 62 34 27 41 84 79 47 33 12 80 78 51 5 22 3 11 15 76 61 37 90 46 24 71 58 56 2
best 381394
time 950059 ms
seed 18
