jobs 90
mach 20
init 0 85 7 71 58 74 49 11 54 12 21 36 34 6 70 79 41 48 46 66 44 38 20 28 15 76 84 3 26 22 75 83 60 81 43 90 31 62 68 61 24 27 88 87 17 33 29 56 57 5 2 23 25 47 72 63 80 37 13 51 67 53 50 69 45 18 59 35 89 19 77 73 30 39 10 42 78 8 4 16 55 64 52 1 82 65 9 86 32 14 40
best 432138
best 427104 step 7 time 1889 ms
best 426665 step 12 time 2994 ms
best 419187 step 17 time 4181 ms
best 417828 step 18 time 4439 ms
best 416985 step 19 time 4686 ms
best 415472 step 21 time 4964 ms
best 413578 step 46 time 9303 ms
best 410623 step 52 time 10227 ms
best 408987 step 70 time 13473 ms
best 408313 step 71 time 13531 ms
best 404615 step 156 time 27808 ms
best 403492 step 733 time 126821 ms
best 402679 step 806 time 140030 ms
best 402674 step 812 time 141132 ms
best 402028 step 2288 time 391410 ms
best 400236 step 3004 time 515044 ms
best 400062 step 3005 time 515233 ms
best 399958 step 3006 time 515361 ms
done 0 48 49 11 36 90 58 71 7 74 54 21 6 70 79 12 41 46 3 24 26 44 85 38 20 28 15 37 27 76 31 83 88 22 68 43 87 17 60 81 62 34 57 51 75 61 45 18 72 33 29 23 25 84 2 63 19 80 78 53 50 66 67 5 69 56 47 13 59 35 10 89 16 77 73 30 42 8 39 82 4 55 1 64 65 9 86 14 32 52 40
best 399958
time 950035 ms
seed 18
