jobs 90
mach 20
init 0 55 16 51 1 42 27 47 39 78 28 90 54 10 60 8 64 73 71 81 62 53 52 63 89 36 48 32 2 29 49 14 31 30 68 34 4 37 74 12 40 80 13 70 11 25 65 86 3 26 83 23 77 5 24 35 88 9 7 44 41 45 57 56 33 67 59 58 69 66 17 82 87 76 15 46 21 61 43 18 79 85 72 19 6 38 22 84 20 50 75
best 427988
best 421798 step 1 time 628 ms
best 419520 step 2 time 959 ms
best 414442 step 3 time 1122 ms
best 413989 step 4 time 1279 ms
best 412151 step 5 time 1557 ms
best 409240 step 6 time 1775 ms
best 409009 step 7 time 2045 ms
best 408080 step 17 time 4562 ms
best 404558 step 18 time 4752 ms
best 403185 step 20 time 5106 ms
best 403183 step 1555 time 336666 ms
best 402189 step 1556 time 336900 ms
done 0 55 16 39 42 78 90 28 8 54 60 73 51 1 10 34 27 47 81 89 30 36 52 63 2 64 49 41 48 37 68 12 32 31 14 11 70 71 53 29 88 9 40 4 83 13 80 25 18 3 26 23 69 77 5 24 35 7 86 59 57 56 21 67 45 58 62 87 74 82 46 65 66 76 19 79 33 61 85 43 17 84 22 44 20 6 72 15 38 50 75
best 402189
time 950149 ms
seed 18
