jobs 90
mach 20
init 0 52 85 57 33 22 2 12 75 31 54 45 42 24 20 14 48 27 46 88 5 37 81 34 71 28 32 87 10 43 11 50 23 26 68 82 17 78 1 76 86 69 15 40 70 61 19 79 59 29 6 4 39 18 58 90 8 49 63 55 21 67 73 47 65 25 13 80 53 77 56 35 89 3 41 7 66 44 83 72 64 36 16 9 62 60 84 74 38 51 30
best 402411
best 396828 step 1 time 666 ms
best 393947 step 2 time 838 ms
best 391932 step 5 time 1639 ms
best 391173 step 11 time 2965 ms
best 389233 step 14 time 3657 ms
best 389150 step 15 time 3762 ms
best 388550 step 20 time 4988 ms
best 386724 step 22 time 5374 ms
best 383399 step 28 time 6804 ms
best 382053 step 60 time 14549 ms
best 378671 step 66 time 16308 ms
best 378282 step 68 time 16534 ms
best 377655 step 106 time 25039 ms
best 373538 step 110 time 25697 ms
best 373098 step 196 time 45794 ms
best 371324 step 522 time 124633 ms
best 370591 step 1129 time 265839 ms
best 369652 step 2702 time 639706 ms
done 0 52 85 12 57 88 2 20 67 31 33 21 42 24 81 54 14 11 48 71 39 5 46 78 34 28 27 37 87 32 68 43 45 17 69 75 23 26 18 40 19 79 82 22 86 4 1 6 70 61 29 80 10 63 50 15 59 65 25 77 58 49 56 90 72 13 55 41 73 47 66 53 76 35 89 8 3 83 36 64 7 62 60 44 16 9 84 74 38 51 30
best 369652
time 950094 ms
seed 18
