jobs 90
mach 20
init 0 12 11 7 65 30 42 70 51 6 26 32 61 80 19 45 15 22 34 17 60 59 58 52 56 75 43 84 2 77 13 69 8 63 55 76 40 9 1 74 27 35 87 79 39 50 16 29 78 49 66 67 81 73 54 24 72 71 48 85 10 88 44 90 46 41 31 14 68 37 20 89 4 23 5 25 53 86 57 3 62 82 18 21 36 64 33 38 47 28 83
best 452296
best 444833 step 2 time 728 ms
best 433756 step 3 time 1006 ms
best 428718 step 5 time 1503 ms
best 420449 step 6 time 1752 ms
best 417412 step 7 time 1923 ms
best 415824 step 10 time 2362 ms
best 415563 step 11 time 2506 ms
best 415141 step 58 time 11288 ms
best 414960 step 68 time 12619 ms
best 411416 step 69 time 12834 ms
best 410808 step 148 time 27439 ms
best 404537 step 193 time 35095 ms
best 404435 step 202 time 36239 ms
best 403974 step 907 time 163217 ms
best 403738 step 1566 time 283618 ms
best 403667 step 1827 time 330850 ms
best 403356 step 1828 time 330995 ms
done 0 12 51 11 65 45 19 84 26 42 61 6 27 7 22 15 35 77 32 52 70 75 69 17 58 59 43 56 34 16 2 40 68 60 10 29 8 9 81 1 80 74 55 71 50 78 88 37 76 54 72 30 39 48 49 67 24 41 13 85 46 44 53 23 66 63 87 89 73 31 14 20 79 90 86 57 4 5 25 3 18 21 36 33 82 64 62 38 47 28 83
best 403356
time 950214 ms
seed 18
