jobs 90
mach 20
init 0 76 45 42 69 35 88 5 4 80 27 46 12 31 62 53 37 13 77 55 25 36 33 81 52 17 9 6 67 72 89 65 28 66 32 57 44 79 1 14 26 73 54 58 29 78 70 64 83 48 30 90 50 85 2 87 61 3 60 15 43 24 39 34 7 74 20 41 59 10 84 63 51 75 38 11 47 8 21 82 71 23 19 16 18 40 68 49 22 86 56
best 375467
best 374249 step 1 time 556 ms
best 370965 step 2 time 759 ms
best 368103 step 3 time 883 ms
best 359868 step 4 time 1021 ms
best 356620 step 5 time 1170 ms
best 356013 step 6 time 1419 ms
best 353941 step 7 time 1641 ms
best 351526 step 23 time 4476 ms
best 350962 step 25 time 4783 ms
best 349603 step 38 time 6930 ms
best 349350 step 40 time 7183 ms
best 349091 step 55 time 9882 ms
best 348931 step 70 time 12430 ms
best 347634 step 71 time 12680 ms
best 345965 step 72 time 12864 ms
best 344370 step 89 time 15497 ms
best 343895 step 90 time 15565 ms
best 343594 step 91 time 15671 ms
best 342973 step 92 time 15907 ms
best 342272 step 1099 time 184785 ms
best 341352 step 1100 time 184992 ms
best 340873 step 1113 time 187343 ms
best 340443 step 1115 time 187678 ms
best 339953 step 1116 time 187842 ms
best 339749 step 1155 time 194094 ms
best 339352 step 3394 time 569007 ms
done 0 42 69 35 76 53 4 89 30 12 31 46 65 62 25 54 9 33 55 80 77 27 58 32 5 17 44 36 57 37 52 28 48 6 14 26 45 64 66 83 72 81 79 70 13 90 85 78 1 88 29 43 50 73 39 2 67 87 3 60 15 61 7 34 20 74 41 24 84 10 59 21 75 8 71 11 47 63 51 82 19 40 16 38 18 22 49 68 86 56 23
best 339352
time 950240 ms
seed 18
