jobs 90
mach 20
init 0 35 46 32 50 75 90 89 43 80 45 26 13 64 63 79 61 70 66 25 29 24 44 76 88 41 71 20 17 82 56 49 52 87 47 51 8 23 57 58 37 77 39 19 7 86 85 62 48 28 1 27 3 15 55 83 21 2 5 73 36 30 72 84 60 16 53 10 74 34 67 68 14 40 38 11 6 78 33 9 18 54 42 65 4 81 69 59 22 12 31
best 377146
best 369734 step 2 time 950 ms
best 357714 step 3 time 1237 ms
best 354731 step 4 time 1403 ms
best 354563 step 51 time 9749 ms
best 353275 step 55 time 10591 ms
best 352124 step 180 time 32935 ms
best 350223 step 182 time 33415 ms
best 349651 step 184 time 33902 ms
done 0 35 46 13 32 75 90 88 45 43 26 80 50 63 64 79 25 1 61 44 70 66 24 29 39 41 89 76 56 82 20 47 49 58 8 27 51 77 37 87 23 57 62 48 19 85 17 52 36 83 3 7 15 84 60 30 2 72 5 73 16 53 71 55 10 14 34 21 86 74 42 40 38 11 28 6 33 9 67 68 78 18 81 4 65 69 54 22 59 31 12
best 349651
time 950048 ms
seed 18
