jobs 90
mach 20
init 0 43 78 4 75 60 72 15 8 6 11 83 56 34 61 87 82 66 51 12 86 10 33 39 57 35 50 88 13 21 46 20 52 55 90 58 71 48 26 67 28 32 44 31 2 65 69 29 54 53 22 27 37 3 17 77 30 16 80 89 84 85 49 14 63 42 73 36 23 81 25 68 76 62 79 41 38 7 47 5 18 64 45 24 1 40 59 9 19 74 70
best 344725
best 344136 step 1 time 727 ms
best 343769 step 2 time 937 ms
best 340290 step 6 time 1643 ms
best 330554 step 9 time 2183 ms
best 329984 step 16 time 3305 ms
best 329722 step 18 time 3668 ms
best 329467 step 20 time 4016 ms
best 321649 step 21 time 4155 ms
best 319837 step 23 time 4492 ms
best 318949 step 24 time 4677 ms
best 318499 step 27 time 5085 ms
best 313413 step 35 time 6546 ms
best 310886 step 114 time 20337 ms
best 309740 step 447 time 74527 ms
best 308312 step 2271 time 371814 ms
done 0 12 60 66 78 72 15 6 71 34 11 88 61 55 56 86 31 83 57 2 87 82 46 52 13 39 10 51 67 21 35 20 50 32 58 44 90 28 4 33 42 75 26 53 48 65 69 77 30 54 84 37 27 89 3 17 29 8 14 63 16 22 80 36 79 25 49 62 85 73 23 68 76 59 81 19 41 7 64 5 24 43 9 18 47 38 45 70 1 74 40
best 308312
time 950031 ms
seed 18
