jobs 100
mach 20
init 0 23 62 1 52 17 75 37 21 98 55 16 34 12 9 45 71 25 29 56 77 87 42 27 11 80 66 61 84 50 40 19 81 79 82 69 70 18 64 10 68 39 88 44 60 94 59 85 90 2 51 36 5 22 32 47 49 65 53 89 86 83 95 97 63 76 58 6 99 78 26 33 24 13 54 15 91 73 67 46 20 35 100 96 92 31 30 8 41 7 74 14 57 72 3 28 4 93 38 48 43
best 571801
best 569491 step 1 time 734 ms
best 556714 step 2 time 1004 ms
best 549899 step 4 time 1427 ms
best 548691 step 5 time 1734 ms
best 548209 step 8 time 2495 ms
best 546880 step 9 time 2788 ms
best 546255 step 15 time 4622 ms
best 536593 step 18 time 5657 ms
best 532179 step 22 time 6771 ms
best 531396 step 23 time 7062 ms
best 531385 step 24 time 7381 ms
best 531213 step 58 time 16781 ms
best 527500 step 61 time 17759 ms
done 0 23 62 1 45 17 75 37 21 80 52 32 55 25 34 71 87 98 16 12 44 60 61 66 29 42 68 79 40 88 77 19 27 81 84 11 50 18 39 69 82 85 70 51 26 90 73 9 22 94 59 5 64 49 53 83 86 97 58 95 78 10 2 47 56 6 92 65 91 36 76 89 46 33 63 31 54 67 15 24 99 20 13 48 30 8 35 100 14 74 41 7 96 3 28 4 93 72 43 57 38
best 527500
time 950266 ms
seed 16
