jobs 100
mach 20
init 0 16 61 48 63 37 45 78 54 41 17 95 68 62 40 44 27 79 25 92 32 80 24 19 34 73 33 8 42 5 64 1 47 70 71 94 39 97 2 53 65 77 76 82 50 6 81 67 55 69 38 3 43 10 11 75 87 98 15 49 83 14 46 35 23 31 30 4 60 100 28 90 88 51 52 72 21 7 84 99 74 56 26 58 20 93 29 18 89 36 22 86 96 85 12 13 57 91 59 66 9
best 557696
best 555473 step 2 time 983 ms
best 546653 step 3 time 1305 ms
best 546082 step 7 time 2113 ms
best 541821 step 8 time 2474 ms
best 539086 step 19 time 4897 ms
best 532015 step 20 time 5319 ms
best 529662 step 29 time 7629 ms
best 526471 step 30 time 7921 ms
best 525658 step 34 time 8947 ms
best 525323 step 35 time 9119 ms
best 524795 step 36 time 9314 ms
best 524505 step 385 time 101521 ms
best 521356 step 387 time 102011 ms
best 519805 step 566 time 150140 ms
best 518336 step 1377 time 360653 ms
best 517111 step 1396 time 365287 ms
best 515163 step 1715 time 446667 ms
done 0 16 33 24 61 37 25 54 48 78 71 27 68 92 80 40 2 45 95 8 34 3 55 63 44 79 5 81 41 62 97 42 94 70 64 38 32 1 47 39 53 65 73 77 67 50 6 75 83 14 10 76 82 19 43 35 90 87 69 100 28 11 17 98 30 49 46 52 15 60 4 88 26 58 31 84 72 21 7 56 23 93 29 74 20 18 96 99 51 86 85 89 12 13 22 36 57 91 59 66 9
best 515163
time 950106 ms
seed 16
