jobs 100
mach 20
init 0 63 52 51 53 31 16 24 18 23 19 70 10 79 54 58 38 17 35 98 34 89 88 67 100 81 96 74 2 45 37 91 56 73 65 85 75 43 69 60 3 33 20 80 99 86 83 36 21 1 8 44 82 61 41 46 71 50 15 76 29 93 92 90 72 11 22 84 97 42 48 57 28 64 6 62 30 40 26 13 59 32 68 25 94 7 27 47 12 95 4 66 55 14 87 39 78 5 77 49 9
best 474994
best 473044 step 1 time 566 ms
best 469692 step 2 time 906 ms
best 469584 step 11 time 3304 ms
best 464125 step 24 time 7303 ms
best 463422 step 35 time 9995 ms
best 461186 step 106 time 31405 ms
best 459450 step 107 time 31730 ms
best 458378 step 150 time 42815 ms
best 457923 step 151 time 43028 ms
best 457800 step 152 time 43173 ms
best 457645 step 251 time 67862 ms
best 456829 step 259 time 69826 ms
best 456541 step 673 time 179919 ms
best 451328 step 679 time 181694 ms
done 0 52 73 100 16 18 24 23 58 8 51 53 19 35 70 1 38 88 54 34 31 37 67 81 96 3 10 45 65 33 17 91 79 76 74 21 98 20 2 89 99 80 63 75 44 85 69 90 43 82 86 83 36 56 60 61 41 46 50 29 48 28 15 64 93 92 11 26 72 71 22 47 12 40 42 97 57 59 27 84 62 32 68 13 94 7 6 25 66 55 30 14 95 4 49 87 5 77 39 78 9
best 451328
time 950017 ms
seed 16
