jobs 100
mach 20
init 0 67 92 71 20 60 11 4 75 56 2 83 54 16 25 10 33 41 53 86 100 65 64 47 17 23 58 96 59 76 82 94 6 36 44 95 43 81 69 46 49 21 73 84 55 98 52 89 32 37 15 13 39 97 62 99 78 34 12 26 1 38 70 42 74 63 31 8 30 18 29 57 91 27 50 19 45 90 35 51 80 40 3 7 14 85 68 28 22 9 24 79 72 87 48 61 66 93 88 5 77
best 491558
best 490817 step 1 time 811 ms
best 490060 step 2 time 1001 ms
best 477719 step 3 time 1332 ms
best 475779 step 4 time 2087 ms
best 474912 step 5 time 2245 ms
best 471008 step 7 time 2706 ms
best 470365 step 9 time 3253 ms
best 465915 step 18 time 5857 ms
best 465248 step 21 time 6930 ms
best 465128 step 22 time 7109 ms
best 463985 step 29 time 8925 ms
best 462941 step 30 time 9255 ms
best 461263 step 31 time 9518 ms
best 458605 step 85 time 25059 ms
best 458323 step 227 time 64178 ms
best 455502 step 228 time 64578 ms
best 455137 step 241 time 67994 ms
best 451975 step 243 time 68552 ms
best 451380 step 1740 time 478422 ms
best 450953 step 3107 time 853030 ms
done 0 67 75 71 11 16 4 60 92 53 2 83 94 54 86 41 65 56 76 17 10 20 39 21 33 59 23 58 73 82 81 100 44 36 47 25 32 95 69 43 64 46 49 91 55 84 52 6 96 37 15 97 13 78 98 12 30 1 38 57 99 40 29 89 34 74 3 63 45 8 70 9 19 42 62 18 26 51 7 50 31 90 35 28 22 27 85 80 66 14 24 68 87 93 72 88 5 48 61 77 79
best 450953
time 950057 ms
seed 16
