jobs 100
mach 20
init 0 26 64 39 86 24 12 52 78 72 80 82 33 61 29 18 11 63 54 89 42 97 57 6 56 25 7 93 69 17 99 13 77 79 59 49 96 92 5 9 90 40 68 100 88 28 15 84 53 1 65 95 85 43 44 8 55 20 71 50 4 73 3 45 30 37 81 58 19 67 16 38 46 87 14 83 23 27 98 51 47 66 70 60 32 94 76 62 10 75 31 34 36 91 41 48 22 21 35 74 2
best 543980
best 540221 step 2 time 1244 ms
best 535463 step 3 time 1610 ms
best 534168 step 6 time 2173 ms
best 534100 step 14 time 4490 ms
best 528766 step 18 time 5612 ms
best 523126 step 19 time 5878 ms
best 521386 step 20 time 6355 ms
best 520637 step 355 time 90893 ms
best 520606 step 359 time 91640 ms
best 520026 step 1032 time 260896 ms
best 518298 step 1033 time 261187 ms
best 514474 step 2323 time 589625 ms
best 514094 step 2324 time 589994 ms
best 514044 step 2325 time 590200 ms
done 0 33 26 24 52 78 86 14 72 12 69 29 80 82 42 64 11 63 54 18 89 61 17 79 43 56 25 49 97 5 13 53 57 6 85 7 77 88 9 90 92 59 68 81 100 99 40 1 84 95 28 44 55 8 71 4 93 50 37 45 83 73 30 3 19 39 67 96 38 65 15 51 87 47 66 20 46 23 58 27 16 98 60 94 62 76 32 70 10 75 31 74 41 48 34 36 91 21 35 2 22
best 514044
time 950046 ms
seed 16
