jobs 100
mach 20
init 0 52 22 99 21 25 26 89 29 36 15 2 61 55 95 30 90 69 1 80 83 11 96 85 13 14 86 8 32 38 37 53 65 50 40 47 51 75 92 16 35 24 19 94 10 3 27 31 23 17 58 72 68 59 56 41 28 7 87 66 54 91 44 63 81 79 18 100 33 4 67 45 57 43 48 70 78 73 77 98 97 34 5 93 74 20 49 6 62 46 39 88 42 60 84 71 82 76 64 9 12
best 474375
best 461621 step 1 time 1270 ms
best 460088 step 2 time 1631 ms
best 457572 step 4 time 2021 ms
best 456517 step 6 time 2511 ms
best 452588 step 11 time 4593 ms
best 446866 step 12 time 5043 ms
best 445082 step 13 time 5600 ms
best 443036 step 15 time 6247 ms
best 442343 step 44 time 16254 ms
best 442054 step 45 time 16740 ms
best 441923 step 46 time 17235 ms
best 441270 step 108 time 38764 ms
best 441183 step 132 time 46177 ms
best 438919 step 188 time 65514 ms
best 437673 step 189 time 65959 ms
best 437466 step 283 time 97786 ms
best 437312 step 284 time 97971 ms
best 434394 step 297 time 102903 ms
done 0 98 22 30 2 21 25 26 29 61 36 38 55 35 79 15 95 50 89 80 83 17 11 69 96 85 1 16 37 14 44 53 32 99 8 40 24 91 75 94 59 19 47 87 13 92 72 63 18 3 27 31 66 90 68 54 23 56 41 28 51 48 81 45 65 67 86 57 43 10 4 7 58 34 97 70 78 77 100 46 49 73 93 33 5 74 20 62 6 39 88 42 60 71 64 52 9 84 82 12 76
best 434394
time 950048 ms
seed 16
