jobs 100
mach 20
init 0 61 48 51 41 13 70 17 77 37 67 58 74 23 79 54 80 24 12 87 86 91 82 35 38 84 63 100 94 65 22 42 34 27 7 9 69 20 62 16 64 19 4 33 6 66 73 60 1 72 14 89 52 53 56 43 92 68 50 95 76 88 59 93 96 39 28 78 29 97 47 45 83 98 55 3 25 75 31 30 81 15 49 44 71 36 85 46 11 99 26 18 21 32 40 57 90 2 5 8 10
best 514435
best 511819 step 1 time 590 ms
best 496198 step 2 time 1203 ms
best 491399 step 7 time 2469 ms
best 488565 step 10 time 3403 ms
best 488410 step 36 time 10331 ms
best 485752 step 40 time 11203 ms
best 484928 step 41 time 11440 ms
best 482809 step 42 time 11738 ms
best 480931 step 380 time 96112 ms
best 478192 step 817 time 207392 ms
done 0 61 48 77 79 41 51 37 58 17 13 74 66 38 70 84 67 92 23 54 80 86 24 12 35 63 91 69 34 42 9 87 52 82 14 64 7 16 56 65 22 4 20 19 72 33 76 31 94 60 89 1 28 6 96 50 100 93 95 68 53 43 27 62 81 78 39 73 47 83 59 55 49 88 97 75 29 36 99 45 98 44 26 15 85 46 11 3 25 21 2 30 32 90 71 40 57 5 8 18 10
best 478192
time 950128 ms
seed 16
