jobs 100
mach 20
init 0 69 48 75 25 31 92 100 99 19 77 38 4 21 35 63 82 24 51 64 65 23 6 68 39 9 89 49 50 52 73 32 87 97 29 70 22 86 95 1 66 45 62 7 44 94 85 37 96 3 42 79 60 47 71 83 34 14 59 93 17 36 41 18 11 90 98 2 16 13 72 84 40 80 91 78 15 88 54 20 55 61 56 30 8 67 27 33 53 10 26 5 12 76 58 46 43 28 81 74 57
best 504365
best 503638 step 1 time 744 ms
best 489296 step 2 time 1081 ms
best 487025 step 9 time 2774 ms
best 484503 step 22 time 6438 ms
best 480345 step 23 time 7006 ms
best 479410 step 24 time 7312 ms
best 478804 step 26 time 8009 ms
best 476841 step 29 time 9107 ms
best 476160 step 31 time 9651 ms
best 475683 step 35 time 10698 ms
best 473453 step 36 time 10983 ms
best 471240 step 139 time 37568 ms
best 469530 step 140 time 37825 ms
best 467446 step 300 time 79623 ms
best 466714 step 561 time 150507 ms
best 466694 step 565 time 151742 ms
best 465144 step 922 time 245138 ms
best 464547 step 931 time 247505 ms
best 463301 step 1438 time 376937 ms
best 463123 step 3223 time 853802 ms
best 462215 step 3226 time 854334 ms
done 0 69 25 48 31 75 92 4 38 97 73 23 19 21 65 99 82 96 35 51 64 63 100 9 95 68 87 45 39 49 77 32 24 29 6 89 86 50 16 70 1 79 83 66 59 71 22 36 98 94 44 37 52 17 91 85 34 42 60 62 41 11 18 88 93 7 2 14 47 3 13 53 90 84 76 54 12 55 61 8 40 30 80 15 67 27 72 78 56 33 46 20 26 43 28 10 81 5 58 74 57
best 462215
time 950087 ms
seed 16
