jobs 100
mach 20
init 0 91 27 26 13 87 72 22 63 97 67 93 88 50 68 92 99 34 41 12 55 24 37 70 86 47 5 61 94 98 1 89 23 16 52 33 51 30 25 54 96 17 39 21 80 100 32 83 36 20 18 69 46 45 15 6 10 71 84 9 2 73 82 43 75 42 3 29 95 35 79 49 7 53 62 56 90 78 76 4 85 31 74 48 60 19 11 57 77 81 64 40 66 59 28 65 38 44 58 14 8
best 388252
best 371768 step 1 time 798 ms
best 370586 step 3 time 1344 ms
best 370417 step 4 time 1500 ms
best 363836 step 7 time 2140 ms
best 358603 step 22 time 6267 ms
best 357736 step 24 time 6727 ms
best 357552 step 278 time 74030 ms
best 357257 step 404 time 105772 ms
best 356380 step 407 time 106472 ms
best 355356 step 1419 time 375191 ms
best 354769 step 1424 time 376587 ms
best 353742 step 2343 time 618537 ms
done 0 91 27 26 47 72 22 63 92 80 67 33 99 41 50 68 16 61 5 88 97 34 87 93 25 70 23 86 24 52 89 6 51 37 13 96 30 95 94 12 55 98 39 17 100 43 32 84 54 20 69 36 18 46 45 75 83 82 3 10 1 2 73 21 60 71 42 35 49 15 79 29 62 85 53 4 57 7 90 78 74 19 31 9 76 40 56 48 11 65 64 66 59 44 81 14 28 38 8 58 77
best 353742
time 950006 ms
seed 16
