jobs 100
mach 20
init 0 56 62 55 46 57 59 66 3 14 80 74 16 81 83 38 10 91 29 71 94 96 75 68 11 15 21 23 26 98 84 33 54 24 19 52 97 49 41 92 63 82 12 27 100 25 1 6 70 64 9 13 77 39 34 4 30 51 18 43 50 93 36 88 78 17 35 32 69 61 76 67 31 42 79 2 95 73 44 87 5 60 7 86 48 72 58 37 8 28 89 53 20 45 90 22 40 65 85 99 47
best 616688
best 611692 step 2 time 1030 ms
best 605415 step 4 time 1541 ms
best 604950 step 5 time 1698 ms
best 587285 step 6 time 2015 ms
best 583831 step 7 time 2207 ms
best 581360 step 59 time 15938 ms
best 579652 step 72 time 19665 ms
best 579137 step 73 time 19896 ms
best 578918 step 75 time 20347 ms
best 576106 step 211 time 54378 ms
best 574965 step 399 time 103736 ms
best 573417 step 522 time 135259 ms
best 570251 step 1321 time 337540 ms
best 568837 step 1330 time 339999 ms
best 568573 step 1331 time 340168 ms
done 0 56 62 74 55 24 57 10 14 80 83 81 46 16 3 39 23 29 71 64 96 75 91 68 11 94 38 26 98 52 27 97 41 15 21 33 54 63 25 19 100 76 66 92 70 6 49 84 36 95 9 30 93 69 34 43 51 13 4 82 61 12 18 77 1 88 67 73 42 79 7 78 17 2 35 50 32 59 58 37 8 31 86 60 48 87 5 72 53 44 40 20 45 90 65 85 28 89 99 22 47
best 568573
time 950152 ms
seed 16
