jobs 60
mach 20
init 0 52 30 16 34 56 38 2 9 47 26 17 21 39 55 48 22 29 32 33 36 14 31 41 35 1 59 11 4 8 7 5 42 13 40 60 20 15 57 24 23 51 6 28 27 19 25 3 46 37 10 43 12 54 58 45 53 18 50 49 44
best 77670
best 75881 step 2 time 199 ms
best 74772 step 3 time 253 ms
best 74658 step 6 time 324 ms
best 74215 step 8 time 408 ms
best 73908 step 22 time 908 ms
best 73747 step 39 time 1581 ms
best 72347 step 40 time 1654 ms
best 72049 step 242 time 10624 ms
best 71647 step 243 time 10673 ms
best 71094 step 329 time 14469 ms
best 70966 step 334 time 14651 ms
best 70917 step 336 time 14798 ms
best 69677 step 348 time 15338 ms
done 0 47 34 16 31 9 2 59 21 33 26 17 56 48 42 7 38 55 28 52 39 41 35 1 36 5 29 32 14 11 22 30 8 40 13 60 20 4 15 57 24 46 51 25 18 27 19 54 3 37 6 10 43 58 12 23 49 45 50 53 44
best 69677
time 950006 ms
seed 16
