jobs 60
mach 20
init 0 53 5 58 31 42 55 52 9 28 21 47 4 20 38 36 22 44 6 54 14 41 40 33 23 35 27 15 30 10 8 1 39 29 2 25 7 43 24 3 18 57 37 16 13 12 32 34 50 11 48 46 60 49 45 56 51 59 26 19 17
best 89503
best 89275 step 3 time 201 ms
best 88707 step 10 time 429 ms
best 87240 step 12 time 503 ms
best 87147 step 17 time 681 ms
best 86423 step 19 time 728 ms
best 86305 step 80 time 2795 ms
best 84516 step 120 time 3988 ms
best 84397 step 122 time 4062 ms
best 83811 step 129 time 4310 ms
best 83656 step 949 time 31875 ms
best 83648 step 4300 time 145646 ms
best 83616 step 9117 time 308358 ms
best 83604 step 11671 time 394506 ms
best 83544 step 11672 time 394526 ms
done 0 53 31 36 58 38 5 55 42 9 28 4 20 22 52 21 47 44 6 54 14 41 40 33 23 35 25 15 27 1 39 10 30 18 29 2 7 43 24 3 37 13 57 16 12 32 34 50 8 46 49 48 60 51 59 11 45 26 19 17 56
best 83544
time 950017 ms
seed 16
