jobs 60
mach 20
init 0 2 60 48 15 23 53 30 20 49 31 13 41 50 9 52 22 42 34 45 33 5 58 14 4 11 55 17 46 36 37 59 40 32 57 25 7 16 47 56 19 6 21 26 44 27 10 3 12 54 35 18 8 39 43 38 24 28 29 51 1
best 84587
best 83959 step 2 time 140 ms
best 80333 step 3 time 202 ms
best 80243 step 5 time 251 ms
best 79849 step 216 time 7841 ms
best 79825 step 510 time 17666 ms
best 79787 step 522 time 18019 ms
best 79783 step 1193 time 41428 ms
best 79637 step 1406 time 49201 ms
best 79506 step 2754 time 96329 ms
best 79400 step 9816 time 341946 ms
best 79246 step 23225 time 804924 ms
best 79034 step 23230 time 805180 ms
done 0 2 60 48 15 53 30 31 49 23 13 41 50 22 42 9 52 34 14 45 4 33 5 58 46 17 11 37 55 59 20 25 40 44 7 57 16 36 56 47 32 19 6 21 26 27 12 35 54 39 29 3 18 8 43 38 24 28 10 1 51
best 79034
time 950001 ms
seed 16
