jobs 60
mach 20
init 0 55 49 53 44 3 45 34 2 22 60 19 48 43 47 6 18 38 52 31 14 1 29 7 28 32 36 57 54 46 40 25 59 20 11 41 27 16 58 15 9 23 30 42 33 13 21 37 8 5 17 26 50 51 39 56 12 4 35 24 10
best 87068
best 85289 step 5 time 338 ms
best 82586 step 10 time 471 ms
best 81513 step 11 time 501 ms
best 79429 step 16 time 672 ms
best 79030 step 19 time 732 ms
best 78787 step 20 time 803 ms
best 77399 step 21 time 862 ms
best 76449 step 22 time 904 ms
best 75541 step 25 time 1016 ms
best 75460 step 27 time 1117 ms
best 75226 step 1075 time 38957 ms
best 75093 step 1784 time 63605 ms
best 74629 step 4298 time 152909 ms
best 74474 step 4301 time 153010 ms
done 0 55 49 53 3 22 32 7 19 44 34 60 47 40 6 48 18 38 29 52 31 43 1 36 57 28 14 2 54 11 45 46 15 25 58 27 42 59 20 9 33 13 41 30 21 16 37 23 17 39 5 26 8 51 50 56 12 4 35 24 10
best 74474
time 950024 ms
seed 16
