jobs 60
mach 20
init 0 22 7 39 40 27 34 6 49 20 5 1 17 9 26 29 60 47 16 11 36 59 23 12 53 38 19 4 58 14 33 45 46 56 15 57 30 28 8 35 18 2 25 10 54 44 31 13 52 43 3 37 55 32 21 51 42 24 41 50 48
best 145278
best 138394 step 1 time 139 ms
best 137960 step 3 time 238 ms
best 137210 step 9 time 431 ms
best 137179 step 10 time 478 ms
best 136762 step 44 time 1657 ms
best 132950 step 51 time 1869 ms
best 131496 step 75 time 2584 ms
best 130970 step 541 time 18491 ms
best 130314 step 548 time 18706 ms
best 130065 step 1599 time 54379 ms
best 129736 step 5519 time 190715 ms
best 129709 step 5520 time 190761 ms
best 129449 step 6898 time 238058 ms
done 0 22 17 39 34 6 27 40 60 49 20 11 7 26 12 1 53 47 29 9 30 19 16 56 23 55 38 14 36 4 58 33 35 45 46 25 2 8 15 28 31 10 18 54 59 5 57 32 13 52 37 43 3 44 21 51 42 24 41 50 48
best 129449
time 950010 ms
seed 16
