jobs 70
mach 20
init 0 4 43 15 51 53 61 11 26 24 23 5 35 14 8 45 62 59 42 40 13 56 37 69 49 44 64 55 52 57 16 50 6 25 2 34 70 68 28 29 48 21 17 67 65 7 41 31 20 9 18 22 19 33 12 66 63 32 47 27 58 60 10 36 39 30 54 1 38 46 3
best 123221
best 123185 step 2 time 208 ms
best 115930 step 3 time 306 ms
best 114944 step 36 time 2504 ms
best 114744 step 96 time 6903 ms
best 114631 step 125 time 8712 ms
best 114364 step 491 time 33353 ms
best 113392 step 607 time 41266 ms
best 113211 step 1236 time 82954 ms
best 113195 step 3575 time 240330 ms
best 112978 step 5677 time 381558 ms
best 112920 step 5680 time 381774 ms
done 0 4 43 15 51 53 61 11 26 24 23 5 14 52 8 45 62 59 42 49 35 50 56 68 55 37 69 64 17 57 16 34 6 25 18 70 28 29 40 2 13 48 44 41 21 67 31 65 20 7 9 19 22 66 33 12 36 60 63 32 27 46 58 39 30 47 54 10 1 38 3
best 112920
time 950065 ms
seed 16
