jobs 70
mach 20
init 0 6 11 3 18 58 43 9 55 60 62 57 14 21 64 69 5 51 13 56 47 38 8 53 70 52 54 30 15 1 35 50 63 44 42 2 22 67 40 26 41 19 59 68 32 31 29 17 28 34 20 24 65 46 45 39 4 66 36 27 61 48 10 16 25 33 49 12 23 37 7
best 149171
best 146075 step 1 time 242 ms
best 133960 step 2 time 342 ms
best 133352 step 3 time 423 ms
best 131068 step 7 time 706 ms
best 130114 step 8 time 776 ms
best 130005 step 22 time 1560 ms
best 129789 step 311 time 20042 ms
best 129705 step 314 time 20244 ms
best 128462 step 368 time 23524 ms
best 128268 step 606 time 39163 ms
best 128156 step 608 time 39232 ms
best 127646 step 613 time 39551 ms
best 127604 step 628 time 40339 ms
best 127594 step 631 time 40529 ms
best 127354 step 2793 time 179129 ms
best 127079 step 4219 time 272691 ms
best 126955 step 6049 time 389867 ms
best 126765 step 10560 time 680240 ms
done 0 6 54 60 18 35 14 9 3 43 57 62 55 5 11 50 69 21 58 42 56 70 13 8 17 38 52 30 15 1 44 63 41 53 31 2 64 22 67 29 28 40 26 68 19 34 47 32 51 20 24 65 46 4 66 36 27 61 59 16 10 25 45 39 48 23 33 12 49 37 7
best 126765
time 950071 ms
seed 16
