jobs 70
mach 20
init 0 15 59 25 53 10 43 41 51 58 3 14 22 13 49 9 21 32 62 52 61 46 6 16 28 63 68 11 37 4 20 36 57 66 47 12 29 67 54 48 42 31 35 65 1 30 70 27 40 26 39 38 24 34 19 55 18 69 2 56 64 44 23 7 45 60 8 33 50 5 17
best 142684
best 142328 step 1 time 205 ms
best 140447 step 5 time 488 ms
best 134369 step 7 time 672 ms
best 134290 step 13 time 1043 ms
best 127501 step 14 time 1116 ms
best 127496 step 17 time 1279 ms
best 127141 step 1003 time 65835 ms
best 126067 step 1161 time 76402 ms
best 125959 step 1693 time 112034 ms
best 125850 step 1695 time 112138 ms
best 125650 step 1698 time 112407 ms
best 124879 step 13926 time 915590 ms
best 124640 step 13927 time 915676 ms
done 0 53 59 15 41 22 21 25 43 28 61 58 9 49 3 14 47 10 32 68 52 62 6 16 37 4 13 46 66 20 57 36 31 35 11 29 55 12 48 65 54 42 1 51 67 38 70 27 40 26 39 30 18 24 19 63 2 56 64 44 69 23 7 45 60 34 33 50 5 8 17
best 124640
time 950019 ms
seed 16
