jobs 70
mach 20
init 0 13 53 54 23 56 45 34 15 26 69 5 37 67 10 33 60 57 17 7 11 52 21 68 24 49 22 44 32 42 59 8 16 6 43 30 9 47 70 12 63 14 35 40 4 41 28 25 65 58 50 19 46 61 38 1 55 31 64 18 51 39 27 66 20 62 36 48 29 3 2
best 152625
best 148289 step 1 time 200 ms
best 145510 step 2 time 291 ms
best 144904 step 64 time 4532 ms
best 144105 step 66 time 4668 ms
best 141684 step 135 time 9051 ms
best 141444 step 176 time 11696 ms
best 141342 step 177 time 11769 ms
best 140288 step 840 time 55538 ms
best 139964 step 1970 time 130614 ms
best 139883 step 1971 time 130695 ms
best 139846 step 3037 time 200236 ms
best 139327 step 4043 time 265447 ms
best 139195 step 4044 time 265499 ms
best 139108 step 9947 time 648183 ms
done 0 23 56 42 5 45 34 53 54 26 17 13 60 57 67 69 49 37 10 7 11 33 44 52 68 24 12 22 47 32 59 15 16 55 6 43 35 30 9 8 40 4 63 21 61 70 28 25 14 65 58 50 19 46 41 38 39 64 27 18 51 31 1 36 66 48 20 29 62 3 2
best 139108
time 950000 ms
seed 16
