jobs 70
mach 20
init 0 45 55 7 31 14 17 65 67 39 69 23 5 32 36 2 44 49 56 12 13 70 6 58 28 8 25 60 38 43 37 61 18 51 64 59 33 4 41 42 30 22 19 29 50 34 66 62 20 52 1 9 68 21 16 48 10 15 26 46 47 27 63 54 11 40 24 53 3 35 57
best 143653
best 142976 step 8 time 1008 ms
best 142263 step 14 time 1490 ms
best 139787 step 19 time 1837 ms
best 138797 step 22 time 2129 ms
best 138389 step 325 time 23706 ms
best 138058 step 329 time 24003 ms
best 137586 step 753 time 53326 ms
best 137428 step 755 time 53424 ms
best 136124 step 804 time 57166 ms
best 135782 step 807 time 57323 ms
best 135764 step 809 time 57479 ms
best 134641 step 5477 time 392260 ms
best 134360 step 11745 time 843931 ms
best 134319 step 11751 time 844323 ms
done 0 45 7 69 55 17 67 39 23 46 65 32 36 14 2 44 49 13 70 56 12 6 60 25 59 58 8 28 66 22 37 4 61 38 64 33 41 5 18 29 30 20 62 19 43 51 50 42 68 52 34 9 10 21 16 48 31 15 26 1 54 11 47 27 24 63 57 53 3 35 40
best 134319
time 950010 ms
seed 16
