jobs 70
mach 20
init 0 27 35 31 14 25 68 46 65 9 32 4 12 53 51 2 21 17 56 10 47 19 39 34 22 36 50 59 23 30 38 41 64 1 62 24 61 7 66 6 16 33 43 67 18 15 60 58 70 52 20 69 29 63 57 3 54 5 40 49 44 13 48 8 11 37 26 55 28 42 45
best 133465
best 127000 step 1 time 334 ms
best 126153 step 5 time 554 ms
best 126053 step 6 time 687 ms
best 123130 step 26 time 2503 ms
best 122065 step 27 time 2602 ms
best 121658 step 28 time 2663 ms
best 120365 step 99 time 9166 ms
best 119847 step 109 time 10014 ms
best 119538 step 110 time 10111 ms
best 118848 step 138 time 12163 ms
best 118325 step 149 time 13022 ms
best 117849 step 1764 time 157493 ms
best 117705 step 2773 time 244949 ms
best 116952 step 2777 time 245351 ms
best 116714 step 3648 time 320153 ms
best 116469 step 10575 time 923503 ms
done 0 8 41 35 31 4 27 12 9 68 46 65 14 53 51 52 25 21 56 10 32 2 34 39 47 17 19 36 59 23 50 7 22 64 38 30 61 6 24 62 67 1 18 16 60 69 66 57 58 70 43 44 20 54 5 29 3 15 33 63 11 40 37 13 48 49 26 28 42 55 45
best 116469
time 950014 ms
seed 16
