jobs 80
mach 20
init 0 26 9 5 21 72 53 1 15 25 2 30 18 48 47 3 45 80 76 43 44 12 32 31 79 28 67 78 55 4 77 59 40 16 74 50 19 73 69 57 63 65 22 75 39 29 42 11 62 17 27 70 71 51 14 56 68 24 66 60 33 36 64 52 46 13 35 41 6 20 10 7 38 8 58 34 37 49 23 54 61
best 244639
best 244529 step 2 time 372 ms
best 237108 step 3 time 480 ms
best 236753 step 4 time 529 ms
best 231606 step 8 time 857 ms
best 231447 step 9 time 987 ms
best 226127 step 11 time 1204 ms
best 222397 step 14 time 1643 ms
best 221304 step 15 time 1726 ms
best 221278 step 21 time 2682 ms
best 221052 step 25 time 3067 ms
best 220986 step 26 time 3157 ms
best 219934 step 32 time 3748 ms
best 219677 step 53 time 5766 ms
best 218645 step 221 time 22607 ms
best 217338 step 222 time 22721 ms
best 216762 step 240 time 24342 ms
best 216348 step 244 time 24634 ms
best 213965 step 257 time 25839 ms
best 213533 step 325 time 32834 ms
best 212757 step 8174 time 836873 ms
done 0 47 5 26 21 72 53 1 15 59 48 25 18 45 2 69 55 43 77 76 30 3 44 31 4 79 73 67 80 12 9 57 71 40 16 32 22 39 29 27 74 19 50 14 11 75 63 51 65 62 17 78 28 70 66 36 64 68 24 60 33 42 7 13 56 52 46 35 41 6 20 10 38 58 37 34 8 49 23 54 61
best 212757
time 950085 ms
seed 16
