jobs 80
mach 20
init 0 55 2 70 45 1 68 26 34 71 43 67 72 6 13 7 36 74 47 29 54 50 48 46 23 32 22 35 37 27 17 9 53 39 33 25 40 8 61 51 65 16 49 66 52 15 4 75 38 78 60 42 21 18 3 57 56 73 5 14 64 63 41 20 58 80 76 77 59 19 28 79 31 62 11 69 30 44 24 12 10
best 192175
best 191713 step 1 time 432 ms
best 187834 step 3 time 657 ms
best 184848 step 7 time 1038 ms
best 184484 step 8 time 1138 ms
best 180686 step 10 time 1309 ms
best 178898 step 11 time 1441 ms
best 175689 step 17 time 2020 ms
best 173345 step 325 time 36845 ms
best 172703 step 4903 time 562091 ms
done 0 55 2 1 45 13 43 68 67 71 70 34 6 54 7 74 8 72 47 65 78 37 25 26 27 50 22 46 32 48 23 36 51 39 40 53 35 17 9 29 33 61 4 49 52 15 5 66 75 38 3 16 60 21 56 18 42 58 73 64 63 14 57 80 19 41 20 76 77 28 79 31 62 59 24 11 69 30 44 12 10
best 172703
time 950027 ms
seed 16
