jobs 80
mach 20
init 0 68 71 46 65 20 43 75 76 27 10 25 22 26 9 14 54 24 70 2 48 66 41 56 60 72 53 61 64 34 47 50 38 51 39 18 57 17 5 59 31 11 33 49 52 42 69 35 40 45 23 62 13 12 44 15 1 16 4 80 78 37 30 3 28 74 36 55 32 6 67 58 77 19 21 8 63 29 73 79 7
best 253791
best 253007 step 1 time 468 ms
best 242059 step 3 time 800 ms
best 236955 step 13 time 2595 ms
best 234940 step 25 time 4277 ms
best 234715 step 29 time 5134 ms
best 233902 step 48 time 7567 ms
best 233845 step 49 time 7731 ms
best 233252 step 50 time 7861 ms
best 228778 step 89 time 13261 ms
best 228592 step 91 time 13487 ms
best 228516 step 93 time 13834 ms
best 228377 step 488 time 72969 ms
best 228135 step 490 time 73222 ms
best 227746 step 492 time 73454 ms
best 227098 step 497 time 74265 ms
best 227045 step 894 time 131687 ms
best 226705 step 956 time 141796 ms
best 226281 step 957 time 141958 ms
best 226245 step 1079 time 161673 ms
best 226076 step 1083 time 162061 ms
best 225403 step 4748 time 712187 ms
done 0 68 20 71 46 60 65 9 25 26 24 76 27 22 70 39 14 43 72 10 66 54 35 42 2 41 53 61 64 34 56 47 50 38 18 31 52 51 17 5 59 11 13 57 80 49 12 15 40 4 33 45 23 48 69 62 16 37 44 1 30 21 75 78 3 74 28 6 77 19 67 32 55 73 36 8 63 58 29 79 7
best 225403
time 950043 ms
seed 16
