jobs 80
mach 20
init 0 27 4 53 70 25 18 41 47 71 29 2 57 14 22 17 62 12 58 19 66 42 33 73 63 38 11 65 55 52 79 76 6 21 72 13 75 15 59 30 37 28 26 61 39 1 50 54 60 74 78 40 23 24 77 35 7 3 20 10 67 34 31 8 69 43 36 64 49 46 44 5 80 9 32 48 51 45 68 56 16
best 284137
best 280770 step 1 time 334 ms
best 271124 step 2 time 488 ms
best 265269 step 3 time 577 ms
best 265134 step 4 time 675 ms
best 265132 step 5 time 785 ms
best 262451 step 6 time 894 ms
best 259476 step 7 time 1053 ms
best 256865 step 12 time 1575 ms
best 255621 step 15 time 1974 ms
best 255242 step 20 time 2431 ms
best 255054 step 22 time 2639 ms
best 252165 step 35 time 4522 ms
best 249673 step 54 time 6872 ms
best 249407 step 55 time 6971 ms
best 247997 step 57 time 7176 ms
best 244561 step 74 time 9200 ms
best 243111 step 75 time 9387 ms
best 242688 step 105 time 12417 ms
done 0 66 25 19 29 2 18 47 57 14 53 17 62 12 42 58 71 50 65 70 21 23 4 38 41 11 52 22 73 76 79 63 20 37 1 15 59 6 13 75 74 72 28 61 30 39 35 7 78 3 44 54 77 60 26 67 24 34 33 10 40 55 36 64 31 46 49 27 8 69 43 5 80 9 32 48 68 56 16 51 45
best 242688
time 950011 ms
seed 16
