jobs 80
mach 20
init 0 45 24 29 78 42 75 1 76 63 19 14 7 22 12 20 61 46 56 27 49 44 41 31 60 33 57 66 77 71 69 17 10 34 79 35 4 51 72 30 53 26 32 11 73 16 15 48 5 50 39 28 38 74 67 8 3 80 2 9 25 59 21 23 64 40 62 47 37 68 18 54 43 36 58 70 6 13 55 65 52
best 198249
best 191235 step 2 time 623 ms
best 190926 step 3 time 700 ms
best 190322 step 4 time 805 ms
best 190103 step 5 time 903 ms
best 186571 step 16 time 2261 ms
best 185772 step 23 time 3262 ms
best 183720 step 33 time 4576 ms
best 182347 step 44 time 5862 ms
best 181968 step 59 time 7885 ms
best 181317 step 60 time 7978 ms
best 180955 step 62 time 8237 ms
best 177886 step 71 time 9217 ms
best 177872 step 72 time 9306 ms
best 177672 step 210 time 26666 ms
best 176600 step 435 time 54140 ms
best 175941 step 436 time 54311 ms
best 175856 step 1243 time 154879 ms
done 0 19 3 24 45 78 1 42 75 20 76 63 14 49 41 44 61 12 46 7 56 31 10 66 22 27 71 72 11 69 17 60 29 33 79 57 34 53 4 59 30 48 26 5 32 15 73 35 77 21 28 51 50 39 9 74 8 16 67 80 40 2 68 25 70 64 43 62 18 54 47 38 23 36 58 13 55 37 6 65 52
best 175856
time 950008 ms
seed 16
