jobs 80
mach 20
init 0 5 9 74 75 28 7 49 60 32 25 35 39 59 11 10 48 18 24 4 31 68 44 13 33 1 36 64 70 21 73 34 12 62 69 17 52 43 2 8 14 46 45 57 26 16 51 66 29 61 6 50 37 30 80 20 23 22 15 58 76 55 38 56 72 42 71 79 41 63 78 40 47 53 67 77 65 27 3 54 19
best 210806
best 207117 step 1 time 409 ms
best 206442 step 2 time 498 ms
best 204459 step 3 time 682 ms
best 202343 step 6 time 1024 ms
best 200801 step 7 time 1084 ms
best 197904 step 11 time 1569 ms
best 194121 step 13 time 1852 ms
best 192374 step 89 time 10119 ms
best 191540 step 102 time 11607 ms
best 191346 step 400 time 43920 ms
best 191257 step 401 time 43987 ms
best 189836 step 402 time 44136 ms
best 189484 step 405 time 44459 ms
best 188590 step 498 time 54760 ms
best 188454 step 500 time 54865 ms
best 188232 step 503 time 55062 ms
best 188059 step 504 time 55174 ms
best 187645 step 4640 time 484202 ms
done 0 5 9 52 75 28 32 49 60 48 35 39 74 36 21 18 44 59 61 11 10 4 23 31 13 68 64 33 1 24 70 34 25 69 43 12 62 17 7 14 73 2 46 45 57 26 8 66 55 16 51 37 30 20 6 50 15 22 76 29 56 80 42 38 72 58 41 78 65 27 63 71 3 79 19 53 54 47 40 67 77
best 187645
time 950014 ms
seed 16
