jobs 80
mach 20
init 0 21 36 70 58 4 25 66 1 69 68 77 40 31 20 27 56 17 74 11 3 73 75 23 49 57 55 16 44 45 33 34 22 8 5 30 50 46 14 51 52 65 10 18 19 32 12 61 7 79 28 41 6 80 38 78 62 37 35 63 76 48 9 29 60 43 64 53 26 42 47 13 54 71 59 67 39 2 24 15 72
best 286912
best 282858 step 1 time 406 ms
best 281748 step 2 time 530 ms
best 277868 step 4 time 765 ms
best 276228 step 5 time 907 ms
best 272874 step 7 time 1154 ms
best 270360 step 9 time 1396 ms
best 268876 step 16 time 2269 ms
best 268218 step 17 time 2343 ms
best 268007 step 44 time 5976 ms
best 257394 step 76 time 9822 ms
best 256945 step 81 time 10411 ms
best 256827 step 84 time 10667 ms
best 256065 step 1268 time 145215 ms
best 255769 step 2877 time 330098 ms
best 255703 step 3867 time 446197 ms
best 255480 step 5597 time 643565 ms
best 253732 step 5598 time 643688 ms
best 252641 step 5599 time 643823 ms
best 251642 step 5600 time 643957 ms
done 0 21 65 68 1 36 25 58 70 23 4 77 55 74 11 66 69 3 40 8 56 75 31 27 17 49 57 16 20 34 33 44 45 22 53 14 5 50 46 73 80 6 30 18 19 10 52 79 7 76 32 62 61 12 29 28 38 41 51 78 47 37 64 35 63 9 2 43 26 42 48 13 71 60 24 72 67 39 15 54 59
best 251642
time 950132 ms
seed 16
