jobs 80
mach 20
init 0 67 22 16 54 7 18 42 64 39 68 5 23 19 66 58 80 77 72 60 49 38 1 14 75 33 34 63 40 79 50 47 26 35 11 3 29 46 15 51 48 56 6 21 74 45 27 61 78 41 9 4 62 37 31 65 52 73 53 17 25 69 43 8 71 20 36 59 28 10 57 70 76 13 2 30 12 24 32 55 44
best 245530
best 243746 step 1 time 306 ms
best 237519 step 3 time 530 ms
best 230724 step 4 time 742 ms
best 229932 step 5 time 863 ms
best 229349 step 6 time 928 ms
best 229151 step 10 time 1355 ms
best 227646 step 11 time 1537 ms
best 227584 step 19 time 2482 ms
best 226748 step 22 time 2824 ms
best 224191 step 31 time 3536 ms
best 224160 step 32 time 3690 ms
best 222120 step 35 time 4091 ms
best 221090 step 37 time 4415 ms
best 220890 step 39 time 4548 ms
best 220885 step 61 time 6974 ms
best 220865 step 99 time 11542 ms
best 220204 step 100 time 11664 ms
best 218539 step 101 time 11823 ms
best 218035 step 504 time 57335 ms
best 217741 step 7435 time 836747 ms
done 0 67 22 54 7 39 77 5 18 64 16 42 14 23 19 58 38 66 51 80 72 60 75 63 26 34 40 79 3 74 11 21 69 50 47 46 49 48 61 33 68 27 1 35 25 56 45 6 4 62 78 29 31 65 37 41 52 9 73 15 8 36 53 17 57 43 28 10 59 20 70 13 2 71 12 24 76 44 55 32 30
best 217741
time 950089 ms
seed 16
