jobs 80
mach 20
init 0 39 47 31 29 49 59 56 64 60 3 57 72 38 15 34 21 32 50 7 17 67 71 4 62 2 43 74 66 11 54 41 27 23 18 69 13 44 36 42 48 30 52 14 8 20 76 68 45 73 53 22 77 40 35 28 19 58 78 55 33 75 46 25 63 61 80 79 51 24 6 16 12 5 65 10 26 1 9 37 70
best 302682
best 302186 step 2 time 537 ms
best 301108 step 4 time 701 ms
best 300824 step 6 time 899 ms
best 296662 step 13 time 1758 ms
best 296418 step 14 time 1892 ms
best 296306 step 15 time 2006 ms
best 292989 step 16 time 2194 ms
best 292730 step 17 time 2282 ms
best 291952 step 18 time 2507 ms
best 291687 step 20 time 2612 ms
best 290768 step 53 time 6172 ms
best 290092 step 98 time 11816 ms
best 288660 step 99 time 11909 ms
best 288359 step 503 time 65986 ms
best 285882 step 504 time 66166 ms
best 285493 step 564 time 74401 ms
best 282927 step 1262 time 165563 ms
best 282896 step 1263 time 165741 ms
best 282749 step 1264 time 165831 ms
done 0 38 56 47 57 59 17 50 31 21 32 15 3 60 29 18 67 64 72 54 66 71 43 49 4 62 34 8 74 7 23 41 14 69 19 52 13 44 73 36 48 30 28 63 2 76 42 22 45 75 58 55 46 39 68 20 78 11 27 40 53 35 65 61 33 77 25 10 80 16 51 79 6 26 24 1 12 5 9 37 70
best 282749
time 950023 ms
seed 16
