jobs 90
mach 20
init 0 66 23 12 85 44 1 55 9 78 81 16 80 7 18 53 11 65 46 17 56 61 57 27 42 84 63 6 36 37 43 76 35 49 58 60 75 33 10 83 59 45 32 82 77 28 2 31 71 50 39 3 47 5 70 48 8 51 52 62 24 19 64 26 13 25 4 90 67 73 14 68 15 38 74 87 86 89 30 88 21 69 29 20 34 41 22 54 72 79 40
best 362727
best 359466 step 1 time 382 ms
best 353298 step 2 time 632 ms
best 351438 step 3 time 868 ms
best 343594 step 6 time 1285 ms
best 343044 step 7 time 1378 ms
best 338378 step 12 time 2166 ms
best 336832 step 20 time 3486 ms
best 336196 step 23 time 3967 ms
best 335142 step 68 time 10304 ms
best 334832 step 86 time 13766 ms
best 333620 step 89 time 14586 ms
best 330131 step 110 time 18462 ms
best 328787 step 1045 time 171641 ms
best 327958 step 1054 time 173309 ms
best 327421 step 1057 time 173714 ms
best 323101 step 3039 time 500436 ms
done 0 23 12 66 78 16 1 85 44 81 55 7 9 53 6 11 65 61 80 17 56 64 57 42 82 27 26 63 60 36 43 37 84 76 10 31 2 49 58 35 33 48 50 83 45 3 39 47 32 52 77 70 71 73 75 8 18 59 90 67 4 24 19 62 46 14 28 13 74 25 68 87 88 5 51 34 86 21 29 15 38 89 69 30 20 41 22 54 72 79 40
best 323101
time 950107 ms
seed 16
