jobs 90
mach 20
init 0 9 53 1 75 20 64 55 49 26 83 68 72 70 28 35 59 8 74 39 45 30 87 89 13 29 54 40 43 18 7 25 48 17 42 73 63 77 44 69 32 21 6 50 57 27 14 67 4 62 88 65 16 31 66 82 85 22 38 19 23 60 33 52 36 86 10 34 41 84 80 61 5 51 12 76 78 3 24 79 37 81 47 11 15 2 71 90 46 56 58
best 408603
best 406126 step 1 time 636 ms
best 403775 step 2 time 902 ms
best 403592 step 3 time 957 ms
best 401049 step 5 time 1269 ms
best 398376 step 6 time 1409 ms
best 394871 step 7 time 1497 ms
best 394124 step 8 time 1629 ms
best 393964 step 36 time 6942 ms
best 391541 step 44 time 8109 ms
best 390269 step 45 time 8246 ms
best 388403 step 51 time 9434 ms
best 384984 step 245 time 40529 ms
best 384451 step 552 time 90194 ms
best 382752 step 553 time 90367 ms
best 382351 step 1320 time 215604 ms
done 0 26 9 73 75 20 53 64 55 18 28 1 49 70 39 83 68 35 59 8 44 45 30 40 43 77 72 32 89 69 13 7 52 54 42 27 87 17 25 63 21 6 57 81 14 67 4 48 50 29 65 62 74 31 66 88 36 86 16 23 19 60 82 34 10 79 12 41 78 38 85 22 33 80 84 15 61 37 5 51 76 47 71 3 24 11 90 46 56 58 2
best 382351
time 950123 ms
seed 16
