jobs 90
mach 20
init 0 76 42 69 46 35 12 58 30 5 4 31 62 65 53 89 77 32 25 9 55 33 27 44 80 57 54 17 52 28 37 67 14 36 81 45 88 64 6 79 72 83 87 26 29 66 78 70 1 39 73 85 43 90 2 50 7 60 15 48 61 3 74 13 71 59 41 24 84 34 20 8 10 75 38 11 63 51 47 22 21 68 19 82 16 86 18 40 49 23 56
best 365654
best 364923 step 7 time 1636 ms
best 357685 step 9 time 2018 ms
best 357227 step 21 time 4339 ms
best 357018 step 22 time 4488 ms
best 356742 step 24 time 5052 ms
best 351780 step 35 time 7180 ms
best 351375 step 36 time 7305 ms
best 351272 step 60 time 11380 ms
best 349537 step 61 time 11497 ms
best 349291 step 114 time 20101 ms
best 348995 step 123 time 21545 ms
best 345384 step 127 time 22069 ms
best 344681 step 128 time 22229 ms
best 343785 step 129 time 22415 ms
best 341606 step 474 time 81969 ms
best 341030 step 475 time 82045 ms
best 341020 step 476 time 82133 ms
best 339867 step 477 time 82301 ms
best 338803 step 3342 time 562138 ms
done 0 42 69 35 53 76 30 17 46 12 31 62 65 25 4 54 9 33 55 58 80 27 77 89 44 32 5 57 37 52 13 88 72 67 28 6 45 1 14 81 36 79 26 66 64 83 70 61 78 43 73 48 90 50 85 29 87 39 2 59 3 60 15 20 41 84 24 34 74 7 8 75 38 10 63 51 11 71 21 68 19 47 22 18 40 23 82 56 49 16 86
best 338803
time 950086 ms
seed 16
