jobs 90
mach 20
init 0 52 85 12 77 75 45 2 33 21 57 54 5 11 42 14 79 81 24 46 88 48 32 71 43 63 34 28 37 67 31 87 17 10 68 22 1 15 69 18 78 86 82 39 70 90 27 59 26 19 6 23 40 61 25 58 49 55 29 50 47 65 4 80 56 73 76 35 53 13 3 41 62 20 72 89 8 7 66 44 64 36 60 83 16 9 74 38 51 84 30
best 399784
best 397724 step 1 time 720 ms
best 392770 step 3 time 1211 ms
best 391561 step 9 time 2502 ms
best 389315 step 10 time 2703 ms
best 386373 step 11 time 2858 ms
best 383866 step 12 time 2975 ms
best 379791 step 31 time 7135 ms
best 379164 step 39 time 8819 ms
best 377696 step 83 time 17458 ms
best 377635 step 92 time 19184 ms
best 375906 step 93 time 19620 ms
best 374605 step 349 time 75739 ms
best 373915 step 373 time 79346 ms
best 373392 step 378 time 80160 ms
best 372503 step 379 time 80462 ms
best 372041 step 481 time 101297 ms
best 371533 step 1509 time 318067 ms
best 370288 step 1712 time 358043 ms
best 370286 step 1713 time 358155 ms
best 369858 step 3460 time 725987 ms
done 0 52 85 12 57 31 33 2 20 67 71 81 27 54 45 42 14 46 24 88 48 43 32 87 28 17 5 37 63 34 75 23 39 69 90 78 21 10 79 68 40 26 82 22 1 18 86 70 61 4 29 50 6 19 55 49 80 11 59 15 53 76 73 47 58 65 25 13 77 56 89 35 41 62 72 8 3 83 36 16 44 64 7 66 38 51 60 84 74 9 30
best 369858
time 950237 ms
seed 16
