jobs 90
mach 20
init 0 12 60 72 78 15 34 6 75 87 88 66 56 71 11 82 31 2 46 39 55 35 83 13 10 57 20 50 21 61 52 67 48 51 32 58 44 42 90 28 4 33 65 69 77 26 37 80 3 29 22 89 54 53 27 14 63 16 17 86 84 30 8 25 49 23 36 79 76 85 47 73 62 68 81 7 5 41 43 59 9 18 64 24 1 45 38 19 74 70 40
best 320754
best 320201 step 1 time 568 ms
best 320184 step 2 time 699 ms
best 314952 step 9 time 2153 ms
best 314731 step 10 time 2320 ms
best 314000 step 12 time 2615 ms
best 313387 step 13 time 2793 ms
best 312448 step 14 time 2952 ms
best 311570 step 34 time 6238 ms
best 310048 step 35 time 6456 ms
best 309810 step 523 time 85648 ms
best 308921 step 524 time 85801 ms
best 307976 step 529 time 86717 ms
best 307758 step 5119 time 848980 ms
done 0 12 60 66 78 72 34 15 8 71 11 83 6 56 61 87 82 46 52 39 57 13 55 51 21 35 67 31 2 20 50 42 32 44 77 58 90 28 33 10 48 26 4 53 22 75 69 54 65 80 88 29 89 3 37 27 14 63 16 17 86 30 84 85 49 36 25 23 73 76 62 79 41 81 68 7 5 47 38 45 24 9 18 64 19 43 40 1 59 70 74
best 307758
time 950101 ms
seed 16
