jobs 90
mach 20
init 0 12 11 26 45 42 70 61 6 65 51 58 7 22 56 27 43 80 76 78 59 52 15 84 17 77 32 75 19 69 10 2 34 67 35 40 87 8 1 71 13 50 9 60 24 72 29 88 55 81 54 30 49 53 73 79 39 74 14 68 46 37 48 90 41 86 16 23 63 85 66 31 44 89 20 57 5 4 25 36 3 18 21 82 64 62 38 33 83 47 28
best 445304
best 444009 step 2 time 726 ms
best 443208 step 3 time 1020 ms
best 431665 step 5 time 1425 ms
best 428532 step 8 time 2129 ms
best 428453 step 10 time 2638 ms
best 428337 step 11 time 2762 ms
best 428244 step 12 time 2886 ms
best 424725 step 16 time 3642 ms
best 415411 step 21 time 4778 ms
best 414641 step 24 time 5326 ms
best 413862 step 62 time 11876 ms
best 413790 step 63 time 11981 ms
best 411578 step 67 time 12845 ms
best 411540 step 127 time 22692 ms
best 411062 step 128 time 22889 ms
best 407493 step 129 time 23121 ms
best 404576 step 151 time 27640 ms
best 404177 step 152 time 27715 ms
best 403426 step 2131 time 376729 ms
best 403296 step 2132 time 376815 ms
best 401384 step 2402 time 424027 ms
best 400216 step 2403 time 424180 ms
best 398748 step 4070 time 709607 ms
done 0 12 51 11 35 65 26 45 42 61 6 27 7 22 19 15 84 50 17 56 32 70 58 59 34 75 16 52 77 13 2 10 69 29 40 68 30 88 73 8 1 9 71 74 55 67 87 72 37 80 39 85 78 76 48 49 81 54 90 43 41 24 60 66 79 53 44 63 31 89 14 57 4 23 5 25 18 21 20 46 3 86 33 36 64 82 62 38 47 28 83
best 398748
time 950027 ms
seed 16
