jobs 90
mach 20
init 0 35 46 32 75 90 27 45 43 26 64 13 50 80 63 25 79 77 14 61 88 66 70 1 76 29 24 44 39 41 20 89 52 82 49 17 5 56 87 47 51 8 23 37 3 7 34 57 48 19 15 58 36 30 84 85 60 28 73 86 55 62 71 38 72 74 2 53 83 21 16 42 68 10 6 78 33 11 18 54 9 4 67 40 69 65 81 22 59 31 12
best 373456
best 372037 step 1 time 462 ms
best 369553 step 2 time 732 ms
best 358809 step 3 time 997 ms
best 358027 step 12 time 2526 ms
best 356091 step 218 time 43533 ms
best 355529 step 332 time 63808 ms
best 354268 step 333 time 63961 ms
best 353928 step 603 time 112096 ms
best 353306 step 988 time 184963 ms
best 353145 step 1570 time 292934 ms
best 352836 step 1571 time 293051 ms
best 351136 step 2004 time 375180 ms
best 349345 step 3451 time 645128 ms
best 346695 step 3452 time 645485 ms
done 0 35 46 13 32 71 45 79 75 50 43 26 90 61 80 70 29 89 63 64 60 1 66 39 17 24 41 20 44 49 5 88 25 82 27 47 8 58 76 56 87 23 57 62 48 19 85 51 77 37 3 7 15 34 84 16 52 28 36 73 83 2 14 53 72 30 86 55 21 42 10 74 6 9 38 11 68 33 40 67 78 18 69 54 65 4 59 22 12 31 81
best 346695
time 950028 ms
seed 16
