jobs 100
mach 20
init 0 88 73 100 18 24 23 16 74 31 70 34 43 58 52 53 51 17 98 38 35 19 54 91 67 81 2 96 3 1 63 65 10 33 37 21 44 45 99 69 60 36 56 86 75 79 8 83 80 41 20 46 50 15 89 85 29 61 76 94 82 93 90 26 71 22 30 40 11 28 48 13 66 6 97 47 84 42 68 57 64 59 72 12 92 62 87 32 27 5 14 95 4 7 55 77 25 39 49 9 78
best 489116
best 488479 step 2 time 1047 ms
best 481558 step 3 time 1352 ms
best 477518 step 5 time 2191 ms
best 477039 step 9 time 3282 ms
best 474812 step 11 time 3843 ms
best 472943 step 15 time 5123 ms
best 469172 step 19 time 6014 ms
best 468968 step 20 time 6237 ms
best 465348 step 23 time 7240 ms
best 464688 step 24 time 7539 ms
best 463763 step 28 time 8361 ms
best 458956 step 34 time 9589 ms
best 457968 step 38 time 10735 ms
best 456114 step 39 time 10975 ms
best 456064 step 41 time 11453 ms
best 456010 step 61 time 16301 ms
best 455344 step 318 time 81932 ms
best 454730 step 319 time 82211 ms
best 454694 step 323 time 83447 ms
best 454520 step 1067 time 275865 ms
best 454122 step 1081 time 279804 ms
best 453909 step 1082 time 280119 ms
best 451291 step 1083 time 280476 ms
best 449158 step 1084 time 280693 ms
done 0 52 73 100 23 18 24 16 53 58 19 35 1 51 70 98 54 34 37 67 56 38 31 88 81 2 96 3 45 65 10 79 20 8 74 21 63 17 91 99 85 33 75 44 36 69 43 82 60 61 86 76 90 80 46 71 15 50 41 89 83 29 93 28 72 92 11 22 84 48 94 64 26 13 6 47 57 59 30 40 97 12 42 27 62 32 14 95 4 7 68 25 66 55 77 39 49 87 5 78 9
best 449158
time 950211 ms
seed 17
