jobs 100
mach 20
init 0 72 22 26 6 27 63 80 97 67 13 87 50 16 41 95 1 68 88 34 86 70 47 91 71 23 98 61 12 33 99 30 51 25 37 89 96 92 55 43 24 39 69 100 17 84 93 32 36 18 45 54 20 52 75 82 83 5 10 94 15 42 2 73 35 49 62 9 3 21 85 90 56 53 46 76 4 29 31 78 74 79 40 60 57 7 48 11 81 65 64 19 59 44 14 58 66 28 38 8 77
best 386537
best 383350 step 1 time 701 ms
best 377233 step 2 time 1176 ms
best 373325 step 3 time 1370 ms
best 371961 step 5 time 2009 ms
best 361800 step 14 time 4374 ms
best 360984 step 42 time 12323 ms
best 360733 step 43 time 12583 ms
best 357926 step 44 time 12872 ms
best 355469 step 45 time 13043 ms
best 354329 step 46 time 13187 ms
best 354229 step 47 time 13424 ms
best 353026 step 1393 time 373488 ms
done 0 72 22 26 92 63 80 97 27 67 87 50 16 5 1 88 41 24 34 70 47 91 68 6 86 93 99 33 13 98 37 25 61 52 89 23 96 30 12 55 51 100 39 71 17 32 43 84 54 20 69 36 18 46 45 94 83 3 82 2 73 75 10 60 42 95 21 15 79 35 49 62 4 90 7 29 40 11 76 85 31 53 9 78 74 56 38 57 81 64 19 28 48 59 44 58 66 77 65 8 14
best 353026
time 950089 ms
seed 17
