jobs 100
mach 20
init 0 48 17 13 79 41 69 37 51 67 58 70 80 74 77 92 24 38 16 87 54 23 82 91 35 63 12 61 34 9 84 83 65 64 52 72 100 33 42 20 22 4 7 89 47 86 73 31 60 56 19 97 66 43 1 39 94 6 50 96 29 28 14 93 78 3 68 76 27 55 62 49 75 81 45 53 88 98 95 25 59 36 26 15 99 11 44 46 32 85 30 90 71 40 57 21 2 5 8 10 18
best 516314
best 512247 step 1 time 688 ms
best 512064 step 2 time 886 ms
best 503361 step 5 time 1926 ms
best 497265 step 10 time 3292 ms
best 494836 step 11 time 3496 ms
best 494093 step 14 time 4024 ms
best 492976 step 15 time 4195 ms
best 490691 step 17 time 4889 ms
best 489844 step 37 time 9964 ms
best 487648 step 38 time 10060 ms
best 483058 step 45 time 11946 ms
best 482927 step 231 time 58846 ms
best 481526 step 433 time 110723 ms
best 480244 step 434 time 110923 ms
best 479443 step 1014 time 260478 ms
best 479290 step 1015 time 260560 ms
best 478080 step 3111 time 790150 ms
best 477780 step 3112 time 790304 ms
best 477251 step 3113 time 790579 ms
done 0 61 13 41 17 77 79 51 70 80 67 37 58 38 92 23 54 74 52 24 12 87 9 35 86 63 91 82 69 47 14 94 34 16 65 1 7 22 66 64 19 4 20 72 33 84 83 73 28 6 60 96 50 56 93 27 68 42 89 100 43 76 55 49 31 59 48 45 53 88 95 39 97 62 81 29 78 3 36 30 44 75 85 98 71 11 25 99 46 21 32 2 26 15 18 40 57 90 5 8 10
best 477251
time 950192 ms
seed 17
