jobs 100
mach 20
init 0 67 75 56 34 54 94 4 71 92 60 2 11 59 83 16 76 17 10 53 64 47 74 21 23 82 33 91 58 43 39 25 36 96 95 81 69 20 98 1 73 13 84 55 32 41 49 6 44 37 38 100 15 97 63 65 78 86 30 52 70 89 46 62 51 99 42 12 31 29 40 26 57 3 19 8 45 35 27 7 50 18 24 80 14 28 85 66 90 22 68 5 87 48 61 72 79 9 93 88 77
best 502450
best 494775 step 1 time 787 ms
best 488029 step 2 time 1094 ms
best 487440 step 3 time 1378 ms
best 481771 step 4 time 2024 ms
best 476175 step 5 time 2421 ms
best 474889 step 8 time 3497 ms
best 472408 step 9 time 3795 ms
best 467229 step 11 time 4413 ms
best 466853 step 14 time 5169 ms
best 465705 step 15 time 5545 ms
best 463848 step 21 time 7614 ms
best 459162 step 35 time 13184 ms
best 458937 step 39 time 14201 ms
best 457042 step 519 time 160756 ms
best 456562 step 520 time 161048 ms
best 452959 step 547 time 168100 ms
best 451392 step 612 time 187940 ms
done 0 67 75 71 11 16 4 60 92 86 83 94 54 2 65 56 96 59 53 100 76 17 33 41 63 58 23 10 91 82 20 64 21 25 36 47 32 95 69 43 46 98 49 84 52 81 73 89 55 97 37 6 38 1 15 99 44 39 13 78 34 12 19 8 30 70 74 26 57 42 51 40 29 3 35 45 27 62 31 28 66 18 7 14 85 90 80 9 50 93 22 24 68 5 87 79 72 48 61 88 77
best 451392
time 950075 ms
seed 17
