jobs 100
mach 20
init 0 23 62 21 45 81 75 37 98 80 32 16 66 25 34 17 52 42 12 71 29 68 19 79 61 55 11 87 88 27 40 44 94 77 84 82 65 9 69 18 89 50 60 64 10 95 85 58 49 51 59 70 1 2 53 90 76 73 26 5 22 86 83 97 78 24 33 39 56 6 91 67 36 47 54 20 8 41 63 35 99 13 14 92 100 15 30 3 31 74 96 46 28 4 93 7 72 57 48 43 38
best 572567
best 561468 step 1 time 743 ms
best 560862 step 3 time 1175 ms
best 559408 step 4 time 1403 ms
best 557349 step 5 time 1686 ms
best 553505 step 6 time 2051 ms
best 552091 step 7 time 2463 ms
best 551942 step 8 time 2620 ms
best 551813 step 9 time 2962 ms
best 549249 step 12 time 3960 ms
best 548862 step 13 time 4155 ms
best 547384 step 15 time 4658 ms
best 545038 step 19 time 5863 ms
best 536886 step 64 time 17834 ms
best 535140 step 81 time 21834 ms
best 534181 step 854 time 221618 ms
best 533841 step 857 time 222304 ms
best 532254 step 888 time 230082 ms
best 531914 step 889 time 230393 ms
best 531865 step 890 time 230588 ms
best 531744 step 2135 time 554724 ms
best 530488 step 2136 time 554993 ms
best 529480 step 2138 time 555471 ms
best 526893 step 2140 time 555828 ms
done 0 23 62 1 45 17 75 37 21 80 52 32 55 25 34 71 98 16 40 27 60 61 12 88 77 66 29 42 44 70 84 81 19 68 79 50 18 11 85 39 69 87 82 64 53 51 22 86 83 97 59 58 5 49 10 65 90 15 95 2 76 56 91 73 26 9 94 78 89 47 36 6 99 24 63 8 30 54 33 20 67 41 31 13 92 100 14 96 46 35 7 4 3 28 74 93 72 43 57 38 48
best 526893
time 950258 ms
seed 17
