jobs 100
mach 20
init 0 98 50 22 99 21 25 26 29 36 15 2 35 61 16 55 85 95 30 40 38 90 80 83 96 69 1 79 86 11 13 14 53 32 17 47 23 37 75 59 92 89 72 94 44 31 3 87 8 66 63 24 28 81 5 68 56 41 19 10 51 48 54 97 91 45 7 27 4 100 33 65 67 57 73 18 58 78 77 49 43 34 74 70 93 20 46 71 42 60 64 62 82 6 39 88 9 84 12 76 52
best 459757
best 458233 step 1 time 790 ms
best 457701 step 2 time 982 ms
best 454726 step 4 time 1834 ms
best 452700 step 10 time 3368 ms
best 452673 step 11 time 3520 ms
best 451262 step 12 time 3942 ms
best 446205 step 26 time 8809 ms
best 445482 step 27 time 8980 ms
best 439192 step 55 time 18334 ms
best 437423 step 56 time 18700 ms
best 435441 step 57 time 19143 ms
best 433660 step 241 time 77270 ms
best 432881 step 1567 time 517396 ms
best 431581 step 1568 time 517929 ms
done 0 98 22 30 21 25 26 29 36 16 61 55 99 38 35 79 15 95 13 89 80 83 11 96 2 85 69 1 8 32 17 53 94 50 44 91 14 75 40 23 47 87 92 19 54 72 10 37 27 31 3 66 59 90 68 18 41 24 56 28 81 63 65 7 51 97 33 45 86 67 49 77 43 57 100 78 58 48 46 4 74 70 5 93 34 73 42 60 20 62 64 88 6 39 76 71 9 84 82 52 12
best 431581
time 950026 ms
seed 17
