jobs 100
mach 20
init 0 69 25 15 92 48 100 75 1 97 73 19 4 24 21 35 63 65 51 9 45 64 23 6 89 39 38 77 29 16 50 96 71 79 31 86 32 95 70 68 99 49 66 83 82 37 17 36 59 85 22 52 7 44 87 98 94 93 60 72 47 42 91 3 11 67 62 41 14 18 13 54 34 12 56 2 8 53 55 88 90 78 61 30 80 84 26 40 20 46 10 27 76 5 58 43 33 81 28 74 57
best 501372
best 498826 step 1 time 770 ms
best 490912 step 3 time 1295 ms
best 483942 step 4 time 1607 ms
best 479469 step 12 time 3822 ms
best 478243 step 19 time 5743 ms
best 476706 step 21 time 6214 ms
best 475755 step 22 time 6495 ms
best 475446 step 31 time 9216 ms
best 475159 step 41 time 12275 ms
best 473209 step 48 time 14233 ms
best 471214 step 50 time 14698 ms
best 468558 step 60 time 17582 ms
best 466434 step 75 time 22614 ms
best 464720 step 1139 time 323020 ms
best 464306 step 1140 time 323290 ms
best 463680 step 1141 time 323561 ms
best 461681 step 3010 time 846353 ms
best 461660 step 3011 time 846595 ms
done 0 69 25 48 31 75 92 23 97 19 38 77 21 82 63 65 4 68 24 51 64 9 100 35 22 87 96 45 39 29 49 6 1 86 16 83 79 52 32 95 70 94 60 50 66 59 71 37 42 17 73 36 85 44 89 99 98 34 14 41 18 11 93 40 80 47 62 88 7 84 3 13 91 72 78 2 15 67 54 20 53 90 46 8 55 61 30 27 56 10 12 76 26 5 58 43 33 81 28 74 57
best 461660
time 950124 ms
seed 17
