jobs 100
mach 20
init 0 16 33 37 30 45 17 27 28 71 25 44 54 68 80 40 95 73 8 70 24 79 63 2 38 5 81 62 76 42 41 32 92 64 55 1 47 65 61 78 39 53 67 35 46 97 50 6 75 87 3 43 49 69 10 60 14 82 77 94 34 19 86 83 72 48 98 31 90 21 84 11 15 52 7 4 100 20 58 26 51 29 56 74 93 88 85 23 18 89 12 13 22 96 36 99 57 59 66 9 91
best 554345
best 551570 step 1 time 708 ms
best 547724 step 2 time 927 ms
best 537924 step 4 time 1548 ms
best 537733 step 5 time 1959 ms
best 535151 step 9 time 3145 ms
best 532277 step 30 time 9500 ms
best 526987 step 36 time 11380 ms
best 526588 step 37 time 11654 ms
best 526455 step 87 time 27927 ms
best 525445 step 88 time 28169 ms
best 524283 step 89 time 28489 ms
best 524060 step 224 time 71768 ms
best 522893 step 227 time 72331 ms
best 521020 step 229 time 73045 ms
best 519514 step 306 time 97995 ms
best 517563 step 673 time 215098 ms
best 515995 step 1110 time 349770 ms
best 514360 step 1113 time 350286 ms
done 0 16 33 30 27 17 61 37 94 54 92 80 2 25 71 87 68 40 95 45 24 55 78 63 44 8 79 19 42 5 81 41 62 97 38 32 70 64 1 47 39 53 50 65 73 77 67 34 10 82 43 6 83 14 75 69 3 35 76 60 100 11 21 58 31 46 48 28 84 86 72 98 15 49 52 51 88 4 56 74 20 90 93 29 23 26 85 89 18 7 13 96 12 36 22 99 57 91 59 66 9
best 514360
time 950273 ms
seed 17
