jobs 100
mach 20
init 0 64 26 52 39 86 12 24 72 69 29 80 82 33 11 9 78 63 54 18 89 42 88 25 61 17 49 53 97 93 7 99 56 13 77 79 40 92 59 68 81 90 3 95 28 5 100 20 8 57 84 1 43 6 67 85 73 44 55 51 37 45 65 50 30 58 19 4 38 71 46 83 32 98 15 87 14 47 66 60 23 96 27 16 75 94 31 70 62 76 41 10 48 34 36 91 22 21 35 74 2
best 548553
best 543170 step 1 time 703 ms
best 537754 step 2 time 929 ms
best 536385 step 4 time 1472 ms
best 533431 step 18 time 5126 ms
best 531069 step 26 time 7194 ms
best 529736 step 42 time 11028 ms
best 529257 step 99 time 25324 ms
best 528923 step 100 time 25832 ms
best 522291 step 101 time 26146 ms
best 518826 step 102 time 26432 ms
done 0 33 26 24 52 78 14 18 72 69 90 86 64 29 97 80 61 63 54 89 42 82 12 39 79 5 11 7 49 25 13 43 56 77 100 88 99 9 15 40 92 59 68 17 53 57 28 8 81 55 4 93 50 73 84 1 20 44 95 3 45 19 71 85 37 87 6 27 65 47 38 51 66 98 58 23 46 83 67 96 16 30 60 94 62 10 76 75 70 31 74 41 32 48 34 36 91 21 35 2 22
best 518826
time 950028 ms
seed 17
