jobs 100
mach 20
init 0 56 10 83 14 62 80 74 66 94 81 16 3 55 24 38 29 68 11 64 23 91 21 15 26 96 75 33 71 97 54 67 30 39 25 19 100 27 18 98 92 84 76 41 82 49 6 70 63 36 95 12 13 52 77 46 34 4 57 9 69 5 93 79 61 73 43 88 78 51 17 35 32 2 50 59 58 37 72 42 1 8 31 86 7 60 48 87 90 53 28 45 40 44 65 85 89 20 22 99 47
best 612858
best 611335 step 1 time 717 ms
best 597965 step 2 time 1139 ms
best 594366 step 3 time 1549 ms
best 590695 step 5 time 2059 ms
best 589392 step 20 time 6247 ms
best 587999 step 21 time 6353 ms
best 587413 step 39 time 11050 ms
best 584446 step 44 time 12448 ms
best 580876 step 46 time 13012 ms
best 580521 step 55 time 15189 ms
best 579409 step 56 time 15457 ms
best 578496 step 57 time 15811 ms
best 577016 step 69 time 18900 ms
best 575178 step 250 time 64647 ms
best 574005 step 378 time 97693 ms
best 568955 step 390 time 100498 ms
best 566903 step 391 time 100950 ms
best 566082 step 392 time 101073 ms
done 0 56 62 55 24 57 14 10 80 83 74 66 94 81 3 16 46 15 29 71 64 96 97 68 11 23 91 26 93 38 52 75 30 27 98 54 63 41 25 19 100 21 12 49 92 76 18 70 33 9 13 6 73 84 69 4 36 77 34 43 88 39 51 61 42 17 82 1 35 78 79 32 95 50 67 2 59 58 37 8 31 86 48 87 5 60 7 72 53 44 40 20 45 90 65 85 28 89 99 22 47
best 566082
time 950077 ms
seed 17
