jobs 50
mach 20
init 0 8 9 10 18 11 50 1 33 20 29 45 3 48 17 6 31 41 39 35 22 13 43 2 4 34 46 44 19 47 14 32 12 5 26 36 24 38 37 25 21 7 30 15 42 49 27 23 40 16 28
best 15471
best 15138 step 1 time 97 ms
best 12705 step 24 time 557 ms
best 12470 step 92 time 1864 ms
best 12081 step 101 time 2000 ms
best 12069 step 337 time 6449 ms
done 0 33 18 10 45 8 29 11 50 1 37 9 20 3 48 17 6 31 41 39 35 43 44 2 4 13 46 34 22 19 14 47 32 36 12 5 26 24 38 25 21 7 30 15 42 16 23 49 40 27 28
best 12069
time 950001 ms
seed 17
