jobs 50
mach 20
init 0 36 10 3 25 39 22 46 6 17 14 12 42 24 31 4 44 21 33 26 28 32 20 15 40 45 35 19 2 50 23 8 9 34 47 1 5 13 11 48 37 18 7 38 49 30 43 29 27 16 41
best 39047
best 37720 step 2 time 87 ms
best 37633 step 5 time 137 ms
best 36718 step 56 time 1051 ms
best 36576 step 64 time 1209 ms
best 36491 step 379 time 6838 ms
best 36432 step 10232 time 183801 ms
best 36416 step 23410 time 424339 ms
best 36395 step 25073 time 455045 ms
best 36336 step 49325 time 897985 ms
done 0 12 36 3 10 25 22 46 6 42 39 24 17 14 31 4 44 21 33 26 28 32 20 15 40 23 45 2 50 35 19 8 9 34 47 1 5 13 30 48 27 38 7 49 18 37 11 43 29 16 41
best 36336
time 950009 ms
seed 17
