jobs 60
mach 20
init 0 34 16 9 2 38 31 52 35 26 56 47 39 22 55 17 21 28 59 48 33 41 1 42 36 11 5 29 32 30 14 8 13 4 15 40 57 20 27 7 60 24 51 6 25 3 46 19 54 37 10 23 58 12 49 45 53 18 50 43 44
best 82005
best 81923 step 1 time 143 ms
best 78970 step 2 time 250 ms
best 77251 step 8 time 479 ms
best 74476 step 10 time 573 ms
best 72735 step 14 time 756 ms
best 71447 step 66 time 2844 ms
best 71248 step 72 time 3012 ms
best 70348 step 620 time 27664 ms
best 70044 step 4331 time 191976 ms
best 70025 step 4805 time 212475 ms
best 69908 step 6506 time 288851 ms
best 69750 step 7374 time 328323 ms
done 0 47 31 16 34 56 9 2 21 59 33 26 17 48 7 38 55 28 52 39 22 41 29 36 35 1 32 14 11 30 8 13 15 57 5 60 4 40 51 20 24 42 6 25 27 19 54 3 46 37 10 23 58 12 49 45 53 18 50 43 44
best 69750
time 950018 ms
seed 17
