jobs 60
mach 20
init 0 60 20 50 32 11 8 47 5 33 42 3 28 46 53 34 59 52 4 40 55 45 48 1 43 31 19 15 44 18 49 30 7 22 10 57 12 37 24 51 21 36 25 54 58 16 17 26 29 41 56 39 35 9 14 6 27 38 13 23 2
best 60319
best 56633 step 1 time 117 ms
best 56247 step 8 time 394 ms
best 56055 step 25 time 1121 ms
best 54930 step 49 time 2135 ms
best 54594 step 82 time 3347 ms
best 54043 step 112 time 4111 ms
best 52834 step 143 time 5390 ms
best 52818 step 145 time 5467 ms
best 52355 step 16055 time 597980 ms
best 52268 step 16058 time 598112 ms
done 0 60 20 50 32 33 5 47 8 11 3 42 28 46 34 59 4 52 18 51 45 48 43 53 40 1 31 55 25 49 30 44 7 57 24 10 19 21 37 12 22 36 26 58 41 54 15 6 17 16 56 39 29 14 9 27 35 13 23 38 2
best 52268
time 950008 ms
seed 17
