jobs 60
mach 20
init 0 31 58 9 5 36 38 55 44 42 28 4 20 52 22 47 53 6 14 40 33 41 54 23 21 27 8 35 30 39 10 15 25 29 2 43 7 1 24 3 18 37 50 12 57 32 13 16 46 34 48 11 60 49 45 51 59 26 19 17 56
best 90246
best 88642 step 1 time 107 ms
best 86080 step 3 time 175 ms
best 85560 step 14 time 559 ms
best 85529 step 57 time 1983 ms
best 85508 step 59 time 2071 ms
best 85289 step 61 time 2124 ms
best 85237 step 62 time 2185 ms
best 84834 step 284 time 9907 ms
best 84443 step 299 time 10365 ms
best 84296 step 300 time 10409 ms
best 83935 step 717 time 24375 ms
best 83696 step 1807 time 61768 ms
best 83604 step 7249 time 243075 ms
best 83544 step 19017 time 646332 ms
done 0 53 31 36 58 38 5 55 42 9 28 4 20 22 52 21 47 44 6 54 14 41 40 33 23 35 25 15 27 1 39 10 30 18 29 2 7 43 24 3 37 13 57 16 12 32 34 50 8 46 49 48 60 51 59 11 45 26 19 17 56
best 83544
time 950032 ms
seed 17
