jobs 60
mach 20
init 0 41 25 4 58 37 48 11 26 12 43 21 30 60 9 17 31 24 22 34 7 57 18 5 33 35 19 27 56 38 23 32 6 59 15 2 46 39 51 50 13 47 1 16 28 52 14 36 10 40 29 3 54 53 44 49 55 8 42 20 45
best 129375
best 124658 step 1 time 122 ms
best 122353 step 2 time 182 ms
best 121417 step 7 time 420 ms
best 120354 step 8 time 455 ms
best 119709 step 11 time 588 ms
best 119309 step 15 time 759 ms
best 119139 step 16 time 788 ms
best 118339 step 547 time 18791 ms
best 117848 step 550 time 18865 ms
best 117457 step 553 time 19041 ms
best 117321 step 2133 time 74041 ms
best 117066 step 2167 time 75121 ms
best 116912 step 6478 time 222387 ms
best 116734 step 18451 time 630830 ms
done 0 37 41 26 58 25 48 11 4 35 3 22 24 43 12 21 30 32 60 33 9 57 18 34 7 17 19 39 59 56 2 38 27 5 6 51 23 8 15 36 50 13 1 47 52 14 46 28 16 10 40 29 49 55 53 31 54 44 45 42 20
best 116734
time 950023 ms
seed 17
