jobs 70
mach 20
init 0 23 26 47 53 34 56 12 45 17 49 5 37 42 13 60 57 54 55 7 33 11 22 52 69 24 61 67 16 10 44 6 32 59 35 15 28 30 9 8 14 70 40 4 43 41 58 50 21 25 65 63 19 68 46 38 27 18 31 64 51 39 1 36 62 66 48 29 20 3 2
best 161977
best 157087 step 2 time 204 ms
best 154731 step 3 time 281 ms
best 154377 step 4 time 346 ms
best 151733 step 6 time 477 ms
best 151550 step 14 time 1042 ms
best 151539 step 16 time 1141 ms
best 148926 step 17 time 1196 ms
best 146686 step 18 time 1289 ms
best 144735 step 22 time 1642 ms
best 143993 step 67 time 4560 ms
best 143877 step 69 time 4667 ms
best 142729 step 71 time 4810 ms
best 140715 step 76 time 5131 ms
best 139962 step 1294 time 85772 ms
best 139722 step 1300 time 86160 ms
best 139379 step 3702 time 243134 ms
best 138909 step 3703 time 243199 ms
best 138856 step 7530 time 492681 ms
done 0 23 56 42 45 34 55 53 15 26 69 5 37 49 17 13 60 57 67 33 11 7 44 52 24 22 68 21 32 16 10 59 6 30 9 12 47 43 8 14 35 61 70 40 28 25 63 65 54 58 50 19 46 4 41 38 20 64 18 39 51 27 36 31 1 29 62 66 48 3 2
best 138856
time 950037 ms
seed 17
