jobs 70
mach 20
init 0 23 22 66 12 67 27 48 36 50 8 13 63 61 64 51 44 16 25 53 32 38 24 20 41 65 46 9 34 45 3 2 37 11 54 58 6 43 70 33 31 68 42 19 56 49 57 40 18 52 7 39 28 4 47 29 1 62 26 21 60 55 5 10 30 15 59 35 14 17 69
best 179475
best 177527 step 1 time 233 ms
best 171275 step 2 time 345 ms
best 171244 step 4 time 416 ms
best 171026 step 6 time 500 ms
best 169228 step 12 time 857 ms
best 169043 step 13 time 904 ms
best 167538 step 14 time 992 ms
best 166753 step 22 time 1485 ms
best 166012 step 126 time 8912 ms
best 164108 step 238 time 16659 ms
best 164068 step 239 time 16717 ms
best 161264 step 1108 time 74660 ms
best 161262 step 1110 time 74790 ms
best 160579 step 2382 time 158506 ms
best 159869 step 9464 time 626358 ms
best 159640 step 9465 time 626418 ms
best 159433 step 9466 time 626527 ms
done 0 23 12 29 22 36 24 50 27 44 38 32 63 64 66 51 61 67 8 13 45 25 53 48 34 41 65 37 11 16 43 9 3 6 54 2 68 26 58 42 20 31 33 46 19 40 70 56 57 49 7 39 52 28 4 47 30 1 62 14 21 5 18 35 60 59 15 10 55 17 69
best 159433
time 950063 ms
seed 17
