jobs 70
mach 20
init 0 24 27 64 15 38 56 26 42 18 6 41 17 10 20 65 13 54 50 14 45 34 59 25 53 57 12 30 16 55 62 31 58 63 69 44 7 9 36 47 66 68 29 33 22 19 43 28 11 8 49 32 23 4 21 35 5 52 61 1 67 70 39 51 2 60 48 37 40 3 46
best 159125
best 157898 step 1 time 176 ms
best 156741 step 2 time 258 ms
best 154006 step 3 time 365 ms
best 153900 step 4 time 466 ms
best 145794 step 8 time 820 ms
best 143803 step 24 time 1941 ms
best 143199 step 274 time 18723 ms
best 140072 step 549 time 37565 ms
best 139986 step 4342 time 296785 ms
best 139939 step 10907 time 749345 ms
done 0 24 27 64 38 15 18 10 20 6 41 56 26 17 42 13 31 34 54 65 45 62 50 59 52 14 25 53 57 12 69 30 11 63 8 16 55 9 58 36 44 47 66 29 19 7 33 22 68 23 4 21 28 43 49 39 67 1 5 32 70 60 35 2 61 3 48 51 37 40 46
best 139939
time 950079 ms
seed 17
