jobs 70
mach 20
init 0 47 34 32 64 16 27 50 53 70 20 56 11 3 4 41 54 26 2 22 42 15 13 68 21 7 38 55 28 52 35 1 37 10 14 30 25 12 33 44 36 45 67 6 8 57 65 9 39 17 59 63 62 66 24 61 46 69 29 60 40 51 43 31 19 48 18 23 49 58 5
best 161319
best 158055 step 2 time 325 ms
best 158013 step 3 time 444 ms
best 154935 step 4 time 512 ms
best 154888 step 5 time 611 ms
best 151133 step 6 time 721 ms
best 150294 step 8 time 849 ms
best 148623 step 11 time 1089 ms
best 146942 step 12 time 1196 ms
best 145800 step 388 time 32695 ms
best 145691 step 942 time 80212 ms
best 144982 step 948 time 80665 ms
best 144535 step 950 time 80789 ms
best 144323 step 10095 time 858076 ms
done 0 47 34 32 16 27 53 70 20 56 38 3 50 64 28 11 26 41 42 55 2 12 68 4 13 15 39 7 54 14 22 1 65 10 30 52 33 36 35 57 21 45 44 37 67 6 25 63 9 59 8 66 17 62 24 51 61 31 46 29 40 69 60 43 58 48 23 49 19 18 5
best 144323
time 950038 ms
seed 17
