jobs 70
mach 20
init 0 39 60 15 61 64 52 69 20 59 9 14 17 12 13 11 25 38 46 58 68 7 66 63 67 40 41 23 24 34 44 22 10 3 31 51 36 47 29 18 65 33 4 27 42 70 8 54 57 53 32 1 6 5 26 16 55 48 50 37 21 35 56 62 45 30 28 2 19 49 43
best 226368
best 226348 step 1 time 306 ms
best 224553 step 2 time 412 ms
best 221837 step 3 time 507 ms
best 220862 step 18 time 1689 ms
best 220726 step 19 time 1753 ms
best 215660 step 24 time 2391 ms
best 208137 step 27 time 2644 ms
best 208008 step 28 time 2758 ms
best 205567 step 29 time 2844 ms
best 204885 step 30 time 2947 ms
best 204342 step 31 time 3052 ms
best 202497 step 39 time 3734 ms
best 200684 step 40 time 3823 ms
best 199864 step 175 time 14985 ms
best 199044 step 376 time 32971 ms
best 197273 step 379 time 33169 ms
best 196496 step 1871 time 155452 ms
best 196202 step 1875 time 155820 ms
best 195678 step 2665 time 220571 ms
best 194953 step 2668 time 220733 ms
done 0 38 11 61 14 25 64 69 29 68 12 17 63 44 13 60 66 59 22 46 15 20 58 40 54 24 7 67 23 70 55 34 9 10 41 33 51 36 47 18 6 4 3 65 42 27 31 52 8 57 1 32 37 16 5 56 26 53 48 50 21 35 45 39 30 62 28 2 19 49 43
best 194953
time 950035 ms
seed 17
