jobs 80
mach 20
init 0 58 36 21 70 66 16 55 25 1 74 68 31 27 4 11 65 40 17 73 77 46 69 44 33 28 75 23 3 34 49 22 56 20 5 45 6 14 50 18 51 8 52 10 30 79 63 80 7 32 76 61 19 12 29 48 41 78 57 64 47 35 37 38 42 60 43 62 9 26 53 39 2 24 15 13 54 71 67 59 72
best 294266
best 281060 step 1 time 451 ms
best 279972 step 2 time 549 ms
best 268926 step 5 time 914 ms
best 267858 step 6 time 1061 ms
best 266749 step 7 time 1165 ms
best 266381 step 22 time 2894 ms
best 265133 step 87 time 10346 ms
best 262979 step 95 time 11208 ms
best 262788 step 212 time 24706 ms
best 259225 step 213 time 24793 ms
best 258958 step 463 time 54145 ms
best 257957 step 692 time 80161 ms
best 257233 step 693 time 80263 ms
best 257094 step 1288 time 149697 ms
best 256493 step 2043 time 235180 ms
best 255669 step 2046 time 235438 ms
best 254121 step 2312 time 265145 ms
best 253568 step 6624 time 760324 ms
done 0 21 65 68 1 36 25 58 70 23 4 77 55 66 33 34 16 20 74 31 69 40 3 27 56 11 49 57 17 75 44 73 8 5 22 45 14 50 46 6 30 18 19 80 10 52 79 32 61 62 7 76 28 12 38 41 64 63 51 78 47 35 9 48 53 37 43 29 60 26 42 39 13 2 71 67 24 72 15 54 59
best 253568
time 950074 ms
seed 17
