jobs 80
mach 20
init 0 38 56 47 31 59 64 29 50 17 60 3 21 66 32 34 57 67 49 54 7 62 72 15 71 4 2 43 74 23 18 13 41 14 69 73 52 30 44 8 36 48 42 53 22 45 76 19 25 75 46 28 11 35 40 58 78 55 33 39 16 77 63 27 20 61 68 10 80 24 51 79 26 65 12 5 9 6 1 37 70
best 299272
best 298502 step 1 time 312 ms
best 294380 step 6 time 888 ms
best 294119 step 11 time 1392 ms
best 290648 step 12 time 1496 ms
best 290493 step 14 time 1806 ms
best 290435 step 83 time 9248 ms
best 290205 step 84 time 9380 ms
best 289921 step 86 time 9526 ms
best 289332 step 87 time 9606 ms
best 288869 step 88 time 9789 ms
best 288610 step 89 time 9916 ms
best 287296 step 109 time 11934 ms
best 286633 step 110 time 12067 ms
best 285509 step 191 time 21492 ms
best 285091 step 210 time 23312 ms
best 284004 step 224 time 24813 ms
best 283593 step 2054 time 224792 ms
best 283347 step 2253 time 248022 ms
best 282409 step 2255 time 248160 ms
best 282214 step 3913 time 431396 ms
done 0 38 56 47 3 59 17 57 31 32 50 60 29 15 18 67 64 72 54 21 66 69 71 4 62 8 41 34 43 74 49 22 23 7 73 52 14 11 13 30 44 19 36 48 2 39 45 42 76 75 46 25 63 58 55 40 53 35 78 61 27 28 33 16 77 20 68 10 80 26 65 12 5 24 1 51 6 79 9 37 70
best 282214
time 950013 ms
seed 17
