jobs 80
mach 20
init 0 27 53 25 62 18 41 57 71 70 29 17 14 58 42 66 11 19 15 65 23 63 76 2 4 38 22 59 73 79 30 37 12 47 21 6 52 13 75 20 39 28 74 26 61 60 78 54 33 55 35 7 72 3 50 1 77 40 24 67 34 10 31 9 36 8 49 64 44 43 46 5 32 80 69 48 45 68 16 56 51
best 286700
best 281139 step 1 time 250 ms
best 266403 step 2 time 500 ms
best 262262 step 5 time 964 ms
best 258402 step 6 time 1078 ms
best 254682 step 12 time 2018 ms
best 253386 step 14 time 2152 ms
best 252897 step 15 time 2285 ms
best 251541 step 47 time 6682 ms
best 249719 step 51 time 7239 ms
best 248648 step 55 time 7626 ms
best 248582 step 133 time 17634 ms
best 248135 step 137 time 18151 ms
best 247885 step 138 time 18285 ms
best 246246 step 140 time 18475 ms
best 245874 step 255 time 32907 ms
best 245594 step 258 time 33251 ms
best 245182 step 749 time 94890 ms
best 245083 step 2378 time 304949 ms
best 243531 step 2755 time 350941 ms
done 0 66 25 19 29 2 18 57 14 53 62 12 47 17 42 58 71 50 4 38 41 11 65 63 23 52 22 79 76 20 21 70 37 72 15 73 59 3 30 6 75 74 77 28 7 39 26 13 35 78 1 61 54 60 33 40 27 55 64 31 24 34 10 67 43 46 36 9 49 44 8 80 32 69 48 68 16 5 51 56 45
best 243531
time 950065 ms
seed 17
