jobs 80
mach 20
init 0 9 52 75 28 5 74 60 35 39 49 73 17 21 11 10 23 44 18 32 61 68 31 13 4 48 69 64 59 70 33 1 25 34 7 43 12 14 62 2 46 45 57 8 26 30 36 16 51 66 24 37 6 50 20 29 80 76 42 38 56 22 15 71 55 79 58 72 63 41 78 47 65 77 3 27 19 54 53 40 67
best 209866
best 200487 step 1 time 371 ms
best 200264 step 5 time 719 ms
best 199914 step 9 time 1115 ms
best 199801 step 10 time 1153 ms
best 192593 step 12 time 1467 ms
best 192542 step 16 time 1774 ms
best 191456 step 154 time 15768 ms
best 188570 step 237 time 24022 ms
best 188292 step 2383 time 247862 ms
best 187908 step 5796 time 607717 ms
best 187368 step 7719 time 812470 ms
best 186933 step 7950 time 837256 ms
best 186270 step 7958 time 838128 ms
done 0 5 9 52 75 28 48 74 49 60 35 39 36 21 18 73 44 32 31 11 70 10 68 33 64 4 13 1 24 61 69 59 25 34 12 23 7 43 62 22 14 46 8 26 45 57 16 51 17 66 6 37 30 50 20 2 15 76 42 29 56 80 58 71 63 55 72 38 19 41 78 65 79 40 47 3 77 53 67 27 54
best 186270
time 950017 ms
seed 17
