jobs 80
mach 20
init 0 12 18 70 2 1 45 13 68 55 71 15 43 34 54 48 6 7 72 74 67 47 22 37 50 46 26 32 4 27 23 17 53 51 65 39 33 29 25 40 35 61 16 52 49 8 66 75 3 36 38 60 57 21 42 78 9 58 56 73 80 30 20 19 14 79 41 64 63 11 62 5 76 28 59 44 24 77 31 69 10
best 189283
best 187763 step 11 time 1291 ms
best 180849 step 13 time 1692 ms
best 176342 step 20 time 2630 ms
best 175818 step 78 time 9465 ms
best 175483 step 83 time 10040 ms
best 173958 step 85 time 10327 ms
best 173547 step 348 time 40063 ms
best 173428 step 1543 time 180233 ms
best 173373 step 6791 time 782985 ms
best 172787 step 6792 time 783107 ms
done 0 55 2 1 45 13 68 26 67 71 70 43 34 54 6 8 7 72 74 47 36 22 50 46 37 51 48 27 23 29 17 25 40 32 53 35 39 33 61 65 9 4 49 52 15 5 66 75 38 3 78 18 16 60 21 42 57 58 73 64 63 14 79 80 56 41 20 76 77 59 31 19 28 62 30 24 11 69 44 12 10
best 172787
time 950051 ms
seed 17
