jobs 80
mach 20
init 0 67 22 7 18 16 77 54 14 42 33 39 68 5 23 58 66 19 80 49 64 38 51 75 34 40 63 72 47 69 46 3 60 50 26 48 11 35 41 25 56 79 21 74 45 27 61 4 62 9 52 78 29 37 6 8 1 73 65 53 17 15 59 31 76 36 55 43 57 12 71 28 10 20 70 13 2 24 44 32 30
best 232634
best 231420 step 3 time 542 ms
best 226854 step 5 time 799 ms
best 223968 step 10 time 1587 ms
best 223389 step 11 time 1693 ms
best 223383 step 16 time 2080 ms
best 222443 step 18 time 2275 ms
best 221806 step 19 time 2403 ms
best 221215 step 65 time 7338 ms
best 219493 step 175 time 20282 ms
best 219407 step 529 time 61479 ms
best 218945 step 1695 time 195045 ms
best 218693 step 1696 time 195124 ms
best 217551 step 2152 time 247079 ms
done 0 67 22 54 16 7 49 39 77 5 18 64 66 23 42 14 19 58 51 80 75 38 34 26 63 27 40 79 72 3 11 35 69 50 47 48 74 68 46 56 1 60 21 33 25 45 6 4 62 78 29 41 52 9 65 73 37 15 61 31 8 28 36 57 59 20 70 53 17 43 76 71 10 12 2 24 13 44 55 30 32
best 217551
time 950054 ms
seed 17
