jobs 80
mach 20
init 0 56 79 59 23 77 27 14 38 36 69 37 80 51 12 61 55 6 47 45 11 7 28 26 75 43 53 40 16 71 9 42 70 54 18 33 30 29 62 60 52 22 32 13 49 63 21 65 67 8 4 50 58 64 24 72 5 34 17 10 2 15 46 66 48 74 41 76 35 57 39 25 20 31 73 3 1 78 68 44 19
best 326522
best 311539 step 1 time 411 ms
best 311040 step 3 time 661 ms
best 299999 step 8 time 1176 ms
best 299775 step 12 time 1614 ms
best 299149 step 13 time 1755 ms
best 294747 step 15 time 1944 ms
best 294428 step 189 time 21155 ms
best 292570 step 194 time 21665 ms
best 291747 step 240 time 26507 ms
best 290130 step 243 time 26814 ms
best 289898 step 481 time 53521 ms
best 289735 step 5786 time 636113 ms
done 0 47 79 36 59 23 77 28 55 6 37 21 38 40 22 12 61 80 56 69 14 45 7 11 58 75 18 33 74 70 27 26 54 51 43 42 71 16 30 49 53 5 63 52 9 8 32 24 72 65 4 50 67 48 20 64 35 34 17 10 60 57 66 15 62 2 13 46 39 41 76 29 25 68 73 3 78 31 1 19 44
best 289735
time 950228 ms
seed 17
