jobs 80
mach 20
init 0 21 3 25 5 72 53 1 15 48 47 59 18 45 2 55 43 77 44 31 80 29 62 78 67 9 4 76 40 12 69 79 73 32 70 39 57 30 16 50 74 63 11 27 19 75 14 65 71 51 17 26 64 28 66 36 24 42 41 22 68 60 7 49 46 52 35 56 6 20 33 10 13 8 58 34 37 23 38 54 61
best 231974
best 227436 step 5 time 600 ms
best 225251 step 6 time 669 ms
best 223151 step 8 time 994 ms
best 222540 step 9 time 1118 ms
best 222021 step 10 time 1245 ms
best 221616 step 12 time 1461 ms
best 221603 step 13 time 1509 ms
best 221272 step 14 time 1641 ms
best 221188 step 21 time 2342 ms
best 221044 step 22 time 2403 ms
best 217647 step 30 time 3139 ms
best 216566 step 269 time 28232 ms
best 215990 step 425 time 44072 ms
best 215334 step 430 time 44389 ms
best 215194 step 653 time 66872 ms
best 215154 step 654 time 66997 ms
best 213494 step 657 time 67307 ms
best 212263 step 660 time 67561 ms
done 0 47 5 26 21 25 79 72 53 1 15 59 48 2 18 45 30 3 67 44 31 43 77 76 78 55 4 80 69 71 29 12 40 22 73 39 9 16 32 50 28 74 11 19 75 63 57 51 65 64 17 62 14 60 27 70 66 68 42 36 24 41 7 6 13 56 46 52 35 20 33 8 10 58 34 49 37 23 38 54 61
best 212263
time 950050 ms
seed 17
