jobs 80
mach 20
init 0 19 45 69 24 42 75 12 78 1 56 63 41 20 14 61 35 7 46 10 4 49 11 31 76 22 60 33 27 44 79 57 17 29 71 72 51 30 53 26 38 32 48 39 15 73 34 5 28 67 77 50 9 66 64 74 8 16 80 21 2 40 62 18 25 59 70 47 68 23 3 58 54 43 36 6 13 55 37 65 52
best 198263
best 192064 step 2 time 593 ms
best 189391 step 5 time 1099 ms
best 188986 step 6 time 1200 ms
best 188011 step 7 time 1275 ms
best 187257 step 8 time 1404 ms
best 183345 step 10 time 1813 ms
best 180979 step 15 time 2346 ms
best 180878 step 19 time 2664 ms
best 180825 step 23 time 3279 ms
best 180493 step 180 time 23066 ms
best 180433 step 182 time 23229 ms
best 178910 step 191 time 24357 ms
best 177362 step 193 time 24676 ms
best 177229 step 194 time 24751 ms
best 177045 step 198 time 25065 ms
best 176634 step 1122 time 137723 ms
best 176512 step 2353 time 289060 ms
best 175815 step 6310 time 774394 ms
done 0 19 3 24 45 78 42 75 1 56 20 63 14 61 46 35 12 7 44 41 49 31 66 27 76 22 60 33 10 11 17 69 79 57 34 53 59 4 72 71 30 29 32 48 15 73 26 77 5 38 28 51 50 39 9 74 8 16 67 80 70 2 40 25 62 21 23 64 18 68 54 47 58 43 36 6 13 55 37 65 52
best 175815
time 950043 ms
seed 17
