jobs 90
mach 20
init 0 9 53 1 75 20 83 55 49 28 44 40 84 73 26 54 68 35 72 39 45 30 8 43 77 64 32 89 87 13 21 25 29 59 69 70 42 14 7 63 67 6 19 52 4 48 50 36 88 62 31 18 16 57 65 23 66 17 82 34 86 41 38 85 27 74 5 79 81 47 60 33 10 80 12 22 61 37 71 3 24 78 11 2 51 15 76 90 46 56 58
best 405544
best 399335 step 5 time 1146 ms
best 397263 step 14 time 2935 ms
best 396269 step 16 time 3268 ms
best 396115 step 23 time 4304 ms
best 394992 step 34 time 6294 ms
best 393013 step 37 time 6882 ms
best 388447 step 41 time 7417 ms
best 387709 step 44 time 7913 ms
best 386491 step 235 time 40620 ms
best 384204 step 236 time 40819 ms
best 383243 step 696 time 116455 ms
best 382880 step 2202 time 366303 ms
best 382819 step 2204 time 366655 ms
best 382458 step 2801 time 466069 ms
best 382195 step 2802 time 466261 ms
best 381022 step 2856 time 475112 ms
best 380336 step 2858 time 475531 ms
done 0 9 75 53 20 64 55 49 83 18 28 1 70 39 68 35 59 8 44 45 30 40 43 73 77 26 29 72 32 42 85 87 21 25 89 13 54 52 63 86 57 14 7 6 27 50 67 4 48 17 16 31 66 36 88 62 23 38 65 82 69 74 5 34 41 22 19 60 33 80 84 37 79 81 12 3 78 11 76 10 51 47 15 61 24 90 46 56 71 58 2
best 380336
time 950141 ms
seed 17
