jobs 90
mach 20
init 0 12 51 11 34 45 65 70 35 6 19 26 16 61 80 76 50 59 15 52 17 7 56 84 42 27 58 2 69 75 40 55 77 32 8 60 24 1 67 13 22 9 74 73 71 72 4 29 87 41 54 81 48 37 30 68 43 88 78 39 49 85 44 23 66 31 89 14 63 10 90 79 20 46 5 25 53 86 57 3 33 36 18 21 82 64 62 38 47 28 83
best 446029
best 437996 step 2 time 872 ms
best 435793 step 3 time 1015 ms
best 429927 step 4 time 1234 ms
best 415588 step 5 time 1528 ms
best 413308 step 21 time 4507 ms
best 410222 step 38 time 7338 ms
best 409942 step 40 time 7607 ms
best 408529 step 47 time 8715 ms
best 408456 step 58 time 10613 ms
best 408218 step 170 time 30361 ms
best 407801 step 286 time 51855 ms
best 406410 step 534 time 95007 ms
best 406299 step 804 time 142440 ms
best 404916 step 1235 time 220582 ms
best 404357 step 3838 time 692173 ms
best 403911 step 4089 time 736106 ms
best 402830 step 4090 time 736255 ms
best 402414 step 4704 time 848158 ms
done 0 12 51 11 35 65 45 42 61 6 27 7 22 70 19 15 84 50 24 69 17 58 59 56 34 32 75 16 52 77 10 9 2 40 90 68 60 8 1 29 80 74 73 78 30 67 43 87 71 54 37 88 76 39 49 26 48 41 55 72 44 89 85 14 20 46 81 13 63 4 23 66 31 57 79 53 86 82 5 3 33 25 18 21 36 64 62 83 38 47 28
best 402414
time 950003 ms
seed 17
