jobs 90
mach 20
init 0 12 57 78 85 59 52 33 19 75 43 42 24 31 81 54 14 48 2 34 71 11 68 79 20 27 37 87 17 18 88 45 25 32 46 4 82 39 5 69 22 86 10 1 28 15 70 29 40 61 67 90 77 6 49 26 63 21 23 13 55 80 58 56 73 65 76 50 53 47 83 89 35 41 66 72 8 36 44 64 7 16 3 60 84 74 9 62 38 51 30
best 423325
best 412061 step 1 time 807 ms
best 397307 step 5 time 1839 ms
best 395406 step 6 time 2077 ms
best 392391 step 7 time 2283 ms
best 391539 step 9 time 2555 ms
best 389340 step 10 time 2754 ms
best 388146 step 11 time 3091 ms
best 384417 step 24 time 6153 ms
best 382330 step 25 time 6458 ms
best 375276 step 44 time 10120 ms
best 375244 step 406 time 85997 ms
best 374733 step 612 time 128777 ms
best 374041 step 635 time 133082 ms
best 370863 step 636 time 133253 ms
best 370798 step 637 time 133335 ms
best 369272 step 882 time 185271 ms
best 368219 step 3967 time 839186 ms
done 0 52 85 57 12 33 67 2 20 90 78 14 42 31 24 46 81 10 54 5 88 48 32 71 45 34 17 37 68 43 87 79 63 69 75 23 26 18 11 40 82 22 86 1 15 70 29 6 4 61 56 19 28 27 55 21 25 39 49 59 76 72 50 80 77 35 73 58 53 13 65 41 47 89 8 83 16 3 36 44 64 7 62 66 60 74 38 84 51 9 30
best 368219
time 950026 ms
seed 17
