jobs 90
mach 20
init 0 36 85 66 7 49 11 58 74 12 54 21 6 41 46 70 79 48 38 20 28 44 90 3 17 71 76 15 37 83 43 87 22 27 57 81 75 60 31 68 88 84 26 2 23 59 33 62 72 51 18 25 5 80 50 45 13 19 56 63 29 30 47 35 61 24 42 34 10 69 78 8 39 89 67 53 16 55 77 73 86 82 14 4 1 32 65 9 52 64 40
best 441981
best 441576 step 1 time 584 ms
best 431534 step 4 time 1201 ms
best 429999 step 9 time 2103 ms
best 426540 step 12 time 2750 ms
best 421940 step 13 time 2995 ms
best 421645 step 14 time 3179 ms
best 419590 step 16 time 3845 ms
best 417576 step 18 time 4084 ms
best 414945 step 19 time 4575 ms
best 410989 step 20 time 4748 ms
best 410952 step 49 time 9710 ms
best 406996 step 53 time 10398 ms
best 400245 step 57 time 11335 ms
best 399425 step 2044 time 354622 ms
done 0 48 49 54 36 71 85 74 58 12 24 11 7 21 6 70 18 79 46 84 43 38 41 29 20 28 15 3 76 37 27 44 90 31 83 81 68 26 22 17 62 61 57 51 75 33 60 2 23 87 72 25 47 45 34 67 63 19 80 10 50 53 66 5 69 88 56 13 59 35 89 16 77 73 30 42 8 78 39 82 55 1 64 9 14 4 65 32 52 40 86
best 399425
time 950225 ms
seed 17
