jobs 90
mach 20
init 0 35 46 45 26 90 49 89 43 32 80 79 75 34 13 61 66 76 50 64 63 39 29 24 44 17 82 70 52 1 25 41 20 62 5 77 37 87 51 8 85 23 57 48 47 58 3 19 15 88 36 84 16 56 7 27 53 73 72 60 28 21 2 83 86 71 55 30 38 74 14 68 18 67 42 9 69 6 78 33 10 11 81 4 54 65 40 31 59 22 12
best 375465
best 374457 step 1 time 568 ms
best 371286 step 2 time 937 ms
best 369052 step 3 time 1150 ms
best 368412 step 4 time 1220 ms
best 364036 step 5 time 1430 ms
best 363035 step 7 time 1810 ms
best 360941 step 8 time 2048 ms
best 360747 step 9 time 2245 ms
best 359272 step 10 time 2450 ms
best 358812 step 12 time 2667 ms
best 353469 step 18 time 3782 ms
best 351921 step 138 time 26065 ms
best 350325 step 336 time 63411 ms
best 348645 step 1762 time 329341 ms
done 0 35 46 13 32 50 75 90 89 45 43 26 80 79 66 64 1 61 60 63 39 77 70 29 24 25 44 17 20 88 76 56 82 41 47 74 58 8 62 87 23 57 48 49 37 7 51 3 19 85 15 30 86 84 27 52 28 36 73 16 53 83 71 72 2 14 5 34 21 42 10 55 33 9 38 11 65 68 67 40 6 78 18 81 4 54 69 59 22 31 12
best 348645
time 950078 ms
seed 17
