jobs 90
mach 20
init 0 60 78 55 72 6 34 11 83 82 8 15 12 61 87 56 66 2 71 52 57 88 35 13 51 67 21 46 17 75 20 39 90 58 32 44 48 4 69 77 33 10 50 26 29 54 84 65 22 89 28 53 27 30 63 16 86 31 37 85 42 62 49 36 25 14 3 80 23 40 73 81 5 41 7 76 45 47 68 24 79 9 64 19 18 74 43 59 1 38 70
best 329179
best 328265 step 1 time 731 ms
best 328069 step 17 time 3036 ms
best 324955 step 18 time 3246 ms
best 324374 step 19 time 3378 ms
best 323041 step 25 time 4354 ms
best 318599 step 36 time 6403 ms
best 315646 step 65 time 10913 ms
best 314959 step 67 time 11280 ms
best 314245 step 70 time 12036 ms
best 312124 step 71 time 12322 ms
best 309967 step 75 time 13043 ms
best 309202 step 76 time 13177 ms
best 308969 step 5545 time 925366 ms
done 0 36 72 78 6 83 60 34 15 12 61 55 87 56 71 11 82 66 31 2 51 46 57 50 21 52 67 8 35 39 88 20 13 28 10 33 90 58 48 44 4 26 42 53 75 29 65 69 77 80 32 30 22 89 54 84 3 37 27 14 63 16 17 86 49 76 79 85 25 41 18 23 73 81 7 62 68 19 43 47 5 64 45 40 1 59 24 38 9 74 70
best 308969
time 950006 ms
seed 17
