jobs 90
mach 20
init 0 28 90 42 35 12 30 76 53 62 46 65 69 58 4 31 33 25 55 27 66 80 37 44 36 57 13 89 32 54 72 17 87 52 81 6 45 1 14 79 26 77 3 5 9 67 64 70 78 73 85 29 48 2 43 39 83 60 50 15 20 41 24 7 34 74 61 88 71 8 84 10 59 63 51 21 47 75 38 11 19 82 49 40 16 68 86 18 22 23 56
best 384250
best 378532 step 1 time 491 ms
best 378531 step 2 time 615 ms
best 377574 step 3 time 756 ms
best 371610 step 4 time 1036 ms
best 370109 step 7 time 1465 ms
best 367833 step 8 time 1644 ms
best 362953 step 9 time 1786 ms
best 362014 step 10 time 2183 ms
best 359537 step 12 time 2492 ms
best 358735 step 14 time 2780 ms
best 356780 step 15 time 2854 ms
best 354538 step 17 time 3165 ms
best 353169 step 18 time 3305 ms
best 352145 step 19 time 3467 ms
best 351948 step 20 time 3614 ms
best 348673 step 32 time 5677 ms
best 347369 step 33 time 5869 ms
best 346682 step 35 time 6138 ms
best 346188 step 40 time 6774 ms
best 346037 step 41 time 6830 ms
best 345476 step 63 time 10310 ms
best 341552 step 80 time 13208 ms
best 340115 step 82 time 13592 ms
best 339735 step 606 time 99507 ms
done 0 42 69 35 53 76 89 25 4 5 30 12 44 62 31 54 46 65 9 33 55 58 80 27 77 17 32 67 57 37 13 52 28 45 72 6 64 48 36 66 83 1 14 79 26 81 70 78 73 3 90 50 7 85 29 2 87 43 39 60 84 24 88 15 75 59 34 71 20 61 74 41 10 8 51 11 21 63 19 47 38 16 18 40 23 82 49 68 86 22 56
best 339735
time 950059 ms
seed 17
