jobs 90
mach 20
init 0 83 37 42 51 28 78 54 60 73 1 27 90 47 8 62 10 81 64 41 30 52 39 53 2 49 89 40 69 14 36 48 32 31 63 29 12 74 88 11 13 9 80 71 17 34 25 68 65 70 23 26 77 45 5 24 35 86 3 4 57 87 82 16 7 33 46 43 79 58 76 55 61 56 66 59 67 38 18 85 44 19 22 84 15 21 20 6 50 72 75
best 443608
best 440616 step 1 time 555 ms
best 413945 step 2 time 885 ms
best 413873 step 4 time 1307 ms
best 411676 step 20 time 4690 ms
best 410409 step 29 time 6571 ms
best 407969 step 30 time 6759 ms
best 407213 step 37 time 8241 ms
best 406066 step 71 time 16030 ms
best 405212 step 109 time 25067 ms
best 404083 step 178 time 39445 ms
best 403942 step 185 time 40988 ms
best 403366 step 206 time 45005 ms
best 401754 step 214 time 46999 ms
best 401148 step 1411 time 305705 ms
best 397372 step 4053 time 887850 ms
done 0 55 16 39 51 42 27 28 41 78 90 54 89 60 47 10 8 64 81 52 73 1 37 2 30 53 36 34 49 69 68 14 63 11 48 32 31 70 12 57 40 88 9 71 5 83 13 80 25 44 24 35 86 26 23 77 58 3 4 74 46 66 7 56 29 67 59 79 17 62 76 45 82 61 65 87 33 43 18 19 21 85 6 72 15 84 22 20 38 50 75
best 397372
time 950132 ms
seed 17
