jobs 90
mach 20
init 0 23 29 81 31 55 9 7 78 12 75 16 1 44 65 53 57 56 17 26 82 27 42 66 37 10 83 76 36 11 49 58 60 84 85 63 35 33 50 18 45 43 3 2 64 47 71 61 73 77 70 6 80 39 90 52 8 25 4 59 48 19 62 46 67 24 32 13 51 86 15 38 28 14 68 87 88 21 5 34 74 89 69 30 20 41 22 54 72 79 40
best 372686
best 366378 step 2 time 808 ms
best 364451 step 3 time 1106 ms
best 361161 step 5 time 1400 ms
best 360186 step 6 time 1491 ms
best 356639 step 8 time 1883 ms
best 348965 step 12 time 2380 ms
best 345661 step 13 time 2499 ms
best 343755 step 18 time 3409 ms
best 343207 step 19 time 3555 ms
best 342541 step 24 time 4329 ms
best 338658 step 25 time 4520 ms
best 337819 step 27 time 4794 ms
best 337285 step 29 time 5016 ms
best 335064 step 30 time 5174 ms
best 334615 step 65 time 10406 ms
best 334153 step 66 time 10618 ms
best 329260 step 67 time 10772 ms
best 326791 step 529 time 84830 ms
best 325711 step 530 time 85033 ms
done 0 23 12 66 78 16 1 44 81 80 55 7 9 53 65 46 61 17 11 56 64 57 83 43 58 82 27 42 10 76 63 60 36 84 37 49 85 35 31 2 45 33 18 3 39 50 77 32 8 47 75 26 70 6 71 13 67 52 48 73 59 90 19 62 25 4 24 74 28 14 68 87 88 51 86 89 5 38 34 41 21 69 30 29 20 15 22 54 72 79 40
best 325711
time 950165 ms
seed 17
