jobs 100
mach 20
init 0 47 22 25 26 29 36 15 2 21 61 18 38 95 30 90 1 89 80 96 17 81 69 83 11 85 13 99 31 35 8 40 24 14 86 32 55 53 92 16 94 44 91 50 87 72 75 37 3 59 63 77 28 68 54 23 56 7 58 41 19 10 74 66 78 45 27 51 65 48 79 34 100 57 67 97 33 4 46 71 43 70 93 20 98 49 5 73 6 60 62 42 84 88 82 39 64 76 12 9 52
best 489990
best 467964 step 1 time 849 ms
best 467941 step 2 time 1039 ms
best 462708 step 4 time 1396 ms
best 462678 step 5 time 1665 ms
best 462637 step 6 time 1809 ms
best 461045 step 13 time 3637 ms
best 460695 step 16 time 4499 ms
best 460678 step 17 time 4654 ms
best 457710 step 20 time 5934 ms
best 455384 step 22 time 6433 ms
best 455069 step 23 time 6701 ms
best 452892 step 24 time 6939 ms
best 452432 step 25 time 7145 ms
best 449172 step 34 time 9485 ms
best 445013 step 36 time 10109 ms
best 444592 step 40 time 11337 ms
best 444478 step 41 time 11575 ms
best 444245 step 59 time 15720 ms
best 443587 step 63 time 16559 ms
best 437965 step 97 time 24375 ms
best 433908 step 98 time 24650 ms
best 433818 step 102 time 25755 ms
best 433787 step 104 time 26231 ms
best 433043 step 154 time 37591 ms
best 432546 step 1153 time 295005 ms
done 0 98 22 99 21 26 29 61 36 25 38 80 30 55 95 17 35 15 69 13 89 83 37 16 96 85 11 86 50 1 8 53 66 24 91 2 75 31 40 59 32 47 19 90 92 72 14 87 94 10 3 27 81 68 63 54 23 18 56 41 28 67 57 51 65 44 79 97 45 7 78 58 48 100 77 43 33 4 70 74 34 93 20 5 73 42 49 62 6 46 60 88 64 52 9 82 39 71 76 84 12
best 432546
time 950198 ms
seed 22
