jobs 100
mach 20
init 0 52 73 100 16 36 53 51 24 19 18 17 23 58 41 35 70 56 98 38 31 54 91 88 34 37 96 67 33 74 2 45 63 81 8 59 1 65 10 99 80 3 75 93 82 43 46 69 60 20 86 15 21 50 79 76 85 89 90 44 29 61 92 11 71 26 28 48 22 68 47 83 13 6 95 64 72 84 97 12 42 27 40 66 57 62 32 14 25 94 7 30 4 49 87 39 55 9 5 77 78
best 484253
best 473202 step 1 time 824 ms
best 473181 step 2 time 1027 ms
best 469262 step 3 time 1341 ms
best 464908 step 4 time 1797 ms
best 464691 step 6 time 2345 ms
best 463851 step 7 time 2750 ms
best 463527 step 10 time 3563 ms
best 462662 step 23 time 8108 ms
best 456790 step 24 time 8607 ms
best 455461 step 289 time 91786 ms
best 453043 step 291 time 92279 ms
best 450273 step 1749 time 557576 ms
best 448592 step 1750 time 557740 ms
best 446744 step 1751 time 558166 ms
done 0 52 73 100 23 18 24 16 34 53 58 19 35 1 51 70 17 98 54 2 88 38 31 37 67 81 96 3 45 65 10 79 20 74 21 63 56 91 89 33 99 8 83 75 44 85 60 61 76 82 86 43 69 90 80 46 29 15 28 48 50 36 71 93 41 42 11 13 92 26 47 12 57 22 84 40 97 59 32 72 62 94 64 14 6 95 66 55 87 30 68 25 27 39 7 4 5 77 49 9 78
best 446744
time 950170 ms
seed 22
