jobs 100
mach 20
init 0 61 66 48 79 51 58 16 77 41 13 17 94 70 24 38 74 80 87 54 86 37 23 82 67 35 63 91 69 22 42 12 34 7 84 9 64 20 92 72 4 60 19 52 56 76 33 65 27 6 1 73 53 43 45 89 47 68 93 14 28 96 50 83 3 29 78 55 49 100 59 31 97 62 39 98 95 75 36 81 88 30 15 99 71 11 25 32 2 44 85 46 21 26 18 40 57 90 5 8 10
best 517457
best 514625 step 1 time 893 ms
best 509547 step 3 time 1424 ms
best 505847 step 4 time 1502 ms
best 499549 step 5 time 1781 ms
best 499546 step 6 time 1957 ms
best 499402 step 7 time 2086 ms
best 495964 step 40 time 11333 ms
best 495956 step 43 time 11981 ms
best 495745 step 44 time 12144 ms
best 492675 step 47 time 12862 ms
best 491289 step 51 time 14058 ms
best 490533 step 52 time 14300 ms
best 487278 step 53 time 14592 ms
best 486905 step 55 time 14966 ms
best 486226 step 60 time 16263 ms
best 478833 step 69 time 18575 ms
best 478396 step 70 time 18794 ms
best 478152 step 3704 time 934793 ms
best 476919 step 3705 time 935063 ms
done 0 61 13 41 17 77 79 51 70 80 67 37 58 74 23 54 24 12 87 38 35 86 42 16 82 22 63 91 69 9 52 94 34 84 83 65 1 92 66 64 20 4 33 76 73 28 6 72 60 56 19 14 7 89 47 96 68 78 100 43 50 93 31 49 27 62 53 95 39 88 48 81 15 29 97 3 45 59 55 36 30 98 32 46 44 99 75 85 25 26 11 21 71 40 57 2 8 90 5 18 10
best 476919
time 950286 ms
seed 22
