jobs 100
mach 20
init 0 69 48 75 25 31 92 4 97 99 45 96 19 21 38 65 51 9 64 63 52 23 50 6 24 68 87 29 77 49 39 100 95 1 89 79 66 22 60 70 32 35 94 98 82 37 17 86 16 71 36 3 47 73 85 59 44 83 41 42 11 67 93 7 2 13 62 88 27 72 14 34 30 8 91 54 78 18 53 90 84 76 12 80 56 26 55 61 40 46 5 33 20 15 43 28 10 81 58 74 57
best 484424
best 479890 step 3 time 1440 ms
best 476484 step 6 time 2031 ms
best 475236 step 7 time 2397 ms
best 474848 step 20 time 5404 ms
best 470860 step 138 time 35601 ms
best 470403 step 139 time 35870 ms
best 468810 step 140 time 36096 ms
best 467642 step 141 time 36293 ms
best 466708 step 192 time 48819 ms
best 466095 step 194 time 49305 ms
best 464950 step 1128 time 299595 ms
best 463900 step 1148 time 304609 ms
best 463790 step 1414 time 377961 ms
best 461174 step 1415 time 378156 ms
best 459695 step 1420 time 379255 ms
done 0 69 25 48 31 92 4 38 97 75 23 19 21 65 99 9 45 64 82 63 100 35 22 24 77 51 87 96 6 89 39 49 29 32 95 86 1 70 60 50 68 79 16 52 73 94 66 59 71 36 44 37 83 42 17 91 85 3 34 14 47 54 18 11 80 88 93 7 62 41 26 2 98 13 72 15 67 27 40 30 84 20 53 55 61 78 8 76 90 56 33 10 12 46 5 58 43 28 81 74 57
best 459695
time 950000 ms
seed 22
