jobs 100
mach 20
init 0 14 30 61 45 17 37 95 68 24 73 80 40 27 3 63 54 33 92 82 8 71 79 41 38 25 42 55 78 44 5 2 81 64 97 50 1 70 65 32 31 46 39 47 94 62 53 6 75 83 43 86 35 19 87 77 34 69 67 52 15 60 4 10 76 49 48 28 84 11 74 88 98 90 100 20 72 21 58 16 93 89 26 51 29 56 23 18 7 13 22 96 99 85 12 66 36 57 91 9 59
best 560009
best 551557 step 1 time 1142 ms
best 551531 step 2 time 1377 ms
best 545973 step 4 time 2075 ms
best 545679 step 5 time 2357 ms
best 542299 step 7 time 3105 ms
best 541134 step 8 time 3367 ms
best 536943 step 10 time 4125 ms
best 534650 step 11 time 4399 ms
best 534523 step 12 time 4573 ms
best 533616 step 13 time 4974 ms
best 530786 step 15 time 5584 ms
best 529312 step 23 time 7510 ms
best 528933 step 30 time 9229 ms
best 527799 step 31 time 9461 ms
best 523363 step 36 time 11546 ms
best 522218 step 291 time 92233 ms
best 521799 step 595 time 193591 ms
best 521343 step 596 time 194022 ms
best 520934 step 1219 time 392308 ms
best 518246 step 1222 time 393383 ms
done 0 16 33 30 27 61 37 25 17 80 95 71 54 68 24 73 40 2 94 79 92 32 63 44 8 55 81 82 5 42 41 1 38 45 47 70 78 64 53 39 65 14 77 67 50 87 97 62 76 34 10 43 6 83 11 19 46 69 3 35 90 49 86 48 75 98 31 15 72 52 60 100 21 4 88 58 28 84 29 74 56 26 23 93 20 18 51 89 7 13 85 12 22 96 36 99 57 91 59 66 9
best 518246
time 950157 ms
seed 22
