jobs 100
mach 20
init 0 75 71 11 67 4 92 60 59 94 53 2 54 83 16 56 17 10 64 20 100 76 47 23 82 58 91 46 33 44 36 86 65 21 95 69 96 32 41 43 25 30 40 6 84 55 97 49 52 81 73 37 15 13 1 39 38 74 78 98 34 12 57 42 70 26 89 99 63 45 35 62 18 3 29 22 27 8 90 14 51 7 50 87 19 28 85 66 31 24 80 68 72 48 93 88 9 79 5 61 77
best 487209
best 479094 step 1 time 847 ms
best 473524 step 4 time 1668 ms
best 471982 step 6 time 2178 ms
best 467332 step 8 time 2943 ms
best 467050 step 30 time 8670 ms
best 465413 step 31 time 8910 ms
best 465230 step 41 time 11096 ms
best 461902 step 43 time 11885 ms
best 461549 step 45 time 12249 ms
best 459522 step 47 time 12942 ms
best 457208 step 49 time 13556 ms
best 456652 step 50 time 13887 ms
best 451573 step 263 time 70728 ms
done 0 67 75 71 11 54 86 94 4 92 60 2 83 65 56 16 20 33 41 96 76 17 10 53 82 91 58 59 23 64 21 100 89 47 25 32 95 36 13 43 81 69 98 49 84 55 52 44 46 37 6 97 30 1 38 12 39 99 73 40 34 26 57 78 15 19 8 63 70 3 74 45 29 42 50 51 27 35 62 31 90 80 68 14 28 18 85 7 22 9 24 66 93 87 79 72 48 61 88 5 77
best 451573
time 950272 ms
seed 22
