jobs 100
mach 20
init 0 72 22 26 92 80 63 27 97 67 16 71 37 1 68 99 5 87 41 25 23 12 47 70 50 55 91 88 93 61 24 86 98 30 89 34 36 51 96 39 43 100 17 32 84 13 54 20 69 83 6 45 18 46 35 75 33 10 94 2 73 79 52 42 95 7 21 60 49 15 76 4 82 85 3 90 78 74 48 11 29 64 53 62 9 56 19 81 66 57 59 40 31 38 65 44 58 28 14 77 8
best 381197
best 377918 step 3 time 1155 ms
best 367820 step 4 time 1603 ms
best 366359 step 7 time 2309 ms
best 365409 step 14 time 4367 ms
best 363036 step 15 time 4561 ms
best 361462 step 16 time 4827 ms
best 358275 step 18 time 5337 ms
best 356931 step 153 time 41745 ms
best 356457 step 318 time 85825 ms
best 355325 step 319 time 86206 ms
best 355299 step 877 time 234974 ms
best 354691 step 984 time 263424 ms
best 354644 step 1198 time 321185 ms
best 354466 step 1341 time 357488 ms
done 0 72 22 26 92 80 97 27 63 67 1 99 87 41 52 23 16 12 88 50 68 34 70 47 86 6 91 98 37 13 93 33 61 30 89 96 100 51 25 54 69 55 39 43 17 94 32 36 18 3 20 42 24 45 75 83 82 10 84 71 2 73 95 21 15 35 79 49 62 85 53 4 7 29 46 90 76 74 31 78 11 5 60 9 56 19 57 59 48 64 40 81 14 65 44 58 66 28 38 8 77
best 354466
time 950141 ms
seed 22
