jobs 100
mach 20
init 0 56 62 55 46 57 84 15 66 74 16 96 81 83 3 14 94 38 29 10 75 24 59 11 91 64 68 71 26 97 33 98 52 12 27 21 36 23 100 25 19 77 49 92 63 6 70 41 18 51 1 13 9 17 82 54 80 34 95 2 50 93 69 76 5 43 4 42 30 88 39 61 79 35 78 32 37 72 7 73 58 67 20 87 8 31 28 86 60 48 44 53 99 45 90 40 65 85 89 22 47
best 615141
best 614554 step 1 time 488 ms
best 597962 step 2 time 764 ms
best 594528 step 5 time 1634 ms
best 593937 step 14 time 3762 ms
best 592409 step 22 time 5718 ms
best 591798 step 24 time 6417 ms
best 590743 step 27 time 6955 ms
best 581542 step 28 time 7348 ms
best 581337 step 29 time 7605 ms
best 576580 step 57 time 13868 ms
best 575145 step 78 time 19635 ms
best 574230 step 93 time 23862 ms
best 573508 step 103 time 26710 ms
best 572153 step 565 time 144017 ms
best 571662 step 566 time 144216 ms
best 570223 step 864 time 217725 ms
best 568820 step 1813 time 457558 ms
done 0 56 62 55 3 16 94 24 74 66 57 14 81 83 10 71 80 46 15 91 29 64 96 68 11 23 38 21 75 26 98 52 49 84 97 33 41 19 100 25 92 27 93 54 63 82 12 18 1 6 70 9 39 61 13 77 30 95 69 34 43 51 42 17 4 76 67 5 36 78 50 44 73 88 32 59 2 58 37 8 31 79 87 72 53 35 7 60 48 86 20 45 28 89 90 65 85 99 40 22 47
best 568820
time 950112 ms
seed 22
