jobs 100
mach 20
init 0 23 62 34 75 37 21 45 17 98 80 52 32 16 25 44 70 1 88 81 60 19 42 12 69 61 87 29 71 66 27 11 77 55 68 5 50 40 79 18 84 82 51 22 89 64 97 90 59 85 86 10 95 73 26 83 2 53 9 56 39 65 49 91 58 20 36 63 6 47 76 99 94 13 67 24 33 30 54 8 41 78 92 31 100 14 74 15 96 46 35 7 57 72 4 3 28 93 43 38 48
best 571863
best 570217 step 1 time 800 ms
best 569335 step 4 time 1606 ms
best 568899 step 5 time 1864 ms
best 560622 step 6 time 2120 ms
best 559579 step 7 time 2373 ms
best 556034 step 8 time 2727 ms
best 554409 step 9 time 2891 ms
best 551444 step 10 time 3118 ms
best 550792 step 17 time 4700 ms
best 549625 step 20 time 5220 ms
best 549135 step 23 time 5737 ms
best 546947 step 24 time 6053 ms
best 546273 step 34 time 9184 ms
best 545841 step 35 time 9429 ms
best 544312 step 36 time 9752 ms
best 543549 step 134 time 34404 ms
best 542708 step 135 time 34685 ms
best 539299 step 136 time 34929 ms
best 534866 step 154 time 39931 ms
best 534120 step 163 time 42823 ms
best 533943 step 693 time 180398 ms
best 531982 step 915 time 236428 ms
best 530124 step 1234 time 320379 ms
best 530083 step 1235 time 320673 ms
best 526753 step 1720 time 444606 ms
best 526647 step 1721 time 444814 ms
done 0 23 62 1 45 17 75 37 21 80 52 32 55 16 25 34 71 40 19 27 60 61 12 88 77 66 29 42 79 87 81 44 98 50 11 84 68 82 69 85 86 22 53 70 51 26 90 64 97 59 5 10 65 18 33 58 83 39 20 56 36 9 49 95 63 2 76 91 73 24 78 67 94 89 47 6 99 8 30 31 13 92 35 54 100 41 14 7 15 57 3 74 96 46 28 4 93 72 38 48 43
best 526647
time 950107 ms
seed 22
