jobs 100
mach 20
init 0 33 39 26 52 29 24 86 12 72 80 82 61 69 11 9 78 64 42 54 89 63 97 43 88 25 49 7 13 79 57 77 53 93 71 56 99 92 55 5 18 59 8 40 6 84 95 68 44 45 100 3 81 85 37 50 17 4 73 90 27 30 20 1 58 19 87 28 67 96 14 65 23 15 83 31 38 51 47 66 46 98 60 94 62 32 76 16 70 41 10 75 74 48 34 36 91 21 35 2 22
best 555740
best 555202 step 1 time 729 ms
best 546597 step 2 time 931 ms
best 538480 step 3 time 1390 ms
best 536621 step 6 time 1980 ms
best 533738 step 8 time 2509 ms
best 529261 step 11 time 3344 ms
best 527218 step 28 time 8458 ms
best 527083 step 29 time 8938 ms
best 521974 step 72 time 19972 ms
best 521224 step 390 time 103011 ms
best 521189 step 393 time 103778 ms
best 519397 step 838 time 216067 ms
done 0 33 26 24 52 78 86 14 72 69 80 82 12 42 11 53 61 43 79 64 29 63 54 18 56 89 39 7 93 25 5 13 77 88 100 57 17 40 99 9 15 92 68 59 8 49 81 97 85 28 4 73 84 6 95 45 44 55 71 46 30 37 1 20 50 96 90 27 3 67 38 19 51 47 66 23 87 83 65 70 58 16 98 60 62 94 10 75 31 76 91 36 21 32 41 74 35 2 48 34 22
best 519397
time 950294 ms
seed 22
