jobs 50
mach 20
init 0 23 47 31 17 1 24 27 34 32 42 30 20 2 45 39 26 29 41 37 8 11 4 12 44 36 43 14 33 5 50 16 6 15 13 19 22 25 18 48 10 9 38 21 35 28 46 40 49 3 7
best 68807
best 68680 step 1 time 93 ms
best 68636 step 10 time 242 ms
best 63996 step 26 time 500 ms
best 63590 step 4059 time 70134 ms
best 63569 step 7148 time 124135 ms
best 63559 step 7352 time 127728 ms
best 63549 step 40562 time 703991 ms
best 63522 step 40574 time 704238 ms
done 0 6 47 17 31 1 24 27 29 34 8 30 43 20 2 45 39 41 42 37 11 4 32 44 26 23 33 5 12 22 13 36 14 15 16 19 25 50 48 10 18 9 35 49 38 21 28 46 40 7 3
best 63522
time 950030 ms
seed 22
