jobs 50
mach 20
init 0 33 18 10 45 50 8 17 11 1 29 9 3 20 39 48 6 31 35 43 44 2 4 41 13 34 46 12 22 19 47 32 37 26 36 14 24 38 25 21 30 7 15 42 16 27 23 49 40 28 5
best 14754
best 14670 step 1 time 86 ms
best 13667 step 2 time 117 ms
best 13640 step 53 time 1167 ms
best 13301 step 67 time 1463 ms
best 13126 step 68 time 1502 ms
best 12498 step 107 time 2260 ms
best 12443 step 108 time 2271 ms
best 12081 step 221 time 4257 ms
best 12069 step 223 time 4302 ms
done 0 33 18 10 45 8 29 11 50 1 37 9 20 3 48 17 6 31 41 39 35 43 44 2 4 13 46 34 22 19 14 47 32 36 12 5 26 24 38 25 21 7 30 15 42 16 23 49 40 27 28
best 12069
time 950009 ms
seed 22
