jobs 50
mach 20
init 0 12 36 3 10 25 46 39 15 6 24 17 42 44 14 31 4 21 26 33 20 40 32 28 2 23 8 50 45 19 9 1 5 47 34 13 35 11 48 22 7 49 30 37 18 29 27 43 16 38 41
best 41171
best 40212 step 1 time 52 ms
best 40091 step 3 time 81 ms
best 40079 step 5 time 114 ms
best 39827 step 7 time 140 ms
best 37868 step 11 time 205 ms
best 37050 step 12 time 231 ms
best 36910 step 15 time 277 ms
best 36627 step 20 time 352 ms
best 36582 step 3323 time 60367 ms
best 36576 step 7998 time 145324 ms
best 36469 step 9528 time 173387 ms
best 36395 step 12167 time 221000 ms
best 36336 step 17716 time 321485 ms
done 0 12 36 3 10 25 22 46 6 42 39 24 17 14 31 4 44 21 33 26 28 32 20 15 40 23 45 2 50 35 19 8 9 34 47 1 5 13 30 48 27 38 7 49 18 37 11 43 29 16 41
best 36336
time 950022 ms
seed 22
