jobs 60
mach 20
init 0 53 31 5 4 55 58 42 9 36 38 28 22 21 47 20 44 52 54 23 14 41 40 6 33 27 35 15 30 10 39 29 2 1 34 25 7 43 24 3 18 57 37 50 12 8 32 46 13 16 11 60 49 45 48 51 59 26 19 17 56
best 91826
best 90226 step 1 time 131 ms
best 90058 step 4 time 205 ms
best 86164 step 16 time 555 ms
best 85319 step 21 time 827 ms
best 84715 step 22 time 885 ms
best 84227 step 164 time 5579 ms
best 84064 step 188 time 6441 ms
best 83990 step 189 time 6477 ms
best 83921 step 192 time 6555 ms
best 83808 step 3840 time 132536 ms
best 83782 step 3890 time 134390 ms
best 83648 step 4368 time 151047 ms
best 83616 step 4371 time 151125 ms
best 83604 step 6148 time 212784 ms
done 0 53 31 36 58 38 5 55 42 9 28 4 20 22 52 21 47 44 6 54 14 41 40 33 23 35 25 15 27 1 39 10 30 18 29 2 7 43 24 3 37 13 57 16 12 32 34 50 45 8 46 60 49 48 11 51 59 26 19 17 56
best 83604
time 950052 ms
seed 22
