jobs 60
mach 20
init 0 19 3 24 55 29 15 46 22 27 33 50 60 38 12 51 20 1 37 5 4 57 58 45 7 16 18 11 13 41 49 2 25 9 23 10 59 43 40 14 48 53 47 26 39 52 17 21 35 42 6 28 34 56 8 44 54 30 31 36 32
best 77534
best 76342 step 1 time 163 ms
best 76239 step 4 time 278 ms
best 74162 step 6 time 388 ms
best 74046 step 8 time 448 ms
best 72757 step 9 time 522 ms
best 71477 step 72 time 3045 ms
best 70837 step 235 time 9363 ms
best 70810 step 343 time 13628 ms
best 70258 step 416 time 16474 ms
best 70090 step 689 time 27423 ms
best 69649 step 718 time 28622 ms
best 69377 step 788 time 31459 ms
best 69362 step 790 time 31498 ms
best 69315 step 794 time 31641 ms
done 0 19 55 3 15 38 46 12 29 24 22 27 33 50 20 60 51 1 4 35 37 11 16 57 45 5 18 26 13 41 49 2 10 25 7 9 23 40 58 59 43 48 42 39 52 47 53 17 28 21 34 44 14 56 8 6 54 30 31 36 32
best 69315
time 950031 ms
seed 22
