jobs 60
mach 20
init 0 5 34 16 2 31 9 56 47 26 7 38 29 33 17 35 55 21 52 39 22 14 41 1 36 59 48 11 32 46 8 13 15 60 30 20 4 57 42 24 51 25 18 27 19 28 6 3 10 40 58 12 23 54 49 45 37 50 43 44 53
best 78795
best 76678 step 14 time 576 ms
best 76352 step 16 time 656 ms
best 75275 step 22 time 915 ms
best 75027 step 23 time 953 ms
best 74043 step 24 time 998 ms
best 73730 step 26 time 1072 ms
best 73652 step 38 time 1548 ms
best 73421 step 48 time 1861 ms
best 73225 step 49 time 1910 ms
best 72000 step 54 time 2170 ms
best 71300 step 113 time 4231 ms
best 70520 step 553 time 20370 ms
best 70260 step 1111 time 39904 ms
best 70105 step 1112 time 39920 ms
best 69960 step 2302 time 82536 ms
best 69943 step 2308 time 82689 ms
done 0 47 31 16 34 56 9 26 7 38 37 33 17 2 48 5 55 52 35 39 42 36 14 41 1 59 11 30 22 29 32 8 13 21 20 4 15 57 60 40 24 51 28 6 25 27 19 3 46 10 58 12 23 49 54 45 53 18 50 43 44
best 69943
time 950021 ms
seed 22
