jobs 60
mach 20
init 0 20 43 12 46 25 32 40 21 17 38 31 55 45 42 59 57 29 24 2 9 16 15 13 53 60 19 14 49 39 23 41 37 50 52 18 48 10 33 28 5 3 26 56 44 27 6 47 4 54 35 11 7 58 36 8 30 22 1 34 51
best 109380
best 107589 step 1 time 127 ms
best 104581 step 2 time 188 ms
best 103195 step 3 time 233 ms
best 99657 step 4 time 299 ms
best 98844 step 6 time 375 ms
best 96750 step 11 time 551 ms
best 96399 step 30 time 1155 ms
best 95924 step 31 time 1177 ms
best 95639 step 36 time 1298 ms
best 95082 step 1264 time 43704 ms
best 95043 step 1268 time 43903 ms
best 94914 step 1893 time 64821 ms
best 94553 step 2058 time 70202 ms
best 94473 step 7403 time 252366 ms
best 94310 step 7404 time 252412 ms
done 0 20 46 25 32 38 12 40 9 17 21 31 45 42 57 53 49 3 29 16 15 59 13 2 55 14 43 24 60 39 19 23 41 37 50 52 18 58 48 10 5 33 28 56 27 6 26 44 47 54 4 35 30 11 7 22 1 36 8 34 51
best 94310
time 950007 ms
seed 22
