jobs 70
mach 20
init 0 23 12 29 22 27 32 50 54 36 64 38 24 66 51 8 67 3 44 61 25 20 63 16 34 41 45 2 13 9 53 33 46 48 6 39 11 42 31 58 40 43 19 65 37 70 68 49 18 57 52 7 28 26 4 47 1 56 62 10 60 21 55 30 5 14 69 15 59 35 17
best 186943
best 181681 step 2 time 340 ms
best 179960 step 9 time 732 ms
best 179599 step 14 time 1051 ms
best 177952 step 15 time 1102 ms
best 177213 step 24 time 1682 ms
best 176568 step 26 time 1837 ms
best 176487 step 28 time 2035 ms
best 174135 step 33 time 2290 ms
best 172557 step 42 time 2898 ms
best 171810 step 43 time 2980 ms
best 171276 step 57 time 3907 ms
best 170791 step 69 time 4501 ms
best 168332 step 75 time 5055 ms
best 168019 step 77 time 5140 ms
best 167833 step 78 time 5241 ms
best 162701 step 96 time 6602 ms
best 160916 step 116 time 7933 ms
best 159414 step 539 time 35759 ms
best 158999 step 7235 time 477020 ms
done 0 23 12 22 67 27 36 24 50 13 38 63 64 66 51 48 8 61 44 16 25 53 32 9 56 34 41 65 37 11 45 54 43 3 2 6 68 26 58 42 20 31 33 46 19 40 70 7 18 49 57 39 52 28 4 47 29 1 62 60 21 30 14 55 15 5 10 69 35 59 17
best 158999
time 950053 ms
seed 22
