jobs 70
mach 20
init 0 27 31 35 25 14 4 68 46 65 12 9 53 51 52 34 22 10 21 47 56 39 32 1 2 17 19 36 59 23 50 7 38 64 41 6 24 62 67 18 16 15 61 43 69 66 58 30 13 70 20 54 5 29 3 57 60 63 40 33 37 8 49 44 26 48 11 55 28 45 42
best 127010
best 126930 step 1 time 320 ms
best 126604 step 2 time 399 ms
best 123145 step 13 time 1476 ms
best 122264 step 15 time 1694 ms
best 120206 step 16 time 1815 ms
best 119401 step 561 time 51756 ms
best 117462 step 562 time 51850 ms
best 117113 step 582 time 53401 ms
best 116323 step 5893 time 533391 ms
best 116211 step 5894 time 533456 ms
done 0 27 31 35 25 14 4 68 46 65 12 9 53 51 52 21 56 19 10 32 2 23 47 39 34 1 17 50 7 36 22 64 59 38 30 41 6 24 62 67 61 18 15 16 69 66 57 58 70 43 44 20 54 5 60 40 29 63 8 49 48 3 28 13 33 11 37 26 55 45 42
best 116211
time 950025 ms
seed 22
