jobs 70
mach 20
init 0 45 69 55 49 39 6 67 70 7 14 17 65 2 36 8 44 56 43 31 12 23 32 59 60 13 58 28 64 25 5 37 61 38 22 4 41 20 29 19 30 18 51 33 50 42 62 34 9 68 52 66 21 46 48 16 15 1 26 54 10 47 27 63 11 40 24 53 3 35 57
best 150518
best 150329 step 2 time 301 ms
best 148572 step 3 time 375 ms
best 146140 step 5 time 510 ms
best 145285 step 6 time 564 ms
best 144625 step 7 time 654 ms
best 144498 step 15 time 1311 ms
best 144388 step 16 time 1406 ms
best 140120 step 17 time 1491 ms
best 139986 step 72 time 5270 ms
best 139463 step 73 time 5329 ms
best 136986 step 74 time 5433 ms
best 136788 step 75 time 5537 ms
best 136433 step 464 time 34146 ms
best 136072 step 988 time 71674 ms
best 135849 step 991 time 71904 ms
best 135572 step 1758 time 127160 ms
best 135054 step 3075 time 221124 ms
best 134881 step 7479 time 536043 ms
best 134539 step 9087 time 649878 ms
best 134491 step 9089 time 649973 ms
done 0 45 69 55 49 39 67 7 17 46 65 32 36 44 14 23 2 31 13 70 56 12 6 60 25 59 58 8 37 20 4 28 61 38 64 43 33 41 18 30 66 51 42 50 29 5 62 26 34 9 52 68 10 21 15 19 16 48 22 1 54 11 47 27 63 3 40 24 53 57 35
best 134491
time 950069 ms
seed 22
