jobs 70
mach 20
init 0 22 59 28 41 15 25 14 21 43 9 58 3 47 49 10 32 53 61 6 13 46 16 52 68 20 27 37 36 55 4 66 11 57 35 12 48 29 1 30 31 65 54 42 38 51 39 70 26 24 67 40 2 62 45 69 63 19 7 56 18 60 64 44 23 34 33 50 5 8 17
best 146463
best 139375 step 1 time 183 ms
best 137077 step 2 time 309 ms
best 133972 step 5 time 576 ms
best 131746 step 13 time 1184 ms
best 129905 step 16 time 1456 ms
best 129591 step 20 time 1802 ms
best 129357 step 25 time 2136 ms
best 128394 step 29 time 2337 ms
best 127741 step 60 time 4356 ms
best 127687 step 333 time 22062 ms
best 127481 step 847 time 55445 ms
best 126958 step 1055 time 68729 ms
best 125970 step 1773 time 117048 ms
best 124962 step 3748 time 243954 ms
done 0 53 59 41 22 28 15 25 43 51 21 3 10 9 14 61 58 49 52 47 6 32 13 68 16 37 46 48 62 4 20 36 55 31 11 57 35 29 66 12 1 65 30 54 42 67 38 70 27 40 26 39 24 18 19 2 63 56 44 69 23 7 45 60 34 64 17 33 50 5 8
best 124962
time 950085 ms
seed 22
