jobs 70
mach 20
init 0 6 54 60 18 35 58 3 57 62 5 9 14 43 55 21 42 11 38 56 70 69 52 13 15 1 50 30 53 41 44 17 64 63 2 28 22 8 32 26 29 40 31 67 68 19 34 47 20 65 46 10 16 24 27 59 4 51 66 36 25 61 33 39 48 23 45 37 7 49 12
best 135292
best 135241 step 1 time 170 ms
best 133994 step 2 time 268 ms
best 133920 step 26 time 1751 ms
best 132200 step 29 time 1930 ms
best 131832 step 63 time 3975 ms
best 130327 step 116 time 7330 ms
best 130024 step 121 time 7633 ms
best 129911 step 122 time 7704 ms
best 129449 step 125 time 7977 ms
best 129446 step 126 time 8013 ms
best 129249 step 133 time 8337 ms
best 128326 step 134 time 8448 ms
best 128179 step 588 time 38814 ms
best 127434 step 596 time 39274 ms
best 127332 step 597 time 39322 ms
best 127170 step 5164 time 346663 ms
best 126456 step 9096 time 609574 ms
best 126388 step 12550 time 835691 ms
best 125981 step 12551 time 835737 ms
best 125974 step 12552 time 835789 ms
done 0 6 58 54 60 18 9 3 43 57 62 55 5 21 35 50 42 70 14 69 11 38 41 13 56 8 15 53 17 30 52 44 63 2 65 22 64 32 31 29 28 40 67 26 68 19 34 47 46 20 1 27 51 59 4 66 36 24 61 10 16 25 33 39 48 23 45 12 7 49 37
best 125974
time 950009 ms
seed 22
