jobs 70
mach 20
init 0 47 52 64 53 56 32 38 16 20 55 50 27 70 4 2 68 28 25 41 1 42 26 15 7 54 34 3 13 11 37 12 22 30 14 10 33 36 35 45 8 57 21 44 51 66 59 9 6 65 39 17 24 62 63 48 61 69 31 46 43 67 60 40 5 29 18 23 58 19 49
best 162949
best 161203 step 1 time 356 ms
best 159452 step 4 time 674 ms
best 159424 step 5 time 733 ms
best 156678 step 6 time 842 ms
best 156563 step 15 time 1590 ms
best 154005 step 27 time 2579 ms
best 152817 step 34 time 3063 ms
best 152346 step 35 time 3148 ms
best 150371 step 63 time 5519 ms
best 148952 step 64 time 5652 ms
best 148432 step 65 time 5711 ms
best 148172 step 66 time 5825 ms
best 147537 step 73 time 6482 ms
best 147496 step 77 time 6754 ms
best 146430 step 82 time 7236 ms
best 144979 step 85 time 7487 ms
best 144686 step 4079 time 344102 ms
done 0 47 34 32 55 16 27 53 70 20 56 38 3 11 28 4 41 50 64 54 26 2 12 22 68 13 15 21 39 7 42 14 1 65 10 30 52 33 36 35 57 67 45 44 37 6 25 63 9 59 8 66 17 62 24 61 31 46 43 69 60 29 51 48 18 23 40 58 19 5 49
best 144686
time 950004 ms
seed 22
