jobs 80
mach 20
init 0 20 68 71 65 25 26 72 35 54 27 22 14 66 46 24 76 15 9 70 43 10 41 53 2 60 39 61 64 34 56 47 75 38 51 5 17 59 31 11 33 13 57 80 49 18 50 52 40 23 1 45 42 12 69 44 62 37 16 74 28 6 67 48 4 30 78 3 32 36 55 63 77 19 8 73 21 58 29 79 7
best 244661
best 243494 step 2 time 471 ms
best 241903 step 11 time 1546 ms
best 231570 step 19 time 2592 ms
best 230443 step 26 time 3176 ms
best 230375 step 28 time 3305 ms
best 228129 step 131 time 14766 ms
best 227823 step 135 time 15182 ms
best 226506 step 335 time 37883 ms
best 225051 step 2986 time 330971 ms
done 0 68 20 71 26 46 9 24 75 65 25 76 60 27 22 70 39 14 43 72 10 66 54 35 42 2 41 61 64 34 56 47 50 38 51 18 31 5 59 11 17 57 53 33 49 15 52 13 40 23 69 45 62 16 4 12 80 37 44 1 48 30 63 3 74 28 6 55 36 78 77 19 67 73 32 8 58 21 29 79 7
best 225051
time 950171 ms
seed 22
