jobs 80
mach 20
init 0 70 4 18 41 47 71 29 53 17 19 62 2 25 57 14 58 42 50 65 74 76 38 11 66 21 79 20 37 23 22 73 63 15 59 75 6 52 61 30 72 28 13 39 26 77 35 54 60 12 78 3 1 33 55 49 7 67 24 34 40 10 31 46 36 27 44 8 80 64 32 9 5 69 48 45 43 68 56 51 16
best 272441
best 270404 step 1 time 359 ms
best 267263 step 2 time 448 ms
best 264309 step 3 time 635 ms
best 263569 step 4 time 748 ms
best 262141 step 6 time 1044 ms
best 261413 step 7 time 1178 ms
best 260646 step 20 time 3203 ms
best 254367 step 26 time 4263 ms
best 253604 step 30 time 4875 ms
best 251018 step 32 time 5350 ms
best 250848 step 33 time 5452 ms
best 250242 step 38 time 6030 ms
best 248850 step 41 time 6440 ms
best 248671 step 43 time 6790 ms
best 248612 step 45 time 6921 ms
best 248490 step 95 time 13473 ms
best 247319 step 125 time 17409 ms
best 246432 step 154 time 21592 ms
best 244275 step 156 time 21848 ms
best 243455 step 1849 time 259451 ms
done 0 66 25 58 53 47 17 29 18 71 12 62 19 2 42 50 11 14 4 38 41 57 65 74 22 63 21 76 20 15 79 55 70 37 73 59 6 75 72 77 30 52 3 28 39 13 23 35 78 1 61 54 60 26 7 67 33 40 24 34 10 36 64 31 44 9 49 46 5 80 27 8 69 43 32 48 51 45 68 56 16
best 243455
time 950077 ms
seed 22
