jobs 80
mach 20
init 0 5 9 49 60 75 28 48 32 74 35 39 7 34 64 21 11 44 10 18 43 4 31 61 68 69 33 1 13 24 25 70 52 12 23 59 73 36 22 14 16 8 26 45 57 51 66 6 37 46 50 2 76 30 62 29 20 15 55 80 58 56 38 63 17 72 41 42 78 47 3 79 53 71 40 67 77 19 54 65 27
best 206240
best 199530 step 2 time 712 ms
best 199522 step 3 time 744 ms
best 193320 step 4 time 1009 ms
best 192766 step 65 time 7600 ms
best 192490 step 79 time 9318 ms
best 191991 step 81 time 9561 ms
best 191121 step 171 time 19712 ms
best 190481 step 178 time 20342 ms
best 190348 step 180 time 20672 ms
best 190168 step 181 time 20762 ms
best 190127 step 182 time 20920 ms
best 189118 step 188 time 21425 ms
best 188761 step 470 time 54232 ms
best 188578 step 475 time 54900 ms
best 187905 step 504 time 58050 ms
best 187596 step 7290 time 833577 ms
best 187337 step 7292 time 833719 ms
done 0 5 9 52 75 28 48 74 49 60 35 39 36 21 18 44 31 32 61 11 10 68 64 4 33 1 24 13 70 59 34 62 25 12 23 7 43 69 14 73 2 46 45 57 8 26 16 51 17 66 6 37 50 29 30 20 76 56 80 15 42 58 71 22 55 38 19 72 65 77 41 78 47 63 3 79 53 54 67 27 40
best 187337
time 950040 ms
seed 22
