jobs 80
mach 20
init 0 55 2 1 13 74 45 68 70 43 34 54 7 6 65 33 72 47 71 22 50 46 37 4 26 32 23 48 67 27 29 17 9 53 39 25 52 40 35 38 51 8 49 66 75 61 36 18 16 3 60 57 21 42 58 64 15 78 73 80 56 41 5 20 14 79 63 28 62 30 76 77 59 19 31 69 24 11 44 12 10
best 193091
best 185165 step 1 time 351 ms
best 184996 step 2 time 529 ms
best 184621 step 12 time 1725 ms
best 181089 step 23 time 3021 ms
best 180654 step 35 time 4646 ms
best 178517 step 41 time 5263 ms
best 177675 step 54 time 6640 ms
best 177311 step 190 time 21473 ms
best 175285 step 191 time 21631 ms
best 174768 step 208 time 23423 ms
best 174728 step 209 time 23530 ms
best 174707 step 221 time 24544 ms
best 172706 step 222 time 24771 ms
best 172336 step 6644 time 734445 ms
done 0 55 2 70 1 71 45 13 68 67 43 34 54 65 6 7 72 74 47 51 8 22 50 46 26 48 37 32 23 36 27 29 25 39 40 53 35 17 9 4 33 49 61 66 52 15 75 38 5 3 78 18 16 60 21 42 57 56 73 14 79 41 20 58 64 19 80 63 11 59 69 31 76 77 28 62 24 30 12 44 10
best 172336
time 950016 ms
seed 22
