jobs 80
mach 20
init 0 19 45 24 42 78 75 1 56 20 63 14 61 12 46 7 22 29 35 10 44 49 11 31 71 27 33 41 34 57 17 60 69 79 66 4 30 26 3 72 48 53 76 32 15 77 73 5 28 39 21 64 74 8 59 67 80 9 16 51 58 50 2 40 25 62 68 54 38 23 37 47 18 36 70 6 13 43 55 65 52
best 188444
best 186445 step 6 time 1224 ms
best 186171 step 7 time 1286 ms
best 184479 step 11 time 1720 ms
best 181695 step 15 time 2254 ms
best 181600 step 16 time 2343 ms
best 180812 step 104 time 13937 ms
best 178342 step 108 time 14521 ms
best 178200 step 143 time 18983 ms
best 177604 step 458 time 58089 ms
best 175579 step 2289 time 289837 ms
best 175194 step 4685 time 584075 ms
best 175133 step 4686 time 584137 ms
done 0 19 3 24 45 42 46 1 76 63 75 78 14 7 61 12 20 49 41 44 56 31 59 10 22 27 17 60 33 57 29 35 72 11 69 34 79 53 4 66 71 30 48 26 32 15 77 5 73 68 28 51 50 39 9 74 8 16 67 80 40 2 25 21 62 64 47 38 23 37 18 43 36 58 54 70 6 13 55 65 52
best 175133
time 950016 ms
seed 22
