jobs 80
mach 20
init 0 21 36 33 68 58 77 1 31 4 70 11 66 27 16 3 40 23 28 69 8 65 17 25 63 49 57 20 74 44 5 45 75 6 22 34 56 14 50 12 30 18 52 46 79 10 7 32 61 19 76 73 64 80 41 78 62 37 35 38 51 29 55 60 53 47 9 26 39 13 48 43 42 24 2 67 59 15 71 72 54
best 291064
best 288241 step 1 time 388 ms
best 285826 step 2 time 443 ms
best 273140 step 3 time 620 ms
best 269573 step 4 time 769 ms
best 269126 step 10 time 1258 ms
best 269122 step 11 time 1360 ms
best 269097 step 20 time 2320 ms
best 265434 step 21 time 2393 ms
best 265332 step 28 time 3169 ms
best 261951 step 51 time 6033 ms
best 261305 step 82 time 9707 ms
best 259656 step 109 time 13206 ms
best 259355 step 111 time 13410 ms
best 259279 step 113 time 13626 ms
best 257936 step 125 time 14856 ms
best 256784 step 2168 time 247535 ms
best 256417 step 3116 time 358108 ms
best 256313 step 4023 time 464712 ms
best 255970 step 4024 time 464772 ms
best 255419 step 4025 time 464877 ms
best 255350 step 6432 time 741075 ms
best 254796 step 6807 time 784523 ms
done 0 21 36 58 77 23 55 66 25 74 1 68 31 27 4 69 3 40 8 70 33 56 17 11 49 57 16 20 34 75 44 5 80 73 22 53 45 14 50 46 6 30 18 51 52 48 10 79 63 32 76 62 7 61 64 28 12 29 38 78 19 47 9 26 65 35 41 37 43 42 13 60 39 71 2 24 59 72 67 15 54
best 254796
time 950124 ms
seed 22
