jobs 80
mach 20
init 0 67 22 54 16 14 23 18 7 42 39 5 68 58 19 77 80 49 64 66 38 3 72 26 34 40 51 69 47 50 63 46 6 21 35 11 1 75 74 56 9 61 4 15 48 45 29 41 78 60 25 62 33 52 53 59 27 8 36 31 79 65 37 73 17 57 43 28 13 71 20 10 12 70 76 2 24 32 55 44 30
best 241318
best 235312 step 2 time 553 ms
best 233815 step 3 time 737 ms
best 232117 step 5 time 1208 ms
best 231339 step 6 time 1354 ms
best 231334 step 8 time 1643 ms
best 228552 step 12 time 2204 ms
best 227355 step 18 time 3040 ms
best 226293 step 29 time 4686 ms
best 224738 step 43 time 6494 ms
best 222336 step 99 time 13244 ms
best 220273 step 150 time 19900 ms
best 219871 step 313 time 40513 ms
best 219758 step 958 time 124030 ms
best 219636 step 959 time 124119 ms
best 219180 step 1311 time 169030 ms
best 218835 step 3288 time 425889 ms
best 218566 step 3711 time 482508 ms
done 0 67 22 54 7 16 23 18 64 39 42 14 51 77 19 5 58 66 80 38 3 72 60 75 34 40 26 63 69 27 50 35 11 46 49 47 48 25 74 56 61 52 68 33 1 45 6 4 62 9 29 78 15 65 41 73 21 31 79 37 17 8 28 36 59 20 43 53 57 71 10 12 70 76 2 24 13 44 55 32 30
best 218566
time 950013 ms
seed 22
