jobs 80
mach 20
init 0 26 47 5 25 53 1 3 72 48 15 18 2 45 30 21 28 80 59 44 69 79 43 77 76 71 67 31 55 29 12 32 74 78 50 4 39 16 9 40 19 57 22 75 27 51 73 14 65 63 17 11 70 62 42 66 64 13 36 24 68 7 6 60 33 56 46 52 35 41 8 20 10 58 34 37 49 23 38 54 61
best 227786
best 226458 step 2 time 470 ms
best 224764 step 3 time 582 ms
best 224717 step 27 time 3425 ms
best 223174 step 36 time 4475 ms
best 222958 step 37 time 4596 ms
best 221393 step 64 time 7625 ms
best 219197 step 171 time 19978 ms
best 219169 step 563 time 60785 ms
best 219155 step 573 time 61999 ms
best 219126 step 574 time 62087 ms
best 218641 step 576 time 62280 ms
best 218550 step 577 time 62401 ms
best 218517 step 901 time 96936 ms
best 217121 step 962 time 102976 ms
best 216859 step 963 time 103080 ms
best 216717 step 981 time 104932 ms
best 215521 step 993 time 106001 ms
best 215187 step 994 time 106151 ms
best 215180 step 999 time 106582 ms
best 213771 step 1004 time 107042 ms
best 213666 step 6214 time 667655 ms
best 213212 step 8815 time 946264 ms
done 0 47 5 26 21 72 53 1 15 59 48 25 2 18 45 43 76 30 3 67 44 31 79 77 78 55 29 40 80 12 69 32 22 73 39 16 9 57 27 74 50 71 4 14 11 19 75 65 63 51 17 62 64 36 24 70 66 28 68 60 41 42 7 13 56 52 46 35 20 33 8 10 58 34 37 6 49 23 38 54 61
best 213212
time 950074 ms
seed 22
