jobs 80
mach 20
init 0 39 56 31 47 57 59 21 54 64 3 60 32 50 29 17 71 15 34 11 67 49 18 43 66 74 62 75 41 72 14 19 23 4 2 7 13 48 30 44 73 52 8 25 22 42 53 45 38 58 78 55 46 36 68 40 69 35 76 61 27 28 33 16 63 77 20 24 12 10 80 51 26 65 79 6 5 9 1 37 70
best 314076
best 310142 step 1 time 517 ms
best 308930 step 3 time 717 ms
best 300881 step 4 time 864 ms
best 298812 step 5 time 993 ms
best 295237 step 30 time 3806 ms
best 292563 step 31 time 3945 ms
best 291991 step 34 time 4151 ms
best 291632 step 35 time 4180 ms
best 289668 step 36 time 4298 ms
best 288190 step 38 time 4601 ms
best 287026 step 242 time 26462 ms
best 286043 step 243 time 26589 ms
best 284964 step 482 time 52850 ms
best 284954 step 485 time 53205 ms
best 283849 step 829 time 89363 ms
best 283721 step 830 time 89438 ms
best 283649 step 832 time 89721 ms
best 283238 step 4410 time 484846 ms
best 283019 step 6155 time 680594 ms
best 281907 step 8474 time 937116 ms
done 0 56 47 3 21 59 17 55 57 32 54 31 15 72 38 50 34 64 67 71 60 66 4 62 29 43 49 18 75 74 7 23 44 11 13 41 14 69 52 8 36 48 30 2 39 22 45 63 76 42 68 28 73 46 40 53 35 78 19 61 16 58 65 77 20 33 27 10 80 26 25 6 1 24 79 12 51 5 9 70 37
best 281907
time 950024 ms
seed 22
