jobs 80
mach 20
init 0 28 74 79 22 80 47 36 23 77 56 6 75 59 38 7 37 12 26 69 14 60 49 11 16 55 33 58 71 53 40 43 42 54 61 45 30 18 21 24 5 65 70 8 27 9 32 51 62 4 34 66 72 52 13 10 63 67 48 20 17 57 64 35 2 15 50 46 41 29 76 1 25 39 3 73 78 31 44 68 19
best 320790
best 313715 step 3 time 474 ms
best 311665 step 19 time 2346 ms
best 310176 step 23 time 2822 ms
best 304898 step 24 time 2940 ms
best 303667 step 27 time 3229 ms
best 303462 step 28 time 3331 ms
best 302275 step 31 time 3695 ms
best 300993 step 33 time 4189 ms
best 293467 step 39 time 5034 ms
best 292872 step 52 time 6260 ms
best 292699 step 373 time 41562 ms
best 291188 step 461 time 50614 ms
best 290297 step 879 time 95399 ms
best 290290 step 881 time 95591 ms
best 290176 step 882 time 95658 ms
best 289356 step 2316 time 255142 ms
best 288673 step 5028 time 552583 ms
done 0 47 79 36 59 23 77 28 55 6 37 21 38 12 61 22 69 74 14 56 45 7 11 51 49 80 71 70 27 26 54 75 18 42 40 43 53 16 5 30 33 8 13 52 32 58 24 60 65 4 63 67 72 10 9 34 17 57 64 62 66 2 15 50 46 76 35 48 39 41 29 25 20 31 3 1 73 78 68 19 44
best 288673
time 950061 ms
seed 22
