jobs 90
mach 20
init 0 61 51 71 12 45 65 6 22 35 42 70 7 15 84 50 88 27 11 32 19 59 56 34 8 75 10 39 77 52 60 40 17 24 43 69 66 1 2 80 13 30 74 55 67 9 29 53 73 78 49 58 37 16 85 76 87 54 63 72 41 86 46 81 68 89 14 26 44 48 90 82 79 4 57 23 31 5 25 18 21 20 3 33 36 64 62 83 38 47 28
best 447803
best 444969 step 2 time 588 ms
best 439368 step 3 time 870 ms
best 429744 step 9 time 1961 ms
best 422120 step 10 time 2162 ms
best 421740 step 12 time 2667 ms
best 421287 step 13 time 2839 ms
best 418327 step 18 time 3835 ms
best 417186 step 19 time 4062 ms
best 417157 step 20 time 4169 ms
best 417144 step 21 time 4331 ms
best 415979 step 24 time 4884 ms
best 415507 step 26 time 5216 ms
best 412150 step 27 time 5299 ms
best 412056 step 128 time 21858 ms
best 410740 step 139 time 23973 ms
best 405268 step 141 time 24351 ms
best 403780 step 142 time 24524 ms
best 403207 step 461 time 80677 ms
best 402846 step 2786 time 482802 ms
done 0 12 51 11 65 45 26 42 61 6 27 7 22 70 19 15 75 59 43 34 84 17 58 60 56 16 52 35 77 40 32 9 71 69 73 29 24 50 88 8 10 1 74 66 2 87 78 76 72 30 39 67 81 54 80 49 85 20 41 55 31 48 63 68 46 37 53 44 89 90 14 13 79 57 4 23 5 3 33 25 86 36 64 62 21 82 18 38 47 83 28
best 402846
time 950178 ms
seed 22
