jobs 90
mach 20
init 0 71 57 52 85 75 2 22 12 45 42 33 24 34 67 10 14 31 48 5 88 77 63 87 32 54 68 43 28 17 18 46 11 78 27 86 37 25 79 69 4 82 39 81 70 26 19 1 6 40 61 29 21 23 8 49 59 76 50 15 53 80 58 73 47 90 35 89 13 55 41 62 56 20 83 72 7 66 65 44 64 38 36 16 3 60 84 74 9 30 51
best 399113
best 398456 step 1 time 934 ms
best 398129 step 2 time 1155 ms
best 396376 step 5 time 1579 ms
best 395579 step 10 time 2408 ms
best 394480 step 11 time 2578 ms
best 388474 step 18 time 3814 ms
best 383730 step 24 time 5045 ms
best 376449 step 60 time 11727 ms
best 376202 step 71 time 13707 ms
best 375862 step 99 time 18605 ms
best 373664 step 410 time 72830 ms
best 369496 step 424 time 74823 ms
best 367286 step 1662 time 285360 ms
best 366905 step 1672 time 287005 ms
done 0 52 85 12 57 43 2 33 21 24 20 67 81 27 54 71 14 42 5 46 88 48 32 34 11 28 87 45 10 78 25 75 79 69 17 23 37 68 26 82 39 18 31 22 86 4 1 15 40 29 70 61 63 6 19 77 55 80 50 58 49 90 47 56 53 59 76 35 73 65 41 13 89 8 66 72 3 83 7 36 44 64 16 60 84 74 38 51 9 62 30
best 366905
time 950203 ms
seed 22
