jobs 90
mach 20
init 0 42 69 31 30 35 76 46 80 27 12 62 53 4 44 5 25 52 89 6 33 55 13 54 36 9 65 57 32 58 77 28 67 72 17 14 26 45 83 1 66 3 79 70 61 78 90 29 37 85 59 64 2 48 50 73 39 60 81 88 15 43 87 7 34 74 20 41 24 84 8 21 75 10 63 51 19 71 11 47 38 16 18 22 49 40 82 86 68 23 56
best 365471
best 360862 step 1 time 668 ms
best 360851 step 2 time 773 ms
best 359547 step 3 time 900 ms
best 356978 step 4 time 1039 ms
best 356890 step 6 time 1320 ms
best 355149 step 36 time 5993 ms
best 352037 step 37 time 6187 ms
best 347721 step 38 time 6326 ms
best 346700 step 40 time 6550 ms
best 345147 step 60 time 9631 ms
best 343919 step 181 time 28193 ms
best 343895 step 183 time 28629 ms
best 343411 step 194 time 30619 ms
best 343255 step 406 time 63622 ms
best 342911 step 407 time 63739 ms
best 342161 step 642 time 98869 ms
best 340861 step 648 time 99892 ms
best 340283 step 1995 time 315244 ms
best 340253 step 1996 time 315329 ms
best 340179 step 3583 time 569815 ms
done 0 42 69 46 35 76 12 89 53 4 31 62 65 30 25 54 55 33 80 9 27 77 44 32 5 57 37 52 28 13 36 88 73 64 17 6 1 66 26 45 81 79 72 83 3 90 58 70 14 78 29 87 50 85 48 2 67 39 60 15 43 74 7 34 59 20 61 71 41 24 84 10 63 8 75 51 11 47 56 21 40 68 19 16 38 82 18 22 49 86 23
best 340179
time 950023 ms
seed 22
