jobs 90
mach 20
init 0 85 7 71 49 58 11 74 54 36 46 15 21 41 38 6 12 79 48 31 44 37 20 28 84 76 3 17 57 70 83 43 22 66 81 26 24 68 27 62 34 90 61 33 18 29 2 23 25 89 60 88 51 75 56 47 50 45 72 63 87 19 69 80 30 10 13 59 53 35 67 16 5 78 39 42 8 55 77 73 1 14 4 82 65 64 86 32 52 40 9
best 432419
best 427814 step 2 time 1234 ms
best 426364 step 9 time 2772 ms
best 421434 step 11 time 3276 ms
best 420083 step 12 time 3532 ms
best 418234 step 13 time 3647 ms
best 417369 step 14 time 3790 ms
best 415998 step 15 time 3994 ms
best 408489 step 16 time 4511 ms
best 407325 step 17 time 4750 ms
best 404177 step 25 time 6434 ms
best 400887 step 441 time 92078 ms
best 400435 step 447 time 93578 ms
best 400427 step 448 time 93755 ms
best 398994 step 449 time 94014 ms
best 398828 step 450 time 94126 ms
done 0 48 58 49 54 85 24 12 11 74 90 36 71 7 15 21 6 70 79 20 41 29 43 44 46 84 28 38 76 68 3 37 27 34 88 22 81 17 57 87 75 83 60 31 45 51 18 2 33 62 25 78 47 23 26 72 61 89 50 63 19 66 30 53 69 56 39 5 80 10 59 35 67 13 16 55 77 73 42 86 82 14 4 8 64 65 9 1 32 52 40
best 398828
time 950139 ms
seed 22
