jobs 90
mach 20
init 0 5 52 73 13 30 65 88 57 75 44 53 61 42 67 55 1 72 60 20 80 51 4 76 66 43 7 81 63 68 64 77 3 2 8 39 90 87 22 50 24 31 46 27 70 10 49 25 32 11 47 40 69 16 19 86 82 56 38 79 28 37 17 89 21 48 26 71 58 78 12 83 33 36 85 14 34 15 23 74 59 6 29 35 18 62 84 54 9 41 45
best 308833
best 304092 step 2 time 662 ms
best 303499 step 3 time 740 ms
best 302477 step 7 time 1480 ms
best 299764 step 11 time 2311 ms
best 299145 step 18 time 3486 ms
best 295607 step 19 time 3716 ms
best 294491 step 79 time 14816 ms
best 293319 step 90 time 17115 ms
best 293185 step 92 time 17374 ms
best 292559 step 93 time 17535 ms
best 292452 step 547 time 91759 ms
best 292320 step 552 time 92745 ms
best 292082 step 556 time 93415 ms
best 290622 step 563 time 95022 ms
done 0 5 52 13 88 64 65 66 57 30 75 44 81 53 61 42 1 20 76 7 77 67 55 60 51 4 43 2 63 68 80 73 3 50 24 39 22 87 8 70 31 46 32 27 19 69 90 37 10 48 40 25 49 47 26 17 56 82 86 15 89 21 79 85 38 28 72 71 11 78 58 12 33 83 36 14 23 74 59 16 6 34 35 62 84 54 29 45 9 41 18
best 290622
time 950022 ms
seed 22
