jobs 90
mach 20
init 0 35 77 32 71 90 89 45 43 26 80 34 75 13 63 70 64 66 39 50 24 44 88 79 1 29 25 17 76 30 41 56 82 52 87 47 51 8 20 57 58 37 19 27 61 46 23 62 15 3 7 72 85 48 84 60 28 49 86 36 73 16 10 74 2 53 83 21 55 5 18 14 78 40 6 42 9 38 11 33 68 81 4 69 67 65 59 54 22 12 31
best 383194
best 382562 step 1 time 579 ms
best 378877 step 2 time 1051 ms
best 378582 step 3 time 1180 ms
best 377918 step 6 time 1667 ms
best 374739 step 7 time 1850 ms
best 374431 step 9 time 2167 ms
best 374379 step 12 time 2631 ms
best 365963 step 23 time 4656 ms
best 365555 step 25 time 5114 ms
best 365409 step 27 time 5552 ms
best 362727 step 29 time 5925 ms
best 361194 step 85 time 18229 ms
best 360932 step 86 time 18473 ms
best 360664 step 87 time 18614 ms
best 359042 step 88 time 18792 ms
best 357833 step 89 time 19130 ms
best 357081 step 90 time 19313 ms
best 354203 step 91 time 19499 ms
best 352376 step 92 time 19830 ms
best 351782 step 93 time 20006 ms
best 350347 step 212 time 43857 ms
done 0 35 46 45 26 32 75 43 80 29 90 50 27 63 70 79 13 64 61 60 1 66 39 24 41 88 83 20 17 44 76 56 25 82 49 5 77 58 8 87 23 57 62 48 37 47 2 7 3 19 15 89 52 36 30 84 85 51 28 53 73 16 55 10 14 34 86 71 72 74 21 42 38 11 6 9 4 67 78 33 68 18 81 69 54 65 40 31 59 22 12
best 350347
time 950000 ms
seed 22
