jobs 90
mach 20
init 0 1 12 23 80 55 7 9 78 82 81 16 44 64 60 53 65 57 17 56 26 27 37 43 85 6 36 42 49 10 83 76 84 11 2 32 50 31 18 35 58 45 33 52 63 77 3 19 8 47 62 70 71 46 67 73 75 39 4 59 48 90 14 61 74 28 25 24 66 68 30 13 51 86 87 88 21 69 5 29 38 34 15 41 54 89 72 79 20 40 22
best 372566
best 372521 step 1 time 394 ms
best 359008 step 2 time 693 ms
best 352410 step 3 time 883 ms
best 350477 step 4 time 1083 ms
best 350239 step 6 time 1415 ms
best 350008 step 7 time 1572 ms
best 346488 step 8 time 1978 ms
best 344159 step 13 time 3150 ms
best 341765 step 15 time 3512 ms
best 338891 step 23 time 5318 ms
best 336959 step 24 time 5550 ms
best 336838 step 25 time 5712 ms
best 335830 step 42 time 9433 ms
best 335763 step 57 time 12830 ms
best 332596 step 91 time 19762 ms
best 332162 step 92 time 20113 ms
best 330574 step 377 time 79978 ms
best 330339 step 1014 time 212990 ms
best 329931 step 1015 time 213107 ms
best 329690 step 1607 time 340163 ms
best 328716 step 1760 time 369904 ms
best 327039 step 1761 time 370043 ms
done 0 23 66 78 12 85 1 55 7 9 16 81 44 53 11 65 61 80 17 56 64 57 58 82 27 42 63 84 37 43 76 10 60 36 31 49 83 2 35 45 33 39 3 47 67 73 77 50 52 24 8 75 71 70 6 18 25 32 59 48 90 26 62 19 13 4 51 46 28 74 14 68 87 88 5 86 89 69 29 15 38 34 21 30 20 41 22 54 72 79 40
best 327039
time 950132 ms
seed 22
