jobs 90
mach 20
init 0 60 87 78 75 34 72 66 8 6 11 83 56 39 88 46 51 12 86 31 2 15 52 67 57 10 35 50 13 61 90 21 20 71 58 55 48 28 4 33 44 77 65 26 32 63 69 89 54 53 27 29 17 14 82 42 37 22 16 3 84 30 80 49 23 62 81 85 36 79 41 7 76 25 47 73 68 40 38 18 1 24 43 9 19 64 5 74 45 70 59
best 334625
best 330427 step 1 time 692 ms
best 327607 step 2 time 1049 ms
best 321964 step 3 time 1236 ms
best 321695 step 9 time 2266 ms
best 321433 step 10 time 2368 ms
best 315544 step 11 time 2564 ms
best 315497 step 12 time 2670 ms
best 315188 step 13 time 2803 ms
best 313321 step 22 time 4454 ms
best 313179 step 23 time 4590 ms
best 313123 step 24 time 4711 ms
best 313097 step 25 time 4819 ms
best 312543 step 96 time 16734 ms
best 312335 step 97 time 16856 ms
best 310208 step 603 time 98287 ms
best 309733 step 1703 time 275450 ms
best 309592 step 1704 time 275545 ms
best 308956 step 1758 time 283804 ms
best 308571 step 2959 time 481738 ms
best 308083 step 4105 time 670722 ms
done 0 12 36 72 78 6 83 15 34 60 66 56 71 11 88 61 82 8 86 31 46 2 57 50 52 67 35 13 39 10 20 51 32 21 44 77 55 58 90 33 48 26 28 4 53 22 75 69 54 29 37 3 80 65 27 30 14 63 42 17 16 84 89 87 76 25 85 49 7 23 62 68 79 41 73 81 19 43 24 38 9 18 47 5 64 45 40 1 74 59 70
best 308083
time 950118 ms
seed 22
