jobs 90
mach 20
init 0 47 55 18 75 53 1 32 83 59 28 20 70 68 35 39 30 64 72 8 74 52 54 45 40 77 26 13 7 25 63 86 42 49 57 21 14 29 81 69 17 6 73 48 50 9 4 67 89 16 31 33 85 38 19 87 36 65 23 66 88 43 60 62 82 44 34 27 41 78 51 5 79 12 80 10 22 3 24 84 61 37 71 11 15 76 90 46 56 58 2
best 418114
best 413913 step 4 time 980 ms
best 412304 step 5 time 1098 ms
best 401804 step 6 time 1365 ms
best 400210 step 7 time 1622 ms
best 398080 step 8 time 2022 ms
best 395846 step 13 time 3197 ms
best 393640 step 14 time 3391 ms
best 392486 step 18 time 4467 ms
best 389639 step 19 time 4766 ms
best 389620 step 136 time 29369 ms
best 388493 step 395 time 82802 ms
best 388466 step 396 time 82886 ms
best 385912 step 524 time 111138 ms
best 385354 step 525 time 111381 ms
best 383922 step 680 time 143370 ms
best 383891 step 681 time 143648 ms
best 383855 step 1722 time 360042 ms
best 382117 step 3023 time 629641 ms
done 0 47 26 9 53 1 70 75 20 83 59 55 18 73 32 68 35 72 39 30 64 40 28 44 87 43 77 42 8 49 21 45 13 29 25 89 54 69 17 86 81 14 57 7 63 6 50 74 4 48 67 36 65 22 16 31 66 88 62 84 23 38 19 52 41 60 82 34 33 27 61 85 80 78 79 10 12 3 5 51 24 76 37 71 11 15 90 2 46 56 58
best 382117
time 950001 ms
seed 22
