0 0.320000 0.400000
19 0.360000 0.400000
25 0.400000 0.400000
53 0.440000 0.400000
69 0.440000 0.440000
71 0.440000 0.480000
97 0.480000 0.480000
118 0.520000 0.480000
121 0.560000 0.480000
142 0.600000 0.480000
212 0.600000 0.520000
221 0.640000 0.520000
240 0.640000 0.560000
269 0.680000 0.560000
489 0.680000 0.600000
563 0.680000 0.640000
765 0.720000 0.640000
1152 0.720000 0.680000
1317 0.720000 0.720000
1396 0.720000 0.760000
1428 0.720000 0.800000
1555 0.760000 0.800000
1648 0.800000 0.800000
1812 0.840000 0.800000
1888 0.840000 0.840000
2099 0.880000 0.840000
