0 0.040000 0.000000
9 0.040000 0.040000
19 0.040000 0.080000
78 0.080000 0.080000
105 0.120000 0.080000
123 0.120000 0.120000
132 0.160000 0.120000
136 0.160000 0.160000
164 0.160000 0.200000
180 0.200000 0.200000
217 0.240000 0.200000
327 0.280000 0.200000
380 0.320000 0.200000
499 0.360000 0.200000
500 0.400000 0.200000
682 0.440000 0.200000
753 0.480000 0.200000
824 0.520000 0.200000
1019 0.560000 0.200000
2036 0.560000 0.240000
2221 0.560000 0.280000
2314 0.560000 0.320000
3064 0.600000 0.320000
3376 0.640000 0.320000
