0 0.040000 0.000000
73 0.040000 0.040000
211 0.080000 0.040000
238 0.080000 0.080000
280 0.080000 0.120000
298 0.080000 0.160000
326 0.080000 0.200000
364 0.120000 0.200000
391 0.160000 0.200000
415 0.200000 0.200000
498 0.200000 0.240000
591 0.240000 0.240000
678 0.280000 0.240000
723 0.320000 0.240000
953 0.320000 0.280000
1150 0.320000 0.320000
1263 0.320000 0.360000
2122 0.360000 0.360000
2209 0.360000 0.400000
2683 0.400000 0.400000
3082 0.440000 0.400000
5037 0.440000 0.440000
5303 0.480000 0.440000
