0 0.160000 0.160000
28 0.200000 0.160000
60 0.200000 0.200000
90 0.240000 0.200000
128 0.280000 0.200000
143 0.320000 0.200000
222 0.360000 0.200000
223 0.400000 0.200000
229 0.440000 0.200000
479 0.440000 0.240000
493 0.440000 0.280000
502 0.480000 0.280000
549 0.480000 0.320000
565 0.480000 0.360000
776 0.520000 0.360000
795 0.560000 0.360000
1044 0.560000 0.400000
1111 0.560000 0.440000
1431 0.560000 0.480000
2094 0.600000 0.480000
2669 0.640000 0.480000
2929 0.680000 0.480000
4418 0.680000 0.520000
