0 0.240000 0.160000
40 0.240000 0.200000
50 0.280000 0.200000
95 0.320000 0.200000
105 0.360000 0.200000
177 0.360000 0.240000
191 0.400000 0.240000
211 0.400000 0.280000
428 0.400000 0.320000
455 0.440000 0.320000
513 0.440000 0.360000
795 0.480000 0.360000
1290 0.520000 0.360000
1335 0.560000 0.360000
1587 0.560000 0.400000
1619 0.560000 0.440000
1682 0.560000 0.480000
1870 0.600000 0.480000
1934 0.600000 0.520000
3071 0.600000 0.560000
3806 0.600000 0.600000
4052 0.640000 0.600000
4546 0.680000 0.600000
4648 0.720000 0.600000
