0 0.520000 0.200000
15 0.560000 0.200000
27 0.560000 0.240000
43 0.560000 0.280000
54 0.600000 0.280000
69 0.600000 0.320000
116 0.640000 0.320000
176 0.680000 0.320000
218 0.680000 0.360000
349 0.680000 0.400000
538 0.720000 0.400000
572 0.720000 0.440000
623 0.720000 0.480000
647 0.720000 0.520000
708 0.720000 0.560000
754 0.760000 0.560000
866 0.760000 0.600000
882 0.800000 0.600000
1697 0.800000 0.640000
2115 0.800000 0.680000
2326 0.800000 0.720000
2414 0.840000 0.720000
2622 0.840000 0.760000
2826 0.880000 0.760000
