jobs 100
mach 20
init 0 26 24 72 64 5 12 86 14 52 90 42 82 33 61 29 69 80 11 54 63 53 57 89 7 93 25 6 79 85 18 56 17 13 99 92 97 78 59 49 68 81 88 100 84 77 45 23 28 40 3 55 8 43 73 9 4 87 1 95 50 37 27 30 83 98 58 44 38 71 46 96 60 65 20 15 19 39 67 31 75 51 47 66 10 70 16 76 94 32 41 62 22 48 34 36 91 21 35 2 74
best 570200
best 563118 step 2 time 726 ms
best 556282 step 3 time 1074 ms
best 555877 step 4 time 1258 ms
best 555053 step 6 time 1664 ms
best 552517 step 9 time 2336 ms
best 546762 step 10 time 2644 ms
best 544377 step 13 time 3615 ms
best 544007 step 17 time 4855 ms
best 543944 step 18 time 4996 ms
best 536165 step 19 time 5497 ms
best 536089 step 20 time 5878 ms
best 535952 step 22 time 6201 ms
best 534217 step 24 time 6581 ms
best 533051 step 27 time 7435 ms
best 532338 step 31 time 8206 ms
best 527478 step 39 time 10371 ms
best 523048 step 40 time 10751 ms
best 522755 step 197 time 52377 ms
best 522690 step 447 time 118690 ms
best 521438 step 799 time 208319 ms
best 521335 step 800 time 208440 ms
best 517707 step 810 time 211160 ms
done 0 33 26 24 52 78 86 14 12 72 69 29 18 64 11 80 82 53 42 61 63 79 54 25 97 17 90 43 7 13 89 39 56 49 81 38 9 77 88 57 92 5 59 68 1 100 99 15 84 8 40 6 95 28 27 44 55 71 4 93 50 37 73 45 20 19 58 85 65 3 67 32 87 51 30 47 66 46 23 96 83 70 16 98 60 94 41 62 10 76 75 91 31 36 74 48 22 21 35 2 34
best 517707
time 950296 ms
seed 23
