jobs 100
mach 20
init 0 56 62 39 3 57 94 83 81 14 24 74 66 55 38 29 10 71 26 91 27 97 52 68 11 64 23 75 96 46 15 16 19 33 49 84 98 54 63 30 41 93 50 25 92 6 70 80 100 13 36 12 61 18 9 34 21 77 88 4 82 73 51 2 69 42 17 1 43 32 95 67 76 79 7 78 72 5 58 37 53 35 48 86 59 31 28 45 8 60 20 87 44 40 90 65 85 89 99 47 22
best 616036
best 605386 step 1 time 936 ms
best 604999 step 2 time 1173 ms
best 597954 step 12 time 4084 ms
best 587288 step 13 time 4591 ms
best 586473 step 14 time 4853 ms
best 586197 step 58 time 16272 ms
best 585386 step 64 time 17431 ms
best 584158 step 70 time 18812 ms
best 582457 step 154 time 40222 ms
best 582137 step 187 time 48670 ms
best 581460 step 189 time 49200 ms
best 580231 step 196 time 50980 ms
best 579484 step 197 time 51287 ms
best 575719 step 391 time 101448 ms
best 575683 step 392 time 101649 ms
best 573414 step 501 time 129026 ms
best 572853 step 922 time 233646 ms
best 566742 step 1081 time 274488 ms
done 0 56 62 55 46 57 16 94 3 14 80 66 10 74 83 81 71 24 15 64 96 38 11 23 68 29 93 26 91 97 33 54 63 27 98 84 36 25 41 52 19 100 75 21 12 49 1 6 70 92 18 9 17 30 77 39 69 34 76 43 88 13 82 4 73 51 61 42 78 35 79 50 95 32 2 59 58 37 67 7 87 72 5 53 31 45 60 48 86 28 89 8 44 90 65 85 20 22 99 40 47
best 566742
time 950212 ms
seed 23
