jobs 100
mach 20
init 0 66 26 22 99 21 61 29 25 36 2 30 90 95 35 15 83 38 80 55 85 96 79 11 89 37 17 69 13 31 23 14 86 32 50 75 47 51 92 19 1 8 53 94 16 40 91 24 44 87 5 68 72 81 56 3 18 7 63 28 59 58 41 74 10 45 100 57 54 27 4 43 48 33 65 67 78 34 73 46 97 77 70 93 20 98 49 6 62 42 60 88 64 39 82 12 76 71 9 84 52
best 480774
best 471892 step 1 time 635 ms
best 461230 step 2 time 1031 ms
best 459599 step 3 time 1321 ms
best 450663 step 7 time 2144 ms
best 450503 step 9 time 2648 ms
best 448181 step 10 time 2801 ms
best 446394 step 12 time 3411 ms
best 446255 step 14 time 3944 ms
best 442960 step 15 time 4286 ms
best 442740 step 18 time 4940 ms
best 441357 step 19 time 5132 ms
best 438266 step 23 time 5805 ms
best 438151 step 113 time 28939 ms
best 438022 step 425 time 114467 ms
best 434810 step 610 time 160448 ms
best 433812 step 1529 time 395038 ms
done 0 98 22 30 2 21 25 26 29 61 36 38 80 95 79 35 15 55 17 89 69 13 83 96 50 11 85 1 37 99 8 53 66 32 14 86 24 91 75 31 40 94 44 47 3 59 90 27 87 72 92 19 10 63 68 18 41 23 56 51 28 81 45 48 65 7 54 43 57 100 78 16 58 74 33 4 70 67 77 97 46 5 73 34 93 20 62 6 49 42 71 9 84 64 52 60 82 88 39 12 76
best 433812
time 950016 ms
seed 23
