jobs 100
mach 20
init 0 16 33 61 37 25 78 71 27 17 63 44 80 68 34 73 40 95 54 2 8 79 38 5 81 42 41 24 19 1 47 70 55 82 97 10 43 65 46 92 64 39 53 35 76 75 50 32 67 62 6 45 83 77 69 98 3 94 11 21 31 14 87 15 84 60 48 49 86 90 100 28 72 58 30 4 51 52 93 7 56 29 74 88 26 85 23 20 36 18 89 13 22 96 99 57 12 66 91 59 9
best 549359
best 541911 step 1 time 983 ms
best 534491 step 4 time 2039 ms
best 530914 step 9 time 3669 ms
best 529430 step 10 time 4002 ms
best 529408 step 11 time 4328 ms
best 527249 step 12 time 4601 ms
best 526714 step 15 time 5492 ms
best 525331 step 39 time 12601 ms
best 525118 step 42 time 13166 ms
best 524843 step 46 time 13972 ms
best 524770 step 47 time 14101 ms
best 524388 step 55 time 16435 ms
best 520948 step 69 time 20912 ms
best 520753 step 70 time 21200 ms
best 520238 step 241 time 78173 ms
best 520234 step 1037 time 337073 ms
best 515515 step 1838 time 588013 ms
best 514849 step 1843 time 589455 ms
done 0 16 33 30 27 17 61 37 87 54 68 40 25 78 71 80 94 1 2 44 95 8 79 32 24 19 5 42 41 34 92 55 62 97 38 81 64 3 39 47 53 82 77 67 70 50 65 73 10 63 43 6 75 83 14 46 45 69 35 76 100 72 21 52 98 15 60 49 11 28 31 90 88 86 4 56 26 48 58 93 84 29 74 23 20 13 51 89 22 96 99 18 7 36 66 85 91 12 57 59 9
best 514849
time 950703 ms
seed 23
