jobs 100
mach 20
init 0 23 62 1 45 17 75 37 21 80 52 32 55 16 25 34 71 66 44 70 60 19 29 5 61 98 77 87 27 42 95 81 50 40 18 11 84 88 79 10 12 51 49 64 94 85 97 59 9 68 2 69 82 83 89 65 47 39 56 26 86 100 22 90 15 58 20 73 24 53 78 36 76 91 33 63 6 46 54 99 67 14 13 41 30 92 31 96 8 35 7 74 72 57 4 3 28 93 43 38 48
best 562435
best 562052 step 1 time 497 ms
best 557901 step 2 time 781 ms
best 553250 step 3 time 1383 ms
best 551063 step 4 time 1735 ms
best 547726 step 6 time 2233 ms
best 545888 step 8 time 2748 ms
best 545749 step 90 time 25286 ms
best 545237 step 120 time 32659 ms
best 542405 step 123 time 33370 ms
best 541067 step 370 time 98430 ms
best 539415 step 372 time 99012 ms
best 538440 step 438 time 116093 ms
best 537968 step 576 time 152847 ms
best 537749 step 619 time 164160 ms
best 536544 step 627 time 165946 ms
best 535833 step 629 time 166315 ms
best 534799 step 989 time 255634 ms
best 532782 step 997 time 257402 ms
best 532552 step 1014 time 261324 ms
best 531956 step 1017 time 262096 ms
done 0 23 62 1 45 17 75 37 21 80 52 32 55 16 34 71 98 87 44 60 88 84 68 61 77 27 66 29 42 25 81 50 40 79 18 11 12 10 19 82 64 39 69 70 51 26 90 73 94 2 59 9 85 97 89 65 33 49 22 86 83 53 58 95 56 15 99 6 5 91 63 24 36 76 30 92 35 67 78 8 47 54 14 41 20 100 13 96 46 31 74 7 57 48 72 3 28 4 93 38 43
best 531956
time 950126 ms
seed 23
