jobs 100
mach 20
init 0 91 27 87 13 72 22 97 47 26 92 63 67 6 88 37 68 1 50 16 70 99 41 23 86 24 12 61 93 89 51 98 25 95 33 96 30 34 39 71 17 54 21 94 80 100 36 84 18 55 20 32 69 5 45 82 2 52 10 43 42 73 75 46 35 83 15 79 49 62 60 3 29 31 4 90 78 85 57 9 7 76 48 74 11 64 53 56 19 40 66 77 65 44 81 14 59 28 8 38 58
best 391683
best 374536 step 1 time 725 ms
best 362519 step 8 time 3029 ms
best 359044 step 12 time 4154 ms
best 356504 step 28 time 8197 ms
best 355572 step 29 time 8452 ms
best 353819 step 134 time 37159 ms
best 351389 step 407 time 107240 ms
done 0 72 22 26 92 63 80 97 27 67 5 87 50 41 68 16 12 99 88 34 93 70 23 47 86 6 98 37 91 13 25 33 96 61 30 89 55 1 94 100 51 24 39 69 43 54 75 17 32 36 20 10 84 18 71 83 45 46 82 15 4 2 73 42 35 49 95 52 79 3 29 9 7 21 60 85 31 53 62 90 78 11 76 40 74 56 57 48 64 66 65 44 19 81 14 59 28 8 38 58 77
best 351389
time 950141 ms
seed 23
