jobs 100
mach 20
init 0 48 75 31 4 61 25 99 92 45 38 96 19 21 23 97 91 51 64 63 65 89 9 22 77 39 29 87 52 16 100 35 6 73 1 66 32 95 24 86 68 70 59 49 60 82 94 37 79 83 85 17 36 50 98 34 71 62 41 13 42 44 11 93 67 88 7 2 14 47 3 18 90 30 15 80 56 26 72 84 20 53 55 78 8 76 27 40 46 10 54 12 5 58 43 28 33 81 69 74 57
best 488563
best 484999 step 1 time 763 ms
best 478900 step 3 time 1546 ms
best 477611 step 10 time 3148 ms
best 476247 step 40 time 12058 ms
best 475564 step 41 time 12217 ms
best 473055 step 45 time 13714 ms
best 472915 step 46 time 13977 ms
best 471389 step 51 time 15677 ms
best 470734 step 290 time 80974 ms
best 469245 step 370 time 103636 ms
best 468654 step 371 time 103835 ms
best 467697 step 372 time 104038 ms
best 467257 step 402 time 111854 ms
best 465947 step 1610 time 436381 ms
best 465885 step 1612 time 436926 ms
best 462906 step 1873 time 508120 ms
done 0 48 31 75 25 1 92 100 97 73 23 19 21 65 99 9 45 51 64 38 52 4 35 63 77 89 39 29 87 96 6 24 16 86 32 95 68 82 83 49 79 22 70 36 59 66 71 94 85 44 60 50 42 37 17 91 14 41 18 11 88 98 47 62 93 7 34 72 13 40 3 2 15 67 54 26 61 90 78 30 80 84 53 8 76 27 46 56 55 33 10 20 12 5 58 43 28 69 81 74 57
best 462906
time 950255 ms
seed 23
