jobs 100
mach 20
init 0 52 53 18 24 16 20 8 23 36 19 70 79 17 35 1 51 98 54 38 88 34 31 67 91 81 56 96 74 45 3 63 37 100 10 21 33 73 99 44 75 65 80 69 29 86 43 82 2 92 58 76 90 28 48 46 60 15 13 85 93 89 59 71 84 50 83 61 41 94 26 72 32 11 22 42 64 27 97 12 68 57 6 40 66 7 30 14 62 4 95 87 47 5 77 39 55 25 49 78 9
best 478091
best 469726 step 1 time 922 ms
best 468230 step 3 time 1821 ms
best 467512 step 13 time 6104 ms
best 466076 step 17 time 7641 ms
best 456984 step 36 time 14237 ms
best 454891 step 337 time 122287 ms
best 450241 step 340 time 123424 ms
done 0 52 73 100 53 16 24 23 58 18 8 19 35 1 51 70 98 54 34 88 38 31 37 67 56 65 10 91 79 74 81 96 21 3 63 17 33 2 45 60 20 99 80 85 75 69 43 82 41 86 90 44 89 15 46 71 83 50 36 29 93 76 28 72 92 61 11 48 42 26 22 64 6 97 47 12 68 57 59 40 32 62 13 27 84 66 95 94 87 7 14 30 4 5 55 77 25 39 49 9 78
best 450241
time 950034 ms
seed 23
