jobs 100
mach 20
init 0 61 13 41 17 48 77 79 38 37 74 51 58 70 67 24 80 22 42 87 7 23 82 91 54 63 100 66 35 92 69 34 14 16 94 65 86 64 9 72 52 12 56 4 20 19 33 60 84 89 6 96 88 28 47 1 76 43 27 68 31 62 73 45 78 29 93 49 50 55 59 95 75 53 83 36 81 46 39 25 3 32 97 99 26 15 85 11 71 40 30 57 98 44 21 2 8 90 5 18 10
best 498997
best 498836 step 1 time 533 ms
best 492092 step 3 time 1239 ms
best 488594 step 10 time 2934 ms
best 486770 step 19 time 4780 ms
best 486297 step 20 time 4850 ms
best 484099 step 79 time 19048 ms
best 481772 step 286 time 70445 ms
best 481302 step 849 time 210223 ms
best 479830 step 850 time 210401 ms
best 479008 step 2947 time 740384 ms
done 0 61 13 41 17 77 51 58 79 37 92 66 38 70 80 74 23 54 24 12 87 86 82 67 35 91 52 69 9 22 42 94 34 63 16 56 65 100 14 7 4 72 20 33 6 64 84 19 50 73 89 47 1 60 96 28 27 68 76 53 43 62 83 31 93 45 59 48 81 78 39 95 55 49 29 97 75 36 98 99 88 15 71 11 3 85 46 32 40 30 2 57 25 44 21 8 90 26 18 10 5
best 479008
time 950058 ms
seed 23
