jobs 100
mach 20
init 0 75 71 67 4 92 60 83 94 53 2 11 16 56 20 54 86 58 10 64 76 17 23 89 59 82 47 21 100 25 81 33 69 44 36 39 95 32 46 43 49 84 55 96 52 6 74 37 97 65 1 30 41 38 34 3 57 12 91 73 15 19 8 18 98 13 78 99 63 45 26 70 7 40 51 29 42 35 90 62 28 50 27 85 66 31 24 80 14 68 87 22 9 79 72 48 61 93 88 5 77
best 486320
best 476160 step 1 time 796 ms
best 475181 step 4 time 1488 ms
best 472445 step 5 time 1807 ms
best 468273 step 13 time 3645 ms
best 467469 step 15 time 4032 ms
best 462352 step 27 time 7575 ms
best 461878 step 44 time 12037 ms
best 459483 step 47 time 12606 ms
best 458218 step 48 time 12783 ms
best 457264 step 51 time 13417 ms
best 457205 step 52 time 13670 ms
best 456222 step 53 time 13816 ms
best 455784 step 467 time 122537 ms
best 455701 step 470 time 123301 ms
best 455026 step 471 time 123578 ms
best 453984 step 1443 time 379871 ms
best 452984 step 1445 time 380279 ms
best 451916 step 1620 time 424606 ms
done 0 67 75 71 11 16 4 60 92 53 2 65 94 54 86 83 20 33 41 96 76 17 59 56 58 100 23 10 47 89 25 46 36 64 82 21 32 95 43 81 69 49 84 52 91 73 55 97 37 6 39 38 74 99 44 1 26 98 13 12 30 15 34 70 42 35 62 78 19 8 63 14 29 3 57 18 31 45 7 40 51 27 80 66 28 22 85 50 24 90 79 68 87 93 72 88 61 5 9 48 77
best 451916
time 950047 ms
seed 23
