jobs 50
mach 20
init 0 46 43 35 47 16 38 33 32 42 20 21 31 48 11 26 12 36 44 45 6 14 28 25 23 10 9 40 17 15 22 7 2 18 8 50 3 19 13 1 41 49 27 4 29 37 39 5 24 34 30
best 27235
best 27179 step 2 time 68 ms
best 27112 step 3 time 87 ms
best 25207 step 28 time 599 ms
best 24677 step 30 time 663 ms
best 24305 step 34 time 750 ms
best 24131 step 38 time 819 ms
best 24033 step 69 time 1474 ms
best 23985 step 624 time 13490 ms
best 23936 step 625 time 13504 ms
best 23887 step 3033 time 65537 ms
best 23770 step 3034 time 65550 ms
done 0 46 43 16 35 38 47 32 42 20 31 48 21 33 12 26 11 36 45 28 6 44 17 10 9 14 23 19 25 7 40 15 2 8 18 50 13 41 49 39 22 27 1 4 29 37 3 24 34 30 5
best 23770
time 950021 ms
seed 23
