jobs 60
mach 20
init 0 3 5 32 50 11 33 8 60 47 42 28 46 34 59 20 51 4 40 52 18 45 48 43 53 31 30 44 55 7 24 49 1 10 57 12 22 19 21 15 37 6 58 36 54 17 29 16 26 41 39 25 9 56 14 27 23 38 35 13 2
best 62437
best 61014 step 1 time 102 ms
best 60628 step 2 time 126 ms
best 59721 step 3 time 182 ms
best 58599 step 11 time 512 ms
best 58552 step 12 time 546 ms
best 54727 step 14 time 628 ms
best 54457 step 63 time 2619 ms
best 54387 step 307 time 12162 ms
best 53657 step 312 time 12400 ms
best 53252 step 428 time 16564 ms
best 53240 step 5099 time 192768 ms
best 52260 step 5522 time 208821 ms
best 52233 step 5525 time 208919 ms
done 0 47 32 20 50 59 8 60 11 3 28 46 4 33 52 18 51 42 34 45 7 5 53 48 43 40 1 31 55 25 30 44 54 57 24 49 10 19 21 37 12 22 36 26 58 41 56 15 16 17 29 14 39 9 6 35 13 23 38 27 2
best 52233
time 950078 ms
seed 23
