jobs 60
mach 20
init 0 5 52 16 34 2 31 9 56 47 26 17 59 33 48 22 35 39 55 36 28 11 42 14 1 41 46 29 32 38 30 8 4 13 15 57 60 40 21 20 24 51 25 7 27 19 37 3 6 49 10 23 58 18 54 45 12 50 43 44 53
best 75246
best 73868 step 2 time 259 ms
best 73280 step 3 time 292 ms
best 72518 step 5 time 361 ms
best 72410 step 65 time 2475 ms
best 72339 step 66 time 2513 ms
best 71641 step 316 time 11752 ms
best 71407 step 355 time 13075 ms
best 70843 step 453 time 16947 ms
best 70808 step 455 time 17001 ms
best 70717 step 457 time 17067 ms
best 70568 step 458 time 17089 ms
best 70189 step 468 time 17459 ms
best 69986 step 469 time 17508 ms
best 69728 step 18498 time 669487 ms
best 69115 step 21668 time 784181 ms
done 0 52 30 16 34 2 9 56 47 26 55 17 21 48 33 31 28 22 41 39 36 59 11 42 14 35 1 38 29 32 6 8 13 7 5 60 20 4 15 57 24 46 51 25 18 27 19 54 3 45 10 40 58 12 23 49 37 50 43 44 53
best 69115
time 950014 ms
seed 23
