jobs 60
mach 20
init 0 20 12 25 32 46 38 40 9 17 21 59 45 42 57 53 29 13 24 60 15 41 16 54 14 49 3 43 2 55 39 19 48 23 52 18 37 5 31 10 33 28 7 50 6 26 44 47 35 4 11 56 27 36 58 1 30 22 8 34 51
best 102911
best 99439 step 2 time 134 ms
best 98206 step 19 time 732 ms
best 98160 step 44 time 1542 ms
best 97672 step 46 time 1628 ms
best 97395 step 49 time 1734 ms
best 96221 step 60 time 1982 ms
best 95859 step 65 time 2173 ms
best 95704 step 361 time 12872 ms
best 95423 step 362 time 12894 ms
best 95251 step 1464 time 51168 ms
best 95133 step 2162 time 75099 ms
best 94451 step 4892 time 166437 ms
best 94299 step 9299 time 317487 ms
done 0 20 46 25 32 38 12 40 9 17 21 54 16 42 57 3 29 53 13 24 60 15 59 2 49 19 14 43 41 55 39 48 23 37 52 31 5 11 7 10 50 28 6 33 45 18 44 58 56 26 4 27 36 47 35 1 30 22 8 34 51
best 94299
time 950008 ms
seed 23
