jobs 60
mach 20
init 0 53 36 31 58 9 38 55 5 42 28 4 20 22 47 52 44 54 23 14 41 40 6 33 21 27 39 35 15 10 30 1 29 25 24 2 43 7 8 3 12 18 57 37 13 16 46 34 48 32 49 11 60 50 59 51 45 26 19 17 56
best 90091
best 86300 step 1 time 160 ms
best 86160 step 2 time 215 ms
best 85562 step 3 time 267 ms
best 85422 step 4 time 308 ms
best 85220 step 7 time 409 ms
best 84998 step 8 time 429 ms
best 84310 step 80 time 2766 ms
best 83811 step 2686 time 91191 ms
best 83767 step 3611 time 122563 ms
best 83673 step 3627 time 123042 ms
best 83604 step 3633 time 123240 ms
best 83544 step 23094 time 776072 ms
done 0 53 31 36 58 38 5 55 42 9 28 4 20 22 52 21 47 44 6 54 14 41 40 33 23 35 25 15 27 1 39 10 30 18 29 2 7 43 24 3 37 13 57 16 12 32 34 50 8 46 49 48 60 51 59 11 45 26 19 17 56
best 83544
time 950007 ms
seed 23
