jobs 60
mach 20
init 0 3 48 46 37 54 43 36 1 18 8 35 38 5 20 57 49 11 7 16 55 29 12 13 24 41 50 17 53 32 25 31 58 9 26 15 45 40 14 28 27 42 30 33 2 6 59 44 47 22 34 4 19 10 56 23 21 60 52 39 51
best 78369
best 74977 step 2 time 145 ms
best 74544 step 3 time 196 ms
best 73132 step 5 time 262 ms
best 71428 step 7 time 342 ms
best 67158 step 19 time 824 ms
best 67087 step 22 time 872 ms
best 65614 step 29 time 1134 ms
best 65046 step 35 time 1356 ms
best 64858 step 443 time 15045 ms
best 64709 step 3625 time 122326 ms
best 64703 step 4234 time 143838 ms
best 64361 step 4276 time 145406 ms
best 64059 step 4297 time 146169 ms
done 0 3 43 48 46 49 54 11 1 24 36 35 37 20 38 7 8 57 16 55 31 18 5 28 15 29 13 41 26 50 53 12 25 32 45 58 9 4 27 44 14 30 33 42 40 17 6 2 59 34 47 22 19 10 56 23 21 60 52 39 51
best 64059
time 950012 ms
seed 23
