jobs 70
mach 20
init 0 13 53 34 54 45 23 56 26 15 5 69 37 42 60 33 55 10 11 49 17 30 7 24 52 67 57 44 59 22 32 6 16 47 12 35 14 9 28 8 43 68 70 40 25 31 61 58 50 65 21 63 19 46 4 41 38 20 64 39 27 51 1 36 18 48 29 62 3 2 66
best 154550
best 153570 step 1 time 203 ms
best 151511 step 2 time 375 ms
best 151235 step 4 time 465 ms
best 150311 step 28 time 2259 ms
best 149382 step 30 time 2460 ms
best 149231 step 31 time 2515 ms
best 144920 step 32 time 2599 ms
best 144715 step 34 time 2722 ms
best 143856 step 35 time 2886 ms
best 143665 step 38 time 3009 ms
best 143052 step 39 time 3032 ms
best 142785 step 41 time 3156 ms
best 141851 step 49 time 3875 ms
best 141728 step 150 time 10456 ms
best 139608 step 414 time 28582 ms
best 139569 step 1232 time 84066 ms
best 139567 step 3633 time 249151 ms
best 139406 step 5892 time 404033 ms
best 138622 step 7538 time 517020 ms
best 138526 step 7540 time 517105 ms
done 0 23 56 45 34 13 55 53 15 57 26 5 69 37 42 60 33 17 7 11 52 67 68 44 24 49 22 54 10 16 32 59 6 30 9 12 47 61 63 8 21 35 43 70 40 28 25 14 65 58 50 19 46 4 41 38 20 64 39 51 18 27 31 1 36 66 62 48 29 3 2
best 138526
time 950043 ms
seed 23
