jobs 70
mach 20
init 0 24 64 38 18 26 56 34 10 42 15 41 6 65 17 13 20 54 57 27 12 25 11 62 59 53 14 50 69 30 63 45 31 55 58 9 16 44 36 47 7 66 22 8 33 23 29 43 67 28 52 68 4 39 49 19 2 5 1 32 70 21 60 35 61 51 3 48 37 40 46
best 158842
best 158752 step 4 time 426 ms
best 158158 step 5 time 503 ms
best 155196 step 6 time 581 ms
best 154979 step 12 time 852 ms
best 153124 step 15 time 1083 ms
best 150770 step 26 time 1788 ms
best 150338 step 56 time 3812 ms
best 147091 step 60 time 4097 ms
best 145792 step 61 time 4158 ms
best 145591 step 62 time 4224 ms
best 143332 step 64 time 4407 ms
best 143209 step 65 time 4463 ms
best 143104 step 67 time 4651 ms
best 141742 step 68 time 4752 ms
best 139990 step 72 time 4969 ms
best 139947 step 1527 time 101865 ms
best 139860 step 11439 time 752926 ms
done 0 24 27 64 38 15 18 10 20 6 41 56 26 17 42 13 31 34 54 65 45 62 50 59 52 14 25 53 57 12 69 30 11 63 8 16 55 58 9 36 44 47 66 29 7 33 22 19 43 49 68 23 4 67 32 21 28 39 1 5 70 35 2 51 60 61 3 48 37 40 46
best 139860
time 950019 ms
seed 23
