jobs 70
mach 20
init 0 61 64 46 11 13 52 14 17 44 7 69 68 25 29 59 20 58 38 63 40 12 24 34 15 60 70 66 9 22 41 10 6 3 54 51 36 47 18 4 33 16 23 42 27 8 55 57 5 31 26 67 32 37 53 65 48 50 1 21 56 39 35 45 30 28 2 62 19 49 43
best 223820
best 222372 step 2 time 308 ms
best 222065 step 3 time 380 ms
best 206730 step 4 time 487 ms
best 205905 step 41 time 3052 ms
best 201201 step 46 time 3439 ms
best 200384 step 55 time 3864 ms
best 200110 step 158 time 10476 ms
best 200051 step 215 time 14129 ms
best 198330 step 225 time 14922 ms
best 198230 step 228 time 15093 ms
best 198207 step 381 time 25928 ms
best 197584 step 382 time 26004 ms
best 196289 step 834 time 56726 ms
best 196095 step 835 time 56792 ms
done 0 38 11 13 61 14 12 64 25 29 46 68 17 23 69 63 66 44 59 20 9 58 70 40 7 54 24 34 15 60 3 22 41 10 33 51 36 47 18 6 4 65 53 52 42 27 8 57 16 5 31 26 67 32 1 50 21 55 48 37 35 56 62 45 39 30 28 2 19 49 43
best 196095
time 950028 ms
seed 23
