jobs 70
mach 20
init 0 22 28 57 59 41 15 53 43 51 21 25 58 52 47 49 9 10 61 3 14 32 6 4 13 16 38 46 36 55 20 35 31 11 37 29 48 68 12 65 1 67 54 42 66 30 70 27 40 26 69 62 24 19 39 63 2 56 34 64 7 18 33 44 60 23 45 50 8 17 5
best 143475
best 140984 step 3 time 336 ms
best 133672 step 5 time 479 ms
best 131319 step 12 time 881 ms
best 131042 step 14 time 1031 ms
best 130794 step 23 time 1593 ms
best 130623 step 72 time 5314 ms
best 130600 step 75 time 5423 ms
best 128584 step 142 time 9797 ms
best 127928 step 149 time 10371 ms
best 127827 step 209 time 14168 ms
best 125964 step 221 time 14908 ms
best 125169 step 2259 time 151468 ms
best 125106 step 2262 time 151580 ms
best 124659 step 5089 time 340220 ms
best 124657 step 5094 time 340557 ms
done 0 53 59 41 22 28 15 43 51 3 10 9 21 25 47 14 61 58 6 49 32 13 68 52 16 37 46 57 48 4 20 36 55 66 11 31 29 35 12 54 42 1 67 40 65 30 38 70 27 26 62 39 18 24 19 63 2 56 34 33 64 44 69 23 7 45 60 50 17 8 5
best 124657
time 950099 ms
seed 23
