jobs 70
mach 20
init 0 6 47 3 60 58 43 9 18 62 57 21 55 5 35 69 14 56 70 11 38 52 13 64 50 53 41 42 54 44 17 30 15 63 2 22 67 26 29 28 40 65 32 31 1 68 34 46 20 19 59 45 4 27 51 66 36 8 10 16 24 61 39 25 33 12 48 23 49 37 7
best 143730
best 138410 step 1 time 198 ms
best 136748 step 3 time 373 ms
best 135186 step 13 time 1132 ms
best 133230 step 15 time 1230 ms
best 132640 step 16 time 1281 ms
best 129973 step 21 time 1646 ms
best 128532 step 22 time 1667 ms
best 128014 step 23 time 1744 ms
best 127443 step 38 time 2831 ms
best 127413 step 527 time 34883 ms
best 127277 step 3338 time 223069 ms
best 127154 step 8720 time 582273 ms
best 126931 step 8721 time 582313 ms
best 126864 step 12973 time 864922 ms
done 0 6 54 60 18 35 14 9 3 43 57 62 55 5 21 38 11 64 50 69 58 70 42 13 56 8 53 15 44 17 52 65 63 2 1 41 22 32 26 29 28 40 31 67 68 19 34 47 46 20 30 59 45 4 66 24 39 27 51 36 61 10 16 25 33 49 12 48 23 37 7
best 126864
time 950063 ms
seed 23
