jobs 70
mach 20
init 0 8 41 35 31 12 4 68 65 14 9 25 53 51 34 52 2 21 10 32 56 39 1 50 47 19 59 46 23 22 30 64 38 7 36 62 24 17 67 61 6 16 27 18 11 69 66 70 43 20 57 54 5 40 33 15 63 29 60 58 49 48 3 37 28 13 44 26 55 45 42
best 129787
best 126867 step 2 time 362 ms
best 125617 step 19 time 2089 ms
best 122862 step 24 time 2441 ms
best 122386 step 25 time 2519 ms
best 121544 step 28 time 2715 ms
best 120669 step 30 time 2911 ms
best 120085 step 64 time 5580 ms
best 119995 step 66 time 5653 ms
best 119000 step 122 time 10412 ms
best 118948 step 125 time 10614 ms
best 118943 step 126 time 10659 ms
best 118489 step 129 time 10903 ms
best 118057 step 2278 time 188560 ms
best 116937 step 2286 time 189123 ms
best 116589 step 8086 time 670362 ms
best 116379 step 8087 time 670435 ms
best 115177 step 11264 time 938315 ms
best 114640 step 11290 time 940317 ms
done 0 8 35 25 31 4 32 9 68 46 12 65 14 53 51 2 21 56 19 10 23 47 39 34 1 17 50 7 36 22 64 59 38 30 41 6 24 62 61 15 67 18 16 52 69 66 57 58 70 43 44 20 54 5 60 29 33 63 11 40 49 13 48 27 3 37 26 55 28 45 42
best 114640
time 950011 ms
seed 23
