jobs 70
mach 20
init 0 47 34 28 32 55 53 20 27 70 16 3 56 38 2 15 41 50 64 54 1 21 4 42 68 13 12 7 26 11 22 30 14 63 10 52 33 36 35 45 57 37 59 44 25 65 8 9 17 39 62 67 6 43 61 66 46 60 51 69 29 24 40 31 18 48 23 19 58 5 49
best 156308
best 152356 step 1 time 309 ms
best 150848 step 3 time 468 ms
best 149611 step 4 time 532 ms
best 149472 step 6 time 708 ms
best 148817 step 43 time 3824 ms
best 148575 step 57 time 4797 ms
best 148058 step 58 time 4933 ms
best 147972 step 59 time 5012 ms
best 147965 step 80 time 6773 ms
best 147582 step 185 time 15582 ms
best 146779 step 285 time 24079 ms
best 146345 step 286 time 24153 ms
best 146053 step 513 time 45767 ms
best 145156 step 522 time 46450 ms
best 145012 step 3281 time 279006 ms
done 0 47 34 32 55 16 27 50 53 70 20 56 38 3 28 4 41 42 64 26 2 12 22 68 13 15 21 39 7 54 11 14 1 65 10 30 52 33 36 35 57 67 45 44 37 6 25 63 9 59 8 62 17 66 24 61 31 46 43 69 60 29 51 48 18 40 19 23 58 5 49
best 145012
time 950042 ms
seed 23
