jobs 80
mach 20
init 0 5 9 60 52 75 28 48 74 35 39 36 32 21 49 11 10 18 43 4 31 68 25 69 70 33 1 73 13 64 24 61 34 23 7 12 62 17 14 66 46 59 8 57 51 26 45 37 6 76 16 44 22 56 80 50 20 2 15 63 42 29 30 72 58 38 19 41 78 71 55 79 53 77 47 40 67 54 3 27 65
best 207327
best 200069 step 2 time 465 ms
best 199180 step 3 time 532 ms
best 198205 step 4 time 612 ms
best 195342 step 5 time 754 ms
best 193644 step 6 time 988 ms
best 193289 step 7 time 1044 ms
best 193163 step 10 time 1385 ms
best 192007 step 100 time 10670 ms
best 191276 step 135 time 14473 ms
best 191034 step 167 time 18003 ms
best 190886 step 170 time 18321 ms
best 190807 step 240 time 25115 ms
best 190316 step 753 time 77693 ms
best 190305 step 754 time 77729 ms
best 188284 step 756 time 77898 ms
best 187640 step 1203 time 123292 ms
best 187468 step 3616 time 361995 ms
best 187431 step 3618 time 362217 ms
done 0 5 9 52 75 28 48 74 49 60 35 39 32 36 21 18 44 59 11 10 4 23 64 33 31 1 13 24 68 61 69 25 7 34 62 2 43 12 57 70 14 73 46 45 8 26 66 17 16 51 37 6 20 55 80 22 50 15 76 42 29 56 38 30 72 58 41 78 47 63 71 3 79 40 65 77 53 19 27 67 54
best 187431
time 950100 ms
seed 23
