jobs 80
mach 20
init 0 39 47 3 21 59 56 31 57 32 54 17 29 41 50 18 69 15 67 72 71 4 38 62 60 66 64 34 74 49 2 8 19 7 23 43 13 14 73 53 44 48 30 52 36 22 45 55 46 40 68 63 42 76 33 28 11 75 35 58 78 27 10 80 26 25 61 16 77 20 6 24 1 51 65 79 12 5 9 37 70
best 303292
best 303105 step 2 time 524 ms
best 299239 step 9 time 1350 ms
best 297253 step 24 time 3380 ms
best 295914 step 39 time 4802 ms
best 295459 step 56 time 6656 ms
best 294938 step 57 time 6797 ms
best 291422 step 60 time 7205 ms
best 290889 step 63 time 7472 ms
best 290437 step 89 time 10735 ms
best 289764 step 92 time 11112 ms
best 288501 step 154 time 17988 ms
best 287717 step 155 time 18146 ms
best 285018 step 156 time 18337 ms
best 284402 step 160 time 18746 ms
best 283532 step 443 time 49861 ms
best 282330 step 484 time 54356 ms
best 281578 step 2782 time 308487 ms
best 281456 step 2783 time 308571 ms
best 280143 step 8599 time 949703 ms
done 0 38 56 47 31 59 17 29 21 3 32 64 50 34 57 15 7 18 67 72 54 77 71 4 62 8 2 43 74 66 49 60 22 23 11 41 13 14 69 44 73 30 36 48 63 52 42 39 45 76 75 68 46 25 40 58 53 35 19 28 61 27 20 78 33 55 79 10 80 6 16 1 51 65 26 24 12 5 9 37 70
best 280143
time 950058 ms
seed 23
