jobs 80
mach 20
init 0 47 5 26 21 72 53 1 15 59 25 48 18 44 45 80 69 43 76 30 3 67 62 31 78 55 32 2 29 22 12 4 39 9 16 17 73 74 40 19 50 79 65 75 27 63 77 51 70 28 71 57 14 11 66 36 52 24 33 64 68 6 56 46 13 35 41 42 7 60 49 8 20 10 58 34 37 23 38 54 61
best 234483
best 228891 step 1 time 259 ms
best 227238 step 2 time 408 ms
best 226868 step 4 time 621 ms
best 224356 step 8 time 1065 ms
best 222843 step 9 time 1188 ms
best 222516 step 11 time 1326 ms
best 216849 step 12 time 1488 ms
best 216500 step 14 time 1609 ms
best 215450 step 46 time 5315 ms
best 214630 step 47 time 5530 ms
best 214123 step 4382 time 468600 ms
best 213674 step 4423 time 473116 ms
best 213499 step 6423 time 682593 ms
best 212493 step 6424 time 682698 ms
best 210455 step 6468 time 686951 ms
done 0 47 5 26 21 72 53 1 15 59 25 48 2 18 45 30 3 67 44 31 79 43 77 76 78 55 4 80 69 71 29 12 40 22 73 39 9 16 32 57 74 19 50 14 11 75 63 51 36 65 62 17 42 27 70 66 13 56 68 60 24 64 28 49 41 6 46 52 7 35 20 33 8 10 58 34 37 23 38 54 61
best 210455
time 950153 ms
seed 23
