jobs 80
mach 20
init 0 19 25 41 47 53 17 2 29 18 57 71 62 58 42 1 66 50 14 11 12 65 52 38 23 4 63 37 22 21 79 76 6 15 59 75 77 35 70 55 13 74 72 28 73 61 39 30 7 20 60 26 78 54 3 24 34 40 33 27 10 67 36 64 31 46 44 9 49 8 69 43 5 80 32 48 68 56 16 51 45
best 265555
best 260650 step 4 time 713 ms
best 259017 step 11 time 1971 ms
best 255767 step 15 time 2616 ms
best 255587 step 16 time 2808 ms
best 254433 step 23 time 3752 ms
best 251387 step 26 time 4078 ms
best 251166 step 36 time 5736 ms
best 249905 step 41 time 6372 ms
best 249470 step 42 time 6552 ms
best 247942 step 43 time 6725 ms
best 247670 step 44 time 6925 ms
best 246594 step 71 time 10562 ms
best 246549 step 73 time 10790 ms
best 246469 step 485 time 71295 ms
best 244687 step 486 time 71533 ms
best 244617 step 3145 time 475019 ms
done 0 66 25 19 29 18 41 53 47 17 62 12 57 14 42 58 71 50 65 70 38 23 4 11 52 76 63 20 2 21 37 22 15 3 73 79 59 30 6 13 75 74 72 28 61 39 35 1 55 78 33 54 60 26 7 77 67 24 34 40 10 36 64 31 44 9 49 27 8 32 80 46 43 5 69 48 68 56 16 51 45
best 244617
time 950087 ms
seed 23
