jobs 80
mach 20
init 0 19 24 45 78 42 75 1 76 63 14 56 22 61 20 59 46 12 7 10 11 49 31 33 3 41 60 27 17 44 71 69 79 4 57 34 53 66 72 30 29 48 26 5 21 77 32 15 28 73 35 51 39 9 74 8 16 67 80 50 64 2 40 62 18 70 25 47 68 54 23 36 38 58 43 6 13 55 37 65 52
best 184150
best 181669 step 5 time 972 ms
best 180267 step 20 time 3020 ms
best 179669 step 328 time 41719 ms
best 178717 step 329 time 41883 ms
best 178516 step 371 time 47015 ms
best 178441 step 372 time 47136 ms
best 177989 step 373 time 47275 ms
best 177836 step 384 time 48669 ms
best 177807 step 388 time 49114 ms
best 177299 step 1500 time 190720 ms
best 175667 step 1647 time 208636 ms
best 174958 step 1650 time 208965 ms
best 174656 step 6960 time 861725 ms
done 0 19 3 24 45 78 42 1 56 22 75 20 63 14 61 27 66 12 46 7 49 31 33 41 10 44 76 71 69 60 11 17 79 57 34 53 4 59 72 30 29 48 26 5 21 77 32 15 73 35 28 51 50 39 9 16 74 8 67 80 40 2 62 38 70 64 25 68 18 54 58 43 36 6 23 13 55 37 47 52 65
best 174656
time 950063 ms
seed 23
