jobs 80
mach 20
init 0 68 20 26 43 60 9 24 75 65 25 27 10 72 14 76 70 46 66 35 71 42 2 56 41 54 22 64 47 40 61 33 38 34 51 5 31 50 11 17 13 39 59 53 57 80 18 12 49 15 52 69 45 62 44 1 30 4 48 23 37 16 74 3 28 6 36 55 78 32 67 58 77 19 8 73 21 63 29 79 7
best 249898
best 246939 step 1 time 431 ms
best 245878 step 2 time 572 ms
best 245774 step 5 time 811 ms
best 243496 step 6 time 974 ms
best 242814 step 7 time 1155 ms
best 242190 step 11 time 1596 ms
best 241392 step 17 time 2407 ms
best 240586 step 26 time 3450 ms
best 238350 step 35 time 4441 ms
best 237855 step 36 time 4594 ms
best 237344 step 37 time 4707 ms
best 232863 step 38 time 4879 ms
best 232403 step 128 time 15892 ms
best 229304 step 138 time 16845 ms
best 229095 step 141 time 17248 ms
best 229056 step 142 time 17352 ms
best 227777 step 143 time 17481 ms
best 226221 step 144 time 17559 ms
done 0 68 20 71 26 9 76 65 60 27 25 22 39 24 70 72 10 14 46 43 66 54 35 42 2 41 33 61 64 34 56 47 50 38 51 18 31 5 59 11 53 17 49 15 52 40 75 69 4 57 45 12 80 48 62 37 13 44 23 1 30 28 74 3 78 16 36 55 32 67 73 6 77 19 8 21 63 58 29 79 7
best 226221
time 950144 ms
seed 23
