jobs 80
mach 20
init 0 55 2 1 45 70 26 47 71 13 6 43 9 65 54 68 7 74 72 67 37 50 36 22 27 23 78 48 17 34 25 32 53 39 33 29 40 35 61 8 51 49 16 75 66 52 15 5 58 46 38 21 60 18 42 3 57 41 73 20 64 56 4 80 14 59 63 76 28 30 77 79 31 62 11 10 19 69 44 24 12
best 193918
best 193899 step 1 time 443 ms
best 193317 step 4 time 727 ms
best 192829 step 5 time 841 ms
best 187601 step 9 time 1375 ms
best 187376 step 10 time 1499 ms
best 186945 step 12 time 1668 ms
best 186891 step 13 time 1815 ms
best 185506 step 14 time 1943 ms
best 181864 step 16 time 2230 ms
best 178295 step 17 time 2400 ms
best 177543 step 178 time 20414 ms
best 176101 step 275 time 31394 ms
best 176051 step 288 time 32587 ms
best 174714 step 383 time 43214 ms
best 174364 step 384 time 43304 ms
best 174107 step 1373 time 150695 ms
best 173888 step 1923 time 210972 ms
best 173813 step 1926 time 211137 ms
best 173495 step 1933 time 211771 ms
best 173481 step 1934 time 211849 ms
best 172441 step 7831 time 859898 ms
best 172378 step 7834 time 860047 ms
best 172223 step 7837 time 860304 ms
done 0 55 2 1 45 13 43 68 70 67 71 8 34 54 65 6 7 72 74 47 22 50 46 26 27 37 36 51 48 23 18 25 32 39 40 53 35 17 9 29 33 61 4 49 52 15 5 66 75 38 3 78 60 42 21 57 56 16 73 14 64 63 79 41 76 11 20 80 77 58 19 59 31 28 62 24 69 30 44 12 10
best 172223
time 950031 ms
seed 23
