jobs 80
mach 20
init 0 21 36 25 68 77 74 58 31 55 66 4 23 27 17 16 11 65 70 56 75 3 40 33 61 1 69 49 20 34 44 73 22 5 30 50 46 14 45 10 6 52 18 19 79 8 32 57 7 28 76 26 41 12 29 80 38 78 53 63 64 9 47 37 35 43 51 42 48 13 2 62 39 60 24 15 71 72 67 59 54
best 282726
best 280677 step 2 time 293 ms
best 278982 step 4 time 522 ms
best 275833 step 6 time 762 ms
best 275552 step 13 time 1448 ms
best 275045 step 22 time 2167 ms
best 272461 step 23 time 2346 ms
best 271946 step 25 time 2584 ms
best 264341 step 29 time 3179 ms
best 263423 step 63 time 7394 ms
best 262927 step 149 time 17564 ms
best 260544 step 224 time 25662 ms
best 260446 step 225 time 25867 ms
best 255940 step 252 time 28638 ms
best 254886 step 1165 time 132636 ms
best 253015 step 1181 time 134247 ms
done 0 21 65 68 1 36 25 58 70 23 4 77 55 66 33 34 16 69 31 11 40 3 8 56 75 17 27 49 57 20 74 44 73 22 53 5 45 14 50 10 46 6 52 30 79 18 19 32 76 62 7 28 61 51 41 12 29 38 78 47 48 9 80 35 26 63 37 43 42 60 64 39 13 2 24 15 59 72 67 54 71
best 253015
time 950056 ms
seed 23
