jobs 80
mach 20
init 0 23 28 22 77 37 79 36 80 47 60 27 56 45 59 6 12 55 38 7 14 11 71 16 26 69 33 30 53 54 43 42 61 70 9 18 49 74 32 24 21 66 5 63 8 13 52 75 58 51 72 65 34 17 4 20 64 10 67 35 2 40 62 15 48 29 46 50 76 3 41 25 57 73 39 78 31 1 44 68 19
best 316888
best 314851 step 1 time 315 ms
best 309941 step 2 time 496 ms
best 306624 step 9 time 1284 ms
best 302914 step 22 time 3229 ms
best 302317 step 24 time 3440 ms
best 301821 step 74 time 9159 ms
best 299293 step 107 time 12538 ms
best 298253 step 192 time 21436 ms
best 296307 step 304 time 33598 ms
best 295819 step 305 time 33767 ms
best 294669 step 307 time 34057 ms
best 294479 step 659 time 73714 ms
best 293752 step 777 time 86848 ms
best 293700 step 778 time 86897 ms
best 292275 step 878 time 97652 ms
best 291538 step 1272 time 140352 ms
best 291112 step 1741 time 192077 ms
best 288815 step 1742 time 192224 ms
best 286417 step 1758 time 193952 ms
done 0 47 79 36 59 23 77 28 56 80 37 12 61 58 75 55 6 69 45 70 7 11 14 38 27 18 33 74 71 26 54 51 42 16 53 40 43 30 67 52 32 49 66 63 5 24 9 21 60 8 62 4 72 65 34 17 57 50 22 64 46 35 15 13 48 2 76 29 10 41 39 25 20 3 1 73 78 31 68 44 19
best 286417
time 950007 ms
seed 23
