jobs 80
mach 20
init 0 67 22 54 16 64 39 23 58 18 7 42 14 77 5 19 66 80 49 38 51 75 72 26 34 40 11 63 69 27 50 47 74 3 6 61 35 68 46 21 33 1 15 4 79 45 41 60 65 56 78 29 62 52 9 31 48 25 73 37 17 8 28 36 70 53 59 57 20 13 43 71 10 12 2 24 76 32 55 44 30
best 228551
best 226117 step 6 time 1169 ms
best 222929 step 24 time 3619 ms
best 221092 step 25 time 3752 ms
best 220395 step 226 time 29404 ms
best 219586 step 516 time 65530 ms
best 219568 step 517 time 65687 ms
best 219230 step 518 time 65739 ms
best 219225 step 4457 time 568827 ms
best 218693 step 4798 time 612703 ms
best 218602 step 6612 time 847242 ms
best 218143 step 6618 time 847753 ms
done 0 67 22 54 16 64 39 7 23 5 18 75 42 14 19 58 51 77 27 80 38 72 66 33 26 63 40 34 69 3 50 47 74 11 35 21 46 6 56 49 48 60 25 62 68 1 45 4 79 78 15 41 29 65 37 52 9 61 31 8 28 36 59 73 53 13 17 43 57 12 71 20 10 70 76 2 24 44 55 32 30
best 218143
time 950158 ms
seed 23
