jobs 90
mach 20
init 0 55 1 37 47 69 27 28 16 42 54 10 78 60 73 8 90 51 81 64 41 39 30 14 36 62 52 89 48 63 2 12 53 88 11 31 70 68 34 49 5 57 56 13 80 71 25 24 40 86 9 83 26 23 77 87 35 32 67 7 29 4 82 46 74 43 65 66 76 3 79 33 45 19 61 58 17 44 20 6 59 18 21 15 85 84 22 38 50 72 75
best 446047
best 442206 step 1 time 536 ms
best 440979 step 2 time 759 ms
best 438693 step 3 time 924 ms
best 435586 step 4 time 1205 ms
best 432643 step 5 time 1374 ms
best 432009 step 6 time 1529 ms
best 430062 step 7 time 1646 ms
best 427578 step 9 time 1969 ms
best 426001 step 12 time 2541 ms
best 419231 step 20 time 3707 ms
best 419090 step 26 time 4859 ms
best 414736 step 28 time 5173 ms
best 412933 step 29 time 5362 ms
best 412445 step 33 time 5935 ms
best 411758 step 34 time 6044 ms
best 411381 step 35 time 6235 ms
best 407906 step 36 time 6338 ms
best 405068 step 40 time 7115 ms
best 404723 step 41 time 7270 ms
best 403101 step 398 time 68535 ms
best 402232 step 3293 time 573576 ms
best 401292 step 4897 time 847013 ms
best 400031 step 4901 time 847602 ms
best 399903 step 4902 time 847761 ms
done 0 55 16 39 51 42 27 28 41 78 90 54 89 60 47 10 8 64 81 52 73 1 37 2 30 53 36 34 29 49 63 14 11 48 68 32 31 88 9 40 12 70 71 13 80 57 5 25 24 35 86 3 26 58 23 77 83 33 66 56 4 82 43 87 18 67 62 65 46 7 76 59 21 44 69 74 19 61 45 17 84 15 20 85 6 72 79 38 22 50 75
best 399903
time 950075 ms
seed 23
