jobs 90
mach 20
init 0 26 75 47 39 83 53 1 59 73 55 20 28 32 68 35 70 44 64 40 45 87 77 72 85 9 4 52 25 49 42 7 13 14 29 8 63 21 6 19 57 69 54 5 67 36 89 16 50 88 17 74 43 86 65 23 30 10 48 27 38 66 60 82 31 22 33 18 62 34 79 12 41 78 61 37 84 80 81 3 11 15 51 2 90 46 24 71 76 56 58
best 425558
best 411575 step 1 time 696 ms
best 405351 step 2 time 960 ms
best 405272 step 3 time 1079 ms
best 403648 step 4 time 1301 ms
best 403026 step 5 time 1540 ms
best 401644 step 7 time 1848 ms
best 396117 step 8 time 2061 ms
best 392741 step 9 time 2340 ms
best 390770 step 11 time 2845 ms
best 390717 step 12 time 2972 ms
best 389583 step 44 time 9285 ms
best 387530 step 45 time 9583 ms
best 386811 step 685 time 140047 ms
best 386758 step 687 time 140382 ms
best 385342 step 688 time 140554 ms
best 385199 step 689 time 140828 ms
best 382832 step 691 time 141119 ms
best 382670 step 2970 time 612541 ms
done 0 26 9 53 1 73 75 20 83 59 64 55 18 28 49 35 70 72 39 45 30 40 68 8 43 77 32 89 13 29 25 63 42 48 36 69 21 7 17 14 54 52 6 57 74 4 16 87 50 88 65 62 86 23 67 31 66 41 44 34 27 38 19 60 82 33 85 22 80 81 12 78 10 51 5 79 47 24 84 3 15 61 37 71 11 76 90 46 56 58 2
best 382670
time 950040 ms
seed 23
