jobs 90
mach 20
init 0 46 13 32 75 90 50 43 80 26 71 34 61 35 63 45 79 64 70 44 66 68 24 41 39 29 20 17 52 25 56 49 27 76 51 88 48 87 8 23 57 58 37 77 19 1 62 36 15 89 85 47 2 16 7 3 84 30 86 60 28 73 82 83 53 72 74 14 21 55 78 5 42 40 67 33 9 38 6 65 18 11 10 69 54 59 4 22 31 81 12
best 390121
best 366032 step 1 time 665 ms
best 355851 step 20 time 4448 ms
best 354630 step 35 time 6984 ms
best 353762 step 36 time 7132 ms
best 352554 step 41 time 8054 ms
best 351568 step 95 time 18544 ms
best 351176 step 926 time 164744 ms
best 349658 step 3450 time 620966 ms
best 347873 step 3451 time 621120 ms
best 347772 step 3452 time 621241 ms
done 0 35 46 13 32 75 90 50 45 43 26 80 79 29 1 64 61 41 89 39 63 70 66 24 44 25 88 20 17 76 56 82 60 47 49 77 8 51 87 23 57 62 48 58 52 85 19 27 7 37 3 36 28 15 30 72 84 2 5 73 16 71 34 83 86 74 53 21 14 42 55 10 6 9 38 11 33 68 78 18 69 81 4 67 65 40 54 12 59 22 31
best 347772
time 950009 ms
seed 23
