jobs 90
mach 20
init 0 69 35 12 76 31 30 53 89 4 37 13 46 25 5 9 77 55 33 58 80 27 57 44 62 36 32 42 17 72 87 52 14 43 73 54 28 6 67 45 64 79 26 66 83 29 70 1 78 85 84 75 2 65 39 3 60 90 15 50 59 7 48 61 81 88 74 41 24 34 71 8 51 10 63 20 11 21 47 38 22 19 82 40 86 18 68 16 49 23 56
best 371538
best 362955 step 1 time 553 ms
best 360810 step 6 time 1244 ms
best 358746 step 7 time 1387 ms
best 355487 step 8 time 1766 ms
best 354152 step 10 time 1964 ms
best 353154 step 16 time 2891 ms
best 352920 step 31 time 5180 ms
best 348268 step 34 time 5866 ms
best 347747 step 36 time 6262 ms
best 347201 step 73 time 12079 ms
best 346137 step 89 time 14775 ms
best 344498 step 93 time 15275 ms
best 342790 step 314 time 51417 ms
best 342293 step 1454 time 239340 ms
best 342055 step 1457 time 239845 ms
best 341232 step 1717 time 281959 ms
best 340977 step 4494 time 722679 ms
best 340711 step 4495 time 722863 ms
done 0 42 69 35 53 76 77 17 46 12 31 62 65 52 4 44 89 25 54 9 55 33 80 27 58 88 32 5 73 57 37 13 72 67 28 45 6 48 36 64 66 83 1 24 90 81 79 70 14 26 78 29 85 30 39 2 87 61 3 60 50 15 43 7 34 20 74 41 75 8 84 10 59 21 63 19 71 11 82 51 47 16 38 18 40 49 68 86 22 23 56
best 340711
time 950007 ms
seed 23
