jobs 90
mach 20
init 0 5 52 13 88 64 65 66 57 30 75 44 53 1 51 61 7 20 81 42 80 43 67 63 55 60 76 77 68 73 4 31 3 50 2 8 22 87 39 24 70 46 19 90 27 78 10 49 25 69 37 32 14 47 40 56 26 71 58 79 12 85 82 48 86 28 89 21 33 72 11 17 15 36 38 23 83 34 35 74 59 16 6 62 84 54 9 41 18 29 45
best 305111
best 299906 step 2 time 828 ms
best 299852 step 3 time 998 ms
best 298771 step 4 time 1228 ms
best 297716 step 5 time 1428 ms
best 295890 step 6 time 1649 ms
best 295786 step 7 time 1773 ms
best 295731 step 8 time 1906 ms
best 294423 step 13 time 2950 ms
best 292556 step 72 time 12937 ms
best 292085 step 372 time 62887 ms
best 292050 step 373 time 63034 ms
best 291678 step 595 time 98466 ms
best 291664 step 614 time 101442 ms
best 291173 step 615 time 101621 ms
best 290617 step 757 time 124912 ms
best 289973 step 1475 time 240805 ms
best 289049 step 1480 time 241691 ms
done 0 52 13 65 5 30 88 66 57 75 44 81 53 63 1 42 61 20 55 76 7 77 67 60 43 2 51 32 73 3 4 8 64 50 87 24 22 68 80 39 31 70 72 46 90 86 27 19 16 49 10 25 40 69 37 56 47 12 78 82 79 36 85 89 21 26 11 71 83 14 15 17 33 58 48 28 38 23 74 59 34 35 54 29 6 84 62 45 9 41 18
best 289049
time 950122 ms
seed 23
