jobs 90
mach 20
init 0 23 31 85 78 1 55 9 81 16 44 12 7 27 11 83 53 17 57 56 58 82 75 64 61 42 80 65 37 43 76 63 84 8 36 49 10 60 35 45 2 77 33 3 48 50 14 39 52 47 73 6 18 32 70 71 59 90 26 62 46 13 67 4 24 19 68 87 88 66 51 29 74 28 15 25 69 5 34 38 86 89 21 30 41 20 54 72 79 40 22
best 360137
best 340067 step 1 time 944 ms
best 339837 step 2 time 1172 ms
best 333925 step 17 time 4283 ms
best 329249 step 19 time 4699 ms
best 328879 step 139 time 24824 ms
best 328595 step 380 time 66873 ms
best 327728 step 1256 time 213371 ms
best 327487 step 1610 time 275971 ms
best 323705 step 2107 time 363055 ms
done 0 23 12 66 78 16 1 55 9 7 81 61 11 65 44 53 6 85 80 17 56 57 64 82 27 42 26 63 60 36 43 37 84 76 10 31 2 49 83 35 45 58 33 18 3 48 47 50 77 39 70 32 52 75 8 67 73 24 71 59 90 62 14 13 51 4 19 28 46 74 25 68 87 21 88 5 29 38 34 15 86 89 69 30 20 41 22 54 72 79 40
best 323705
time 950093 ms
seed 23
