jobs 90
mach 20
init 0 52 85 12 57 2 33 21 20 19 67 81 24 54 14 48 27 46 88 5 71 28 63 34 75 10 43 78 42 22 50 32 23 37 45 26 68 87 18 17 82 79 70 11 39 59 31 25 61 29 6 69 4 90 86 40 1 49 55 15 53 76 77 58 80 56 73 35 89 3 41 47 83 72 13 8 62 65 44 64 7 66 60 36 74 16 38 84 51 9 30
best 393022
best 389491 step 1 time 495 ms
best 389374 step 2 time 634 ms
best 388732 step 3 time 799 ms
best 385003 step 4 time 981 ms
best 382505 step 6 time 1346 ms
best 382031 step 7 time 1445 ms
best 379318 step 11 time 2256 ms
best 379276 step 12 time 2517 ms
best 378598 step 19 time 3663 ms
best 376729 step 30 time 5974 ms
best 376411 step 38 time 7341 ms
best 376077 step 107 time 19890 ms
best 374515 step 160 time 29130 ms
best 374490 step 161 time 29196 ms
best 374075 step 164 time 29644 ms
best 370313 step 170 time 30521 ms
best 370083 step 3550 time 604234 ms
done 0 52 85 12 57 71 78 2 33 21 10 14 43 67 42 63 46 88 24 31 81 54 48 39 5 32 68 37 87 45 28 34 79 69 75 23 26 18 11 40 82 22 86 4 1 15 70 29 61 19 59 17 50 6 49 90 47 27 55 76 53 58 80 56 25 77 35 73 20 72 13 8 66 89 41 62 65 83 16 3 44 36 64 7 74 38 51 9 84 60 30
best 370083
time 950106 ms
seed 23
