jobs 90
mach 20
init 0 85 58 49 11 74 36 54 7 21 70 79 48 6 12 24 38 41 71 20 28 15 66 44 26 31 90 76 68 83 81 22 43 84 27 29 46 3 60 34 56 62 88 61 72 23 87 47 33 75 25 17 2 57 37 18 5 50 45 63 51 13 19 53 69 73 35 30 10 59 80 39 78 67 8 89 16 55 77 42 86 82 14 4 65 9 52 1 64 32 40
best 434050
best 425932 step 2 time 827 ms
best 424276 step 3 time 1083 ms
best 422235 step 9 time 2626 ms
best 422126 step 16 time 3888 ms
best 421252 step 24 time 5666 ms
best 420820 step 26 time 6236 ms
best 420466 step 28 time 6670 ms
best 411239 step 31 time 7400 ms
best 409469 step 67 time 14446 ms
best 408165 step 78 time 16470 ms
best 407393 step 85 time 18062 ms
best 406232 step 89 time 18911 ms
best 404508 step 92 time 19606 ms
best 404479 step 269 time 54903 ms
best 404043 step 276 time 56168 ms
best 403959 step 278 time 56515 ms
best 402941 step 311 time 63486 ms
best 402017 step 312 time 63843 ms
best 400345 step 983 time 201054 ms
best 400244 step 986 time 201675 ms
best 399996 step 987 time 201849 ms
best 399312 step 1400 time 285178 ms
done 0 48 49 11 36 58 71 7 74 54 85 90 12 24 21 6 70 79 20 28 46 38 68 27 44 15 34 3 76 57 41 31 83 43 22 87 17 75 37 60 81 62 61 45 51 33 29 18 2 23 25 84 26 53 72 30 47 13 50 63 19 66 78 69 88 56 80 5 39 35 10 59 67 65 89 16 77 73 42 8 9 4 82 55 52 1 64 40 14 32 86
best 399312
time 950209 ms
seed 23
