jobs 100
mach 20
init 0 98 22 99 21 25 26 29 69 16 36 30 2 61 95 35 15 66 11 80 81 55 17 85 31 89 40 37 38 8 32 50 53 75 14 86 91 13 96 83 47 23 77 44 92 27 87 94 63 18 3 24 59 72 33 41 68 56 19 10 1 57 28 51 100 7 90 45 54 58 79 48 46 65 67 78 34 97 4 74 70 93 20 5 43 73 42 49 6 62 64 88 39 71 9 82 52 60 12 76 84
best 461085
best 460922 step 3 time 1631 ms
best 457702 step 4 time 1954 ms
best 456928 step 7 time 2785 ms
best 456275 step 12 time 4096 ms
best 454378 step 13 time 4467 ms
best 449785 step 16 time 5703 ms
best 449578 step 18 time 6310 ms
best 444853 step 30 time 10981 ms
best 444279 step 47 time 16697 ms
best 442126 step 70 time 25242 ms
best 440341 step 101 time 36409 ms
best 440173 step 122 time 42474 ms
best 440063 step 574 time 191227 ms
best 440036 step 575 time 191540 ms
best 439626 step 580 time 192991 ms
best 438156 step 643 time 212465 ms
best 436809 step 658 time 217063 ms
best 433902 step 659 time 217622 ms
done 0 98 22 99 21 26 25 2 89 29 36 61 38 95 30 55 17 35 15 11 37 80 83 16 96 85 69 1 14 8 53 66 32 86 59 50 13 91 75 31 40 23 92 24 47 44 18 3 27 87 94 45 54 79 10 41 68 63 81 56 28 19 58 72 57 51 100 48 33 4 43 70 7 78 90 34 97 77 65 74 46 5 67 49 73 93 20 62 64 88 6 42 39 60 71 9 84 82 52 76 12
best 433902
time 950227 ms
seed 0
