jobs 100
mach 20
init 0 56 62 57 10 55 26 29 14 3 66 16 74 81 83 24 71 91 68 97 75 11 23 64 39 46 98 54 15 94 82 96 38 41 84 27 21 33 80 100 25 19 92 49 70 43 36 63 17 77 13 61 6 12 9 18 30 69 34 52 95 79 42 5 93 1 4 73 51 2 76 88 67 32 59 58 50 35 78 31 87 72 7 53 45 37 8 44 48 86 28 60 20 90 65 85 89 99 40 22 47
best 630490
best 604202 step 1 time 1369 ms
best 601125 step 2 time 1550 ms
best 587808 step 4 time 2507 ms
best 587334 step 74 time 27220 ms
best 585780 step 86 time 31379 ms
best 585634 step 124 time 44094 ms
best 584340 step 144 time 50586 ms
best 582992 step 312 time 106105 ms
best 582419 step 313 time 106473 ms
best 580142 step 314 time 106701 ms
best 572514 step 351 time 117356 ms
best 571832 step 363 time 121137 ms
best 571469 step 364 time 121302 ms
best 571373 step 643 time 211803 ms
best 571012 step 644 time 212325 ms
best 568857 step 645 time 212610 ms
best 567205 step 772 time 254648 ms
done 0 56 62 74 66 10 55 3 16 57 14 83 46 81 15 24 39 11 23 68 91 29 71 26 96 97 94 75 80 84 33 27 38 98 64 52 41 21 19 100 25 30 12 18 92 82 49 6 70 9 34 76 13 36 77 93 54 63 4 73 51 61 31 69 42 1 67 43 88 17 78 79 2 35 32 50 59 95 58 7 87 72 5 86 37 8 99 44 48 89 90 53 20 45 60 28 40 85 65 22 47
best 567205
time 950236 ms
seed 0
