jobs 100
mach 20
init 0 75 71 11 67 60 92 86 94 4 56 54 83 2 16 20 17 13 33 41 53 10 76 91 82 23 58 59 64 21 100 36 44 47 25 46 95 43 69 32 84 55 30 49 52 96 81 1 73 97 65 37 6 15 39 38 98 57 99 62 78 19 12 29 3 89 34 74 45 42 70 35 63 8 18 85 26 7 40 14 27 31 24 80 50 51 28 66 48 90 22 68 72 79 87 5 9 61 93 88 77
best 476018
best 475897 step 1 time 872 ms
best 468099 step 2 time 1225 ms
best 467234 step 29 time 8874 ms
best 466463 step 103 time 28256 ms
best 462007 step 104 time 28691 ms
best 460468 step 105 time 28988 ms
best 460110 step 107 time 29525 ms
best 456532 step 281 time 73137 ms
best 456021 step 1130 time 292879 ms
best 455414 step 1166 time 301013 ms
best 454100 step 1168 time 301536 ms
best 452883 step 1169 time 301726 ms
best 452192 step 1170 time 301959 ms
done 0 67 75 71 86 54 94 4 60 92 2 65 56 11 16 96 41 53 100 76 17 10 20 39 59 23 82 83 58 21 73 89 47 25 33 81 95 69 43 46 49 64 13 84 32 52 44 36 55 97 91 6 37 38 1 15 98 57 99 40 26 62 12 78 19 34 8 30 70 29 42 31 74 14 63 45 27 80 18 90 35 28 22 85 51 7 66 50 3 24 79 68 5 87 9 48 61 93 72 88 77
best 452192
time 950107 ms
seed 0
