jobs 100
mach 20
init 0 16 80 27 61 48 17 37 95 34 3 78 68 2 33 25 71 73 81 24 63 8 79 42 41 38 92 54 5 62 97 32 77 1 47 70 64 55 65 40 39 53 50 6 76 44 45 83 67 82 43 14 87 69 10 60 29 74 94 19 35 86 46 49 75 58 98 31 15 90 100 30 11 28 4 84 52 99 21 20 72 93 56 88 26 18 23 51 89 85 7 13 22 96 36 57 12 66 91 9 59
best 565260
best 536750 step 1 time 794 ms
best 534520 step 3 time 1299 ms
best 533345 step 4 time 1603 ms
best 532369 step 5 time 1936 ms
best 528439 step 6 time 2219 ms
best 526821 step 7 time 2471 ms
best 526788 step 117 time 29768 ms
best 526283 step 131 time 32878 ms
best 525266 step 140 time 34981 ms
best 521707 step 141 time 35225 ms
best 521456 step 148 time 36912 ms
best 521415 step 803 time 199103 ms
best 521393 step 804 time 199226 ms
best 521025 step 1267 time 314774 ms
best 520709 step 1290 time 320612 ms
best 519683 step 1374 time 340492 ms
best 518572 step 1375 time 340725 ms
done 0 16 33 61 45 27 17 40 37 25 71 95 54 80 73 94 19 68 24 78 2 63 44 8 79 32 5 42 41 1 81 97 38 70 64 55 47 92 39 53 82 76 65 77 34 50 83 11 3 62 43 6 87 69 10 46 86 35 14 49 67 52 60 75 98 31 90 100 28 15 48 84 72 21 4 20 58 30 22 29 74 56 23 93 26 51 89 18 88 85 7 13 96 12 36 99 57 59 66 9 91
best 518572
time 950044 ms
seed 0
