jobs 100
mach 20
init 0 25 1 92 61 48 31 68 45 19 21 38 75 23 4 64 35 63 100 65 82 9 22 24 89 47 50 52 95 87 66 49 60 86 77 6 51 15 32 70 17 73 39 29 94 98 85 59 96 62 44 71 37 91 2 36 93 53 99 11 42 97 78 7 3 34 14 41 79 83 16 67 54 88 27 30 13 56 18 55 72 26 84 12 76 90 8 40 80 46 28 20 10 33 81 58 43 5 69 74 57
best 519322
best 514557 step 1 time 1469 ms
best 502097 step 2 time 1828 ms
best 497129 step 3 time 2165 ms
best 489312 step 4 time 2306 ms
best 485820 step 8 time 3479 ms
best 485261 step 14 time 4854 ms
best 481614 step 17 time 5613 ms
best 481215 step 20 time 6358 ms
best 481088 step 22 time 6648 ms
best 480523 step 51 time 13839 ms
best 480200 step 61 time 16525 ms
best 475167 step 67 time 18341 ms
best 474002 step 68 time 18860 ms
best 470942 step 69 time 19148 ms
best 470897 step 70 time 19308 ms
best 470483 step 73 time 20014 ms
best 469585 step 76 time 20836 ms
best 468977 step 122 time 32608 ms
best 468841 step 124 time 32972 ms
best 468698 step 271 time 71272 ms
best 468568 step 386 time 102121 ms
best 466028 step 390 time 103070 ms
best 465890 step 1430 time 370399 ms
best 465814 step 1478 time 382304 ms
best 464840 step 1507 time 388394 ms
best 462035 step 1788 time 457833 ms
done 0 69 25 48 31 92 4 38 97 75 23 19 77 99 21 82 63 1 64 24 51 9 100 73 65 52 22 96 35 39 29 6 89 49 86 16 32 95 83 45 68 70 87 66 59 60 50 42 37 17 79 91 85 44 71 36 41 14 94 18 11 67 93 62 88 7 34 72 98 47 27 3 90 13 15 40 2 30 20 84 53 76 12 55 61 80 33 8 56 78 46 10 54 26 43 5 58 81 28 74 57
best 462035
time 950169 ms
seed 0
