jobs 100
mach 20
init 0 23 62 37 21 52 45 32 1 17 80 25 34 71 75 16 60 66 12 61 11 19 29 98 27 40 77 87 84 56 9 50 81 88 79 10 86 69 68 85 55 22 64 42 65 18 53 59 44 39 82 73 70 51 83 97 5 26 33 90 2 94 89 95 99 36 58 13 49 35 78 6 67 31 47 91 63 76 20 96 24 30 100 14 7 92 3 54 8 41 74 15 28 38 72 46 4 93 57 48 43
best 565565
best 564527 step 1 time 1065 ms
best 557633 step 2 time 1337 ms
best 551130 step 3 time 1622 ms
best 550737 step 11 time 4296 ms
best 549208 step 16 time 5479 ms
best 548358 step 20 time 6818 ms
best 547043 step 47 time 14219 ms
best 546683 step 60 time 17925 ms
best 545671 step 65 time 19085 ms
best 541824 step 74 time 21016 ms
best 538963 step 87 time 24496 ms
best 538409 step 184 time 49868 ms
best 533965 step 190 time 51447 ms
best 533256 step 191 time 51702 ms
best 532134 step 449 time 118820 ms
best 530236 step 450 time 119145 ms
done 0 23 62 1 45 17 75 37 21 80 52 32 55 16 25 34 71 40 98 27 44 60 61 29 77 12 88 66 87 53 81 19 11 42 79 68 50 85 39 18 69 84 64 90 70 51 22 10 86 59 58 65 82 97 89 95 33 49 2 83 9 56 94 78 24 73 26 47 99 5 6 91 36 76 20 3 67 35 63 31 13 92 100 54 8 41 15 30 14 28 7 96 46 74 38 4 93 72 57 48 43
best 530236
time 950006 ms
seed 0
