jobs 100
mach 20
init 0 63 52 51 73 24 53 16 36 19 23 54 70 98 10 35 88 38 81 8 31 58 100 2 96 3 79 33 74 67 37 21 91 45 65 34 56 44 20 99 85 75 69 89 80 18 17 71 1 83 93 82 59 15 61 86 46 41 50 76 90 29 43 48 94 60 28 72 11 92 26 42 22 47 57 84 97 30 68 13 12 40 32 62 64 6 25 95 27 66 7 4 55 14 87 39 5 77 49 78 9
best 477051
best 474933 step 1 time 529 ms
best 468954 step 5 time 1537 ms
best 467553 step 14 time 3958 ms
best 465298 step 15 time 4386 ms
best 463440 step 40 time 11440 ms
best 461669 step 43 time 12548 ms
best 460489 step 80 time 22642 ms
best 458527 step 81 time 22826 ms
best 456492 step 82 time 23161 ms
best 456156 step 83 time 23434 ms
best 455296 step 193 time 52564 ms
best 453389 step 1179 time 306741 ms
best 453007 step 1180 time 306960 ms
best 452903 step 1181 time 307081 ms
best 452076 step 1182 time 307326 ms
best 451375 step 1183 time 307643 ms
done 0 52 73 23 51 100 16 18 24 53 58 43 35 19 70 1 98 54 38 88 34 31 37 67 96 33 17 65 10 3 79 20 74 56 91 8 83 81 45 99 80 85 75 36 63 60 21 44 76 89 82 2 72 86 41 46 29 15 93 69 90 50 59 61 11 71 48 28 84 92 42 40 64 26 6 97 94 7 27 62 22 47 13 12 68 57 32 25 66 55 14 5 30 77 95 87 4 39 49 9 78
best 451375
time 950255 ms
seed 0
