jobs 100
mach 20
init 0 48 27 22 26 72 92 63 67 16 99 37 87 52 50 41 47 68 34 12 23 97 93 88 70 86 91 30 24 6 51 5 89 32 100 98 61 13 33 25 54 55 96 1 39 17 94 43 84 80 36 18 45 46 69 20 83 10 71 4 2 73 42 95 3 82 35 49 15 75 21 60 85 90 78 74 79 40 29 7 9 76 56 57 31 53 65 62 11 81 64 19 66 59 28 14 77 44 38 8 58
best 380507
best 371688 step 1 time 1105 ms
best 370514 step 2 time 1242 ms
best 367931 step 3 time 1551 ms
best 363907 step 6 time 2261 ms
best 363711 step 7 time 2533 ms
best 363650 step 10 time 3061 ms
best 363121 step 11 time 3222 ms
best 360871 step 19 time 5680 ms
best 360413 step 21 time 6411 ms
best 358944 step 104 time 27625 ms
best 358380 step 105 time 27874 ms
best 358149 step 109 time 28668 ms
best 355084 step 300 time 76956 ms
best 354951 step 664 time 171004 ms
best 352839 step 665 time 171327 ms
done 0 48 27 22 26 13 72 92 80 63 99 67 87 41 50 37 88 97 68 16 12 55 93 70 86 47 91 98 25 61 23 30 34 6 89 33 96 52 100 51 21 39 71 94 17 43 32 84 54 20 36 18 69 10 1 24 46 45 2 83 82 75 73 79 95 15 42 35 49 62 85 76 7 4 29 5 60 3 90 31 53 56 78 9 11 57 40 81 74 65 64 14 19 66 59 28 38 8 44 58 77
best 352839
time 950024 ms
seed 0
