jobs 100
mach 20
init 0 26 18 24 12 90 86 72 69 80 82 52 64 29 33 61 63 54 79 42 14 65 53 25 49 7 88 78 57 11 77 100 99 9 13 56 92 81 5 40 3 59 8 89 43 6 68 97 84 95 28 85 73 44 45 30 93 17 71 87 4 50 37 1 20 15 39 67 38 96 55 46 51 58 23 19 10 27 98 31 47 66 83 60 94 32 76 16 70 41 62 75 21 2 48 34 36 91 22 35 74
best 559476
best 547694 step 1 time 954 ms
best 542994 step 2 time 1432 ms
best 540435 step 3 time 1698 ms
best 540253 step 4 time 1897 ms
best 537911 step 7 time 2629 ms
best 536202 step 8 time 2968 ms
best 531861 step 11 time 3895 ms
best 527896 step 12 time 4099 ms
best 526934 step 16 time 5041 ms
best 526049 step 68 time 18165 ms
best 524608 step 70 time 18628 ms
best 522730 step 264 time 68410 ms
best 522265 step 265 time 68682 ms
best 521250 step 468 time 123234 ms
best 521108 step 523 time 137237 ms
best 520354 step 791 time 204662 ms
best 518883 step 1833 time 476852 ms
done 0 33 26 24 12 78 86 52 14 72 29 80 64 69 11 82 53 61 63 97 42 54 79 18 17 57 49 7 90 25 13 56 89 19 92 77 5 9 6 88 15 100 59 99 68 81 50 8 43 28 4 73 84 3 95 45 40 44 55 46 93 85 37 1 20 30 71 58 23 96 39 67 27 16 38 51 87 83 47 66 76 65 70 62 60 98 94 10 75 31 41 32 48 34 36 91 21 35 2 22 74
best 518883
time 950035 ms
seed 0
