jobs 100
mach 20
init 0 66 73 17 48 79 41 51 67 13 70 80 37 92 86 38 54 74 24 87 23 82 91 42 22 69 9 77 35 12 63 52 100 94 34 16 65 58 64 61 28 72 4 20 19 93 1 33 84 60 56 43 27 6 7 96 14 78 83 59 68 50 89 3 31 81 39 76 88 55 95 75 53 45 29 30 47 62 98 49 36 85 15 44 11 97 99 25 46 32 40 21 71 57 8 26 90 2 5 18 10
best 517090
best 515144 step 6 time 2372 ms
best 512073 step 7 time 2502 ms
best 508883 step 13 time 3984 ms
best 502997 step 14 time 4465 ms
best 501873 step 16 time 4833 ms
best 498531 step 17 time 5240 ms
best 497909 step 29 time 7714 ms
best 496186 step 30 time 8096 ms
best 492190 step 38 time 10458 ms
best 491816 step 44 time 12018 ms
best 491741 step 45 time 12318 ms
best 491339 step 75 time 20054 ms
best 490044 step 76 time 20418 ms
best 487759 step 134 time 35611 ms
best 487011 step 161 time 41527 ms
best 486816 step 171 time 44751 ms
best 486555 step 194 time 50947 ms
best 486418 step 195 time 51213 ms
best 484411 step 208 time 53762 ms
best 483783 step 209 time 54328 ms
best 483001 step 210 time 54600 ms
best 482718 step 255 time 65515 ms
best 481329 step 735 time 185706 ms
best 481289 step 736 time 185921 ms
best 480624 step 1047 time 267366 ms
best 480601 step 1541 time 390662 ms
best 480553 step 1542 time 390948 ms
best 478892 step 1555 time 394027 ms
best 477871 step 2020 time 507849 ms
done 0 61 13 41 17 77 79 51 58 37 92 66 38 70 80 23 54 74 22 24 67 82 12 87 9 35 86 63 91 69 34 16 94 65 56 19 52 14 72 4 64 20 33 42 1 7 84 89 31 49 88 6 60 96 76 100 43 27 68 47 93 50 73 28 78 48 45 53 55 95 83 59 39 29 97 3 62 81 25 99 75 36 30 98 44 46 2 11 71 15 32 40 57 21 85 8 26 90 5 18 10
best 477871
time 950086 ms
seed 0
