jobs 50
mach 20
init 0 6 41 26 40 29 25 33 48 24 1 10 32 44 27 13 12 23 28 21 34 11 3 31 19 42 22 37 15 17 4 2 5 36 35 30 50 16 39 38 49 46 45 8 20 7 43 9 18 14 47
best 24620
best 24540 step 1 time 35 ms
best 20270 step 2 time 91 ms
best 20082 step 5 time 162 ms
best 20058 step 12 time 293 ms
best 20017 step 17 time 416 ms
best 18336 step 32 time 757 ms
best 18082 step 33 time 792 ms
best 18070 step 38 time 884 ms
best 17977 step 1132 time 22395 ms
best 17938 step 1133 time 22412 ms
best 17839 step 2346 time 46309 ms
best 17759 step 28288 time 559457 ms
done 0 6 40 29 25 41 10 33 26 1 24 32 48 44 27 28 42 13 12 23 21 34 11 3 17 37 38 22 19 5 31 15 36 50 16 4 35 2 30 39 18 46 45 20 8 14 43 9 7 49 47
best 17759
time 950009 ms
seed 0
