jobs 50
mach 20
init 0 46 16 38 35 47 31 43 32 42 20 21 26 12 11 36 48 33 45 6 44 25 23 10 9 40 14 17 28 50 15 7 2 18 8 3 13 1 41 49 27 22 37 39 4 29 19 5 24 34 30
best 26329
best 26051 step 1 time 54 ms
best 24918 step 3 time 105 ms
best 24877 step 8 time 201 ms
best 24834 step 24 time 504 ms
best 24472 step 50 time 1073 ms
best 24314 step 54 time 1173 ms
best 24084 step 76 time 1612 ms
best 23770 step 80 time 1685 ms
done 0 46 43 16 35 38 47 32 42 20 31 48 21 33 12 26 11 36 45 28 6 44 17 10 9 14 23 19 25 7 40 15 2 8 18 50 13 41 49 39 22 27 1 4 29 37 3 24 34 30 5
best 23770
time 950011 ms
seed 0
