jobs 50
mach 20
init 0 33 21 10 12 27 16 30 40 42 17 4 18 24 2 36 1 5 22 37 45 13 41 29 38 34 46 7 6 15 43 28 47 23 20 50 3 35 39 25 11 44 9 49 8 19 31 26 14 32 48
best 21256
best 20939 step 1 time 72 ms
best 20370 step 6 time 177 ms
best 20160 step 8 time 226 ms
best 19402 step 18 time 441 ms
best 18340 step 29 time 671 ms
best 18281 step 125 time 2717 ms
best 17721 step 136 time 2918 ms
best 17238 step 1339 time 27944 ms
best 17201 step 2179 time 44806 ms
done 0 33 16 40 26 17 42 10 12 4 2 18 24 27 30 21 5 22 36 1 37 45 41 46 29 7 13 39 38 34 6 15 43 47 28 23 20 11 35 3 19 25 44 50 32 49 9 8 31 14 48
best 17201
time 950017 ms
seed 0
