jobs 60
mach 20
init 0 22 7 17 34 47 40 6 12 20 39 11 9 49 29 60 1 26 16 27 59 5 38 23 51 19 58 15 4 14 33 45 46 30 28 8 53 56 2 18 35 10 36 54 3 55 31 44 32 25 43 57 37 13 52 24 21 41 42 48 50
best 143823
best 143500 step 1 time 133 ms
best 140927 step 8 time 411 ms
best 140799 step 10 time 485 ms
best 139956 step 13 time 585 ms
best 137826 step 14 time 652 ms
best 135677 step 18 time 755 ms
best 135392 step 40 time 1528 ms
best 132825 step 48 time 1816 ms
best 132626 step 50 time 1904 ms
best 132000 step 246 time 8658 ms
best 130187 step 260 time 9153 ms
best 129941 step 3572 time 123689 ms
best 129899 step 3579 time 123937 ms
best 129832 step 3582 time 124083 ms
best 129401 step 5203 time 178527 ms
done 0 22 17 39 47 34 6 27 40 60 49 20 11 7 26 12 1 53 29 9 30 19 16 59 56 23 35 38 14 36 4 58 33 45 15 2 8 46 28 55 31 18 10 54 5 51 3 13 52 44 43 37 57 32 25 41 21 42 24 50 48
best 129401
time 950046 ms
seed 0
