jobs 70
mach 20
init 0 23 12 29 22 27 44 50 54 36 64 63 61 66 51 38 24 34 8 20 53 45 32 41 67 11 6 25 3 65 9 46 16 48 68 43 26 33 13 2 31 49 57 58 40 70 19 7 39 56 37 52 42 18 28 4 47 1 62 60 21 30 5 10 55 35 14 59 15 69 17
best 176465
best 174818 step 5 time 594 ms
best 174397 step 6 time 645 ms
best 169334 step 7 time 788 ms
best 168013 step 11 time 1007 ms
best 167767 step 12 time 1068 ms
best 167549 step 13 time 1150 ms
best 165508 step 59 time 5133 ms
best 164907 step 120 time 10090 ms
best 164901 step 316 time 26563 ms
best 163521 step 318 time 26730 ms
best 163382 step 363 time 30315 ms
best 162540 step 364 time 30375 ms
best 161656 step 1516 time 121713 ms
best 160542 step 1541 time 123678 ms
best 159871 step 1542 time 123786 ms
best 159799 step 1543 time 123837 ms
best 159586 step 10343 time 832049 ms
done 0 23 12 22 67 36 24 50 27 38 32 29 64 66 51 8 61 13 25 9 34 3 44 16 41 65 53 48 63 37 45 11 6 43 2 54 68 26 58 42 20 31 33 46 19 40 70 56 49 57 1 7 39 52 28 4 47 30 62 10 60 21 5 18 15 14 17 55 59 35 69
best 159586
time 950014 ms
seed 0
