jobs 70
mach 20
init 0 6 62 15 3 57 60 58 43 9 55 18 35 21 70 14 69 11 38 28 56 5 50 42 54 2 64 41 53 44 17 52 13 22 30 59 63 40 31 26 29 32 68 19 34 47 51 20 65 67 4 46 27 24 39 8 1 10 16 25 61 48 45 66 36 33 49 23 37 7 12
best 150253
best 143827 step 1 time 190 ms
best 137542 step 2 time 274 ms
best 137170 step 6 time 550 ms
best 136909 step 7 time 629 ms
best 135348 step 8 time 772 ms
best 133403 step 9 time 853 ms
best 133224 step 10 time 916 ms
best 132062 step 11 time 970 ms
best 130842 step 27 time 2001 ms
best 130645 step 36 time 2589 ms
best 130531 step 42 time 3063 ms
best 127608 step 45 time 3282 ms
best 127227 step 1029 time 64461 ms
best 127190 step 1242 time 78230 ms
best 126873 step 3334 time 211865 ms
best 126621 step 7412 time 471979 ms
best 126533 step 7413 time 472062 ms
best 126250 step 14081 time 893579 ms
done 0 6 54 60 18 35 14 9 3 43 57 62 55 5 21 58 70 11 38 69 64 50 42 13 31 56 8 15 30 53 17 52 44 1 63 2 41 22 29 28 67 40 19 59 32 26 68 47 34 20 24 65 46 45 4 66 36 27 16 25 61 10 51 39 48 33 12 49 23 37 7
best 126250
time 950021 ms
seed 0
