jobs 70
mach 20
init 0 13 53 54 23 56 45 34 26 69 42 49 5 37 17 57 67 60 7 33 11 10 12 52 68 24 22 59 15 44 61 6 32 35 16 21 30 9 8 47 43 70 40 28 25 63 14 65 58 50 19 46 4 41 39 51 55 38 20 64 27 18 31 1 36 62 66 48 29 3 2
best 148501
best 146525 step 20 time 1478 ms
best 145265 step 21 time 1546 ms
best 145018 step 37 time 2383 ms
best 144763 step 58 time 3701 ms
best 144709 step 59 time 3806 ms
best 144170 step 60 time 3878 ms
best 143711 step 64 time 4188 ms
best 143626 step 65 time 4235 ms
best 143458 step 66 time 4305 ms
best 143432 step 161 time 10226 ms
best 143278 step 415 time 26615 ms
best 142767 step 591 time 38455 ms
best 142380 step 592 time 38488 ms
best 142371 step 605 time 39346 ms
best 141654 step 694 time 44974 ms
best 140807 step 768 time 49455 ms
best 139572 step 773 time 49845 ms
best 137970 step 4634 time 307055 ms
best 137936 step 4635 time 307107 ms
done 0 23 56 45 34 13 55 53 15 57 26 5 69 37 42 60 33 17 7 11 52 67 68 44 24 49 22 54 10 16 32 59 6 30 9 12 47 43 8 35 70 40 14 28 63 4 25 58 50 61 65 19 46 41 21 38 39 64 51 18 27 31 20 1 36 62 66 48 29 3 2
best 137936
time 950031 ms
seed 0
