jobs 80
mach 20
init 0 5 9 75 28 48 74 49 60 35 39 7 34 44 25 32 11 10 36 21 18 4 23 31 68 33 1 13 24 62 61 52 12 69 43 64 6 14 73 17 66 22 8 45 57 26 70 16 76 59 46 50 2 51 37 15 42 56 29 80 41 20 30 58 78 55 38 72 47 63 71 79 19 53 65 77 3 54 40 67 27
best 208769
best 196326 step 1 time 402 ms
best 196162 step 8 time 1083 ms
best 193769 step 9 time 1182 ms
best 193695 step 11 time 1478 ms
best 189553 step 56 time 5486 ms
best 188903 step 690 time 66916 ms
best 188837 step 1061 time 103292 ms
best 188786 step 1062 time 103409 ms
best 188643 step 1448 time 140845 ms
best 188628 step 1450 time 140962 ms
best 188440 step 2459 time 243663 ms
best 188353 step 5227 time 522702 ms
best 188040 step 5413 time 541305 ms
best 187547 step 8168 time 817805 ms
done 0 5 9 52 75 28 32 49 60 48 35 39 74 21 18 44 64 61 11 10 31 4 68 36 33 1 13 24 70 59 34 62 25 12 23 69 43 7 14 73 2 45 20 46 26 8 16 17 66 57 6 76 37 30 50 29 51 22 56 80 15 42 58 71 63 55 38 19 41 78 47 65 72 3 79 53 77 40 67 54 27
best 187547
time 950032 ms
seed 0
