jobs 80
mach 20
init 0 68 20 71 46 65 25 76 60 27 22 26 9 14 66 54 24 64 10 70 72 53 43 41 2 39 56 61 47 34 51 13 50 18 38 5 31 17 59 11 33 44 57 49 15 52 16 42 12 80 40 75 45 62 69 35 1 48 23 36 4 30 78 3 37 74 28 6 77 19 67 32 55 8 21 63 58 29 73 79 7
best 245726
best 243184 step 2 time 627 ms
best 242408 step 3 time 701 ms
best 241260 step 4 time 818 ms
best 232698 step 7 time 1303 ms
best 232374 step 8 time 1383 ms
best 232033 step 10 time 1524 ms
best 229377 step 110 time 13212 ms
best 227825 step 112 time 13535 ms
best 227669 step 1653 time 188930 ms
best 227615 step 1654 time 189040 ms
best 227292 step 1655 time 189101 ms
best 226452 step 1718 time 196824 ms
best 226228 step 1720 time 197053 ms
best 225313 step 1721 time 197189 ms
best 225279 step 4812 time 556470 ms
best 225173 step 6031 time 698686 ms
done 0 68 20 71 26 46 54 9 24 75 65 25 76 60 27 22 39 70 43 72 10 14 66 35 42 2 41 61 64 34 56 47 50 38 51 18 31 5 59 11 53 17 57 80 49 52 40 4 33 13 12 45 69 30 15 44 1 23 62 37 16 48 63 74 3 28 6 36 55 78 32 67 77 8 21 19 58 29 73 79 7
best 225173
time 950049 ms
seed 0
