jobs 80
mach 20
init 0 9 5 21 25 53 1 79 72 48 59 18 45 3 2 43 77 44 67 15 69 55 29 76 30 32 4 31 78 11 42 47 73 39 57 16 36 40 74 27 19 50 80 22 75 14 65 71 51 17 12 64 63 28 70 66 52 24 68 60 62 49 26 7 56 46 13 35 41 6 20 33 10 58 34 8 37 23 54 61 38
best 235340
best 234062 step 1 time 348 ms
best 233644 step 4 time 821 ms
best 230359 step 7 time 1256 ms
best 229786 step 8 time 1370 ms
best 229563 step 11 time 1664 ms
best 227832 step 13 time 1822 ms
best 226598 step 15 time 2048 ms
best 221364 step 17 time 2492 ms
best 220568 step 35 time 4225 ms
best 219885 step 36 time 4336 ms
best 219551 step 48 time 5389 ms
best 217055 step 50 time 5551 ms
best 216893 step 612 time 66224 ms
best 215859 step 613 time 66326 ms
best 215403 step 1113 time 119524 ms
best 214666 step 1115 time 119750 ms
best 214202 step 2000 time 213598 ms
best 213792 step 5301 time 569372 ms
best 213165 step 5689 time 610263 ms
best 213155 step 5704 time 611474 ms
best 212992 step 5705 time 611531 ms
best 212877 step 5706 time 611669 ms
best 212304 step 5707 time 611775 ms
done 0 47 5 26 21 72 53 1 15 59 25 48 2 18 45 30 3 28 67 44 31 43 77 76 78 55 4 80 69 79 73 9 29 12 57 63 22 39 16 71 40 19 74 50 11 62 14 32 65 75 51 17 27 41 70 66 36 24 64 68 60 33 42 56 7 52 46 6 13 35 20 10 8 58 34 37 49 23 38 54 61
best 212304
time 950031 ms
seed 0
