jobs 80
mach 20
init 0 19 62 25 41 53 47 12 29 18 71 2 57 17 14 42 50 4 63 38 58 21 65 1 15 73 11 66 37 79 77 23 70 6 13 75 52 3 30 22 76 28 59 74 39 72 61 35 55 54 60 78 26 24 34 40 33 27 67 7 20 36 10 80 64 31 9 49 46 44 8 43 32 69 16 68 5 56 51 45 48
best 277705
best 267215 step 1 time 398 ms
best 266855 step 2 time 502 ms
best 265501 step 3 time 716 ms
best 265239 step 4 time 803 ms
best 260981 step 5 time 951 ms
best 260511 step 7 time 1252 ms
best 257717 step 9 time 1514 ms
best 257579 step 13 time 2117 ms
best 254997 step 14 time 2216 ms
best 254364 step 21 time 3099 ms
best 252487 step 23 time 3429 ms
best 250390 step 29 time 4110 ms
best 249114 step 32 time 4376 ms
best 247255 step 97 time 12144 ms
best 247017 step 100 time 12577 ms
best 246448 step 120 time 14952 ms
best 245477 step 121 time 15058 ms
best 244493 step 123 time 15262 ms
best 243483 step 1905 time 227744 ms
best 243241 step 6403 time 759740 ms
done 0 66 25 19 29 2 18 41 47 57 14 53 17 42 62 12 58 71 50 65 70 38 21 23 4 11 52 22 76 63 79 20 15 37 73 59 6 75 74 72 28 77 30 13 39 26 61 35 55 78 1 33 3 54 60 7 67 24 34 40 10 36 64 31 27 43 46 44 8 32 80 9 49 51 5 69 48 68 56 16 45
best 243241
time 950177 ms
seed 0
