jobs 80
mach 20
init 0 55 1 2 45 13 68 43 9 70 34 71 6 48 72 54 7 74 67 78 47 37 26 50 22 27 17 51 23 53 46 32 29 15 25 39 40 65 33 49 8 61 66 52 35 36 18 4 75 16 60 80 42 21 73 57 5 38 3 58 64 63 14 56 41 79 20 76 77 59 19 31 28 62 30 24 11 69 44 12 10
best 197023
best 186049 step 2 time 904 ms
best 185650 step 6 time 1419 ms
best 184976 step 19 time 3210 ms
best 184914 step 20 time 3306 ms
best 183794 step 34 time 5229 ms
best 183638 step 35 time 5357 ms
best 182785 step 43 time 6280 ms
best 181175 step 44 time 6490 ms
best 180388 step 45 time 6643 ms
best 177415 step 48 time 7073 ms
best 176281 step 49 time 7223 ms
best 175506 step 247 time 29414 ms
best 175317 step 248 time 29487 ms
best 174537 step 953 time 109715 ms
best 173743 step 1116 time 128858 ms
best 173591 step 2463 time 282902 ms
best 172493 step 2464 time 283123 ms
best 172326 step 2467 time 283381 ms
done 0 55 2 1 45 13 43 68 67 71 70 34 6 54 7 74 8 72 47 78 37 50 22 26 32 48 46 23 51 27 29 16 17 53 40 9 35 39 25 65 33 61 4 49 52 15 5 66 75 38 3 60 57 21 36 18 42 58 73 64 56 41 14 79 20 59 19 80 63 76 77 28 24 62 30 11 69 12 10 44 31
best 172326
time 950036 ms
seed 0
