jobs 80
mach 20
init 0 38 56 47 31 59 17 64 32 57 15 72 50 3 60 34 29 67 66 71 18 4 62 7 54 43 21 23 41 52 8 36 49 76 14 69 13 53 44 74 48 30 45 75 2 39 22 55 19 11 25 46 40 58 78 77 28 63 35 42 61 73 68 10 80 33 27 9 20 65 12 16 51 26 24 6 79 1 5 37 70
best 303159
best 302873 step 1 time 359 ms
best 300092 step 2 time 467 ms
best 299452 step 3 time 544 ms
best 295415 step 4 time 652 ms
best 292826 step 8 time 1014 ms
best 291352 step 9 time 1100 ms
best 291033 step 12 time 1276 ms
best 288810 step 13 time 1437 ms
best 287493 step 34 time 3494 ms
best 287246 step 39 time 3938 ms
best 287102 step 40 time 4053 ms
best 286099 step 133 time 13327 ms
best 284906 step 134 time 13424 ms
best 284779 step 135 time 13634 ms
best 284413 step 141 time 14334 ms
best 283359 step 143 time 14491 ms
best 282898 step 3912 time 411485 ms
best 282698 step 3914 time 411709 ms
best 282324 step 8645 time 913825 ms
done 0 38 56 47 57 59 17 50 31 21 32 15 3 60 29 18 67 64 72 54 66 71 4 11 62 41 34 43 74 49 2 8 53 7 23 19 52 13 14 73 36 48 44 30 22 55 45 63 39 58 78 75 46 69 40 35 42 76 68 28 61 80 33 27 25 79 77 20 10 65 16 12 5 24 1 51 6 9 26 37 70
best 282324
time 950080 ms
seed 0
