jobs 80
mach 20
init 0 21 36 25 58 70 66 74 31 68 1 27 4 69 77 3 56 75 23 55 8 17 33 16 20 73 34 49 57 44 5 45 40 11 14 50 18 64 22 65 6 30 79 52 46 19 10 61 7 32 76 62 26 28 51 78 80 63 41 53 48 47 9 12 38 42 29 37 13 35 39 43 60 24 2 71 72 67 59 15 54
best 281668
best 281012 step 1 time 456 ms
best 274869 step 2 time 679 ms
best 274680 step 3 time 826 ms
best 273865 step 5 time 1105 ms
best 273452 step 6 time 1224 ms
best 268541 step 9 time 1728 ms
best 266829 step 10 time 1864 ms
best 265427 step 14 time 2425 ms
best 263792 step 35 time 5110 ms
best 262938 step 42 time 5979 ms
best 262545 step 43 time 6062 ms
best 261519 step 46 time 6358 ms
best 258742 step 210 time 27958 ms
best 257170 step 286 time 37331 ms
best 256400 step 449 time 58884 ms
best 255913 step 1574 time 212296 ms
best 255027 step 3597 time 483863 ms
best 254464 step 6125 time 820140 ms
best 254455 step 6126 time 820209 ms
best 254378 step 6130 time 820872 ms
done 0 21 65 68 1 36 25 58 70 23 4 77 55 74 66 16 31 69 3 40 8 56 75 17 73 27 49 57 20 44 33 53 11 22 34 5 50 46 6 30 45 14 18 19 10 52 79 32 61 80 7 76 62 37 28 12 63 41 51 78 47 29 35 38 64 39 9 2 43 26 42 48 13 71 60 24 72 67 59 15 54
best 254378
time 950079 ms
seed 0
