jobs 90
mach 20
init 0 5 30 13 88 52 65 57 63 44 75 32 80 61 76 66 55 53 7 81 42 1 51 67 60 20 8 64 2 43 4 39 50 31 3 73 87 70 77 46 68 90 24 19 86 22 27 47 12 10 25 40 69 71 78 82 21 11 79 37 72 89 49 16 26 17 56 48 58 15 85 33 36 38 23 28 14 84 74 34 35 62 83 29 59 6 54 9 41 18 45
best 312359
best 308550 step 1 time 469 ms
best 307600 step 2 time 669 ms
best 306309 step 7 time 1560 ms
best 304548 step 11 time 2327 ms
best 304192 step 14 time 2704 ms
best 304184 step 15 time 2776 ms
best 302633 step 16 time 3128 ms
best 296680 step 17 time 3368 ms
best 296429 step 33 time 5935 ms
best 294149 step 34 time 6172 ms
best 291151 step 46 time 8162 ms
best 290708 step 48 time 8518 ms
best 290512 step 2708 time 418758 ms
best 290227 step 2709 time 418867 ms
best 289021 step 2985 time 461069 ms
done 0 5 52 30 88 13 64 65 66 57 44 55 75 53 61 42 1 20 81 76 7 77 67 60 43 2 51 4 63 80 39 32 31 3 50 24 73 22 8 90 87 86 27 19 70 72 46 68 49 25 10 40 69 37 56 47 12 82 78 58 79 85 89 21 33 26 11 17 71 48 83 74 14 36 38 23 28 16 34 15 35 62 84 54 29 59 6 45 9 41 18
best 289021
time 950059 ms
seed 0
