jobs 90
mach 20
init 0 85 7 71 58 49 11 54 12 74 46 3 24 36 21 41 6 29 79 48 38 20 76 28 84 17 44 70 68 83 27 15 43 22 37 87 75 62 34 60 81 26 72 33 57 2 23 31 90 5 25 63 67 61 51 19 47 45 18 69 88 56 80 50 30 13 59 35 10 89 53 16 66 77 73 78 42 8 39 4 82 55 86 14 32 52 1 65 64 40 9
best 435808
best 435026 step 13 time 2420 ms
best 433308 step 15 time 2848 ms
best 431329 step 16 time 3036 ms
best 420247 step 17 time 3237 ms
best 415389 step 22 time 4577 ms
best 407899 step 48 time 8908 ms
best 406061 step 126 time 21727 ms
best 405766 step 451 time 74368 ms
best 405213 step 511 time 83820 ms
best 404606 step 514 time 84174 ms
best 404476 step 517 time 84651 ms
best 403584 step 873 time 138663 ms
best 402320 step 1039 time 165896 ms
best 402254 step 1055 time 168034 ms
best 401654 step 1056 time 168248 ms
best 401080 step 1057 time 168383 ms
best 400904 step 1058 time 168522 ms
best 400692 step 4523 time 730372 ms
best 400282 step 5055 time 816089 ms
done 0 48 49 54 11 46 7 74 58 71 12 24 3 36 21 66 20 6 70 34 41 15 38 85 18 79 28 37 27 44 90 76 31 68 83 43 81 22 17 57 62 61 51 87 75 60 25 84 45 2 72 23 26 50 33 29 30 53 63 35 89 19 56 5 13 69 88 59 47 67 80 16 78 10 39 42 8 73 14 4 82 55 65 77 86 64 40 32 52 1 9
best 400282
time 950092 ms
seed 0
