jobs 90
mach 20
init 0 12 34 7 45 10 70 15 17 6 27 76 61 51 11 60 84 65 32 22 19 56 69 35 58 59 42 13 2 75 67 40 8 1 77 9 52 29 78 30 74 73 71 50 43 79 87 80 54 72 37 16 49 88 90 41 55 24 48 39 46 81 85 66 14 82 89 63 44 23 26 20 31 57 68 53 5 4 25 18 21 36 3 64 62 86 33 38 83 47 28
best 448618
best 447583 step 1 time 657 ms
best 426128 step 2 time 1036 ms
best 422850 step 3 time 1390 ms
best 421076 step 4 time 1561 ms
best 415845 step 5 time 1867 ms
best 412527 step 31 time 7137 ms
best 412440 step 32 time 7267 ms
best 407042 step 38 time 8224 ms
best 406141 step 39 time 8424 ms
best 404390 step 42 time 8846 ms
best 398952 step 1331 time 288818 ms
best 398131 step 1334 time 289174 ms
best 397950 step 1335 time 289308 ms
done 0 12 51 10 61 45 65 11 35 7 58 42 6 27 52 70 15 75 19 84 50 69 17 43 34 59 77 56 32 8 24 16 2 60 29 78 40 68 30 88 73 71 9 74 55 67 87 37 72 76 1 81 54 80 22 49 26 48 85 13 39 46 41 66 44 63 31 89 14 20 79 90 53 86 57 5 4 25 23 33 82 3 18 21 36 64 62 38 83 47 28
best 397950
time 950157 ms
seed 0
