jobs 90
mach 20
init 0 55 16 62 27 89 42 78 90 54 51 10 28 8 64 41 39 73 81 30 53 36 1 2 49 47 29 14 52 63 31 60 57 12 11 48 40 70 71 68 88 32 34 45 25 80 13 26 86 5 77 83 9 74 23 69 58 37 61 82 56 24 65 76 3 4 17 87 35 7 67 33 66 59 85 44 43 15 18 21 79 38 46 84 19 22 6 72 20 50 75
best 418176
best 417639 step 3 time 646 ms
best 415688 step 9 time 1576 ms
best 415468 step 10 time 1679 ms
best 412478 step 13 time 2068 ms
best 412213 step 15 time 2292 ms
best 411185 step 25 time 4341 ms
best 403874 step 57 time 10274 ms
best 402527 step 187 time 32566 ms
best 401834 step 191 time 33140 ms
best 401052 step 195 time 33731 ms
best 399310 step 196 time 33894 ms
best 398386 step 198 time 34279 ms
done 0 55 16 64 51 89 42 28 8 78 90 54 60 10 73 1 71 39 53 27 47 36 34 81 32 2 29 49 63 69 30 14 11 52 70 31 12 57 40 68 48 88 9 5 83 13 80 25 26 37 58 23 62 24 35 86 77 56 4 82 43 41 17 65 66 87 3 74 7 46 76 67 59 44 61 45 21 18 72 79 85 19 15 6 22 84 38 33 20 50 75
best 398386
time 950073 ms
seed 0
