jobs 90
mach 20
init 0 42 69 53 76 30 35 89 4 65 12 25 46 37 44 62 31 88 33 55 80 27 52 73 36 77 5 72 17 6 28 32 81 9 45 1 58 79 14 26 66 3 29 83 70 13 90 85 78 2 87 61 67 64 57 54 43 60 50 7 15 48 39 71 59 34 20 41 24 84 10 63 8 75 51 11 47 74 38 21 82 23 19 16 18 40 68 49 22 86 56
best 365658
best 357361 step 1 time 733 ms
best 354205 step 3 time 1025 ms
best 352936 step 4 time 1186 ms
best 350617 step 5 time 1356 ms
best 349143 step 46 time 8641 ms
best 346172 step 48 time 9083 ms
best 344239 step 49 time 9220 ms
best 343758 step 50 time 9372 ms
best 341685 step 506 time 85124 ms
best 341096 step 509 time 85595 ms
best 341040 step 3720 time 622092 ms
best 340760 step 3788 time 632553 ms
best 338031 step 3794 time 633647 ms
done 0 28 76 42 69 12 30 35 25 46 37 62 65 53 4 31 13 52 89 55 33 80 88 81 27 58 77 32 17 44 36 57 54 67 9 45 1 14 6 64 26 66 3 79 5 72 83 70 50 90 85 78 29 87 2 48 61 73 39 60 15 43 7 34 74 20 41 24 84 10 63 59 21 75 8 51 71 11 47 38 22 19 40 16 86 18 82 23 49 68 56
best 338031
time 950240 ms
seed 0
