jobs 90
mach 20
init 0 20 85 12 57 2 52 33 25 81 78 42 32 54 43 45 10 48 21 24 11 14 5 37 34 71 40 27 50 46 79 88 69 1 4 82 17 18 87 67 70 22 86 31 75 23 28 39 90 6 59 61 26 68 19 29 76 49 63 55 80 58 77 53 15 83 41 73 47 35 89 13 56 72 8 7 62 65 66 44 64 36 16 3 60 84 9 74 38 51 30
best 420865
best 413912 step 1 time 687 ms
best 393227 step 2 time 897 ms
best 392868 step 3 time 1007 ms
best 383080 step 4 time 1267 ms
best 380519 step 6 time 1696 ms
best 376815 step 34 time 6922 ms
best 376694 step 37 time 7414 ms
best 373643 step 39 time 7748 ms
best 373241 step 40 time 7869 ms
best 371859 step 50 time 9625 ms
best 371857 step 52 time 9838 ms
best 370759 step 105 time 19932 ms
best 370667 step 109 time 20620 ms
best 369937 step 1308 time 232719 ms
best 369635 step 2233 time 392993 ms
best 369013 step 2234 time 393225 ms
best 367132 step 2235 time 393386 ms
done 0 52 85 12 57 43 2 33 21 24 20 67 81 27 54 42 22 14 39 5 46 11 88 48 32 87 71 45 34 19 75 23 53 10 78 68 79 25 37 63 31 18 69 17 82 26 40 15 70 29 28 86 13 61 4 1 59 49 90 6 50 58 55 80 56 41 73 47 65 76 77 35 83 66 72 8 36 3 44 89 64 7 62 60 74 16 38 84 51 9 30
best 367132
time 950181 ms
seed 0
