jobs 90
mach 20
init 0 35 81 45 71 32 79 90 43 26 80 34 2 64 13 61 60 63 70 76 29 24 66 75 49 88 48 20 25 1 14 17 62 87 82 89 52 39 47 50 51 8 23 57 58 37 44 15 56 46 27 19 85 77 84 7 73 16 3 28 36 30 10 41 72 86 74 53 6 21 42 9 38 55 83 11 5 68 18 78 33 40 4 67 65 69 54 22 59 31 12
best 390114
best 386904 step 1 time 741 ms
best 384559 step 6 time 1766 ms
best 370135 step 7 time 2200 ms
best 369582 step 9 time 2426 ms
best 365527 step 10 time 2673 ms
best 361153 step 13 time 3433 ms
best 357237 step 14 time 3691 ms
best 355487 step 182 time 42555 ms
best 354123 step 183 time 42876 ms
best 353844 step 184 time 43119 ms
best 353553 step 185 time 43243 ms
best 350058 step 339 time 76389 ms
done 0 35 46 45 26 32 75 90 43 80 50 71 63 60 79 1 64 13 61 70 66 39 29 24 44 17 82 20 49 5 88 25 41 77 37 47 8 51 52 87 23 57 62 48 19 85 3 58 36 2 7 15 56 72 84 27 76 30 74 73 14 34 86 10 89 28 53 21 16 55 83 11 68 38 42 40 6 33 9 4 67 78 18 81 69 54 65 59 31 22 12
best 350058
time 950042 ms
seed 0
