jobs 90
mach 20
init 0 36 78 75 55 60 72 83 15 6 34 11 56 71 57 88 61 87 66 51 12 35 39 82 84 21 67 46 17 58 20 50 13 10 44 52 90 33 42 80 26 4 48 2 65 69 28 32 77 31 89 27 14 54 53 8 23 63 29 3 37 16 22 86 30 49 62 85 76 81 25 79 41 73 24 38 43 45 47 7 68 40 19 74 9 18 64 5 1 70 59
best 335055
best 334329 step 2 time 811 ms
best 332335 step 4 time 1117 ms
best 329743 step 19 time 3778 ms
best 328939 step 21 time 3993 ms
best 323722 step 22 time 4202 ms
best 323485 step 23 time 4322 ms
best 321604 step 31 time 5795 ms
best 320007 step 32 time 5952 ms
best 319985 step 36 time 6694 ms
best 319077 step 48 time 8712 ms
best 318372 step 49 time 8783 ms
best 314877 step 53 time 9593 ms
best 314255 step 82 time 14439 ms
best 312533 step 83 time 14606 ms
best 311938 step 85 time 14913 ms
best 311895 step 88 time 15365 ms
best 309793 step 662 time 113472 ms
best 309565 step 1274 time 215106 ms
done 0 12 60 72 82 78 6 66 15 8 71 11 56 34 88 61 55 87 83 46 51 21 75 57 52 67 35 50 13 39 31 32 44 42 26 2 20 90 58 53 48 28 4 33 10 22 69 77 54 84 29 65 37 27 89 3 17 80 14 63 16 86 30 85 49 36 76 79 25 41 18 23 73 81 7 62 68 5 43 47 24 38 45 19 64 59 70 1 9 40 74
best 309565
time 950006 ms
seed 0
