jobs 90
mach 20
init 0 23 12 1 46 80 55 9 7 78 81 16 27 44 53 57 61 65 56 17 43 63 18 42 85 58 37 82 84 76 11 31 10 60 35 49 36 2 6 83 45 77 14 39 33 52 3 47 71 59 75 64 66 51 50 73 48 8 70 90 26 62 25 32 4 24 67 19 68 74 28 88 13 5 38 15 34 86 87 69 21 20 89 30 29 41 22 54 72 79 40
best 355554
best 355011 step 1 time 454 ms
best 353493 step 4 time 1149 ms
best 346550 step 5 time 1435 ms
best 345106 step 9 time 2164 ms
best 344416 step 10 time 2334 ms
best 343474 step 11 time 2541 ms
best 337104 step 12 time 2725 ms
best 336225 step 157 time 26863 ms
best 335877 step 173 time 29138 ms
best 330896 step 177 time 29881 ms
best 329943 step 178 time 30030 ms
best 329421 step 191 time 32418 ms
best 329290 step 281 time 48291 ms
best 328041 step 474 time 79111 ms
best 325648 step 536 time 88683 ms
best 324277 step 539 time 89462 ms
done 0 23 66 78 12 85 1 55 9 65 61 7 81 44 53 16 64 26 57 82 80 17 56 11 6 27 42 63 60 36 43 37 84 76 10 31 2 49 83 35 33 46 45 3 18 58 77 32 50 39 52 75 70 8 47 67 73 24 71 59 90 48 13 62 19 4 14 74 28 25 68 87 5 86 88 89 51 38 34 41 21 69 30 29 20 15 22 54 72 79 40
best 324277
time 950074 ms
seed 0
