jobs 90
mach 20
init 0 9 75 89 53 1 49 55 83 26 28 20 70 68 39 35 8 72 54 40 59 18 45 77 87 85 21 52 36 74 73 42 64 29 25 13 63 4 48 14 17 7 6 57 30 50 67 43 88 65 86 27 22 38 32 33 62 23 66 16 31 19 60 82 44 69 41 81 5 34 79 12 51 47 61 10 24 84 78 3 80 76 37 71 11 15 90 2 46 56 58
best 430083
best 410430 step 1 time 519 ms
best 410299 step 2 time 640 ms
best 406559 step 5 time 1239 ms
best 405131 step 10 time 2039 ms
best 402912 step 11 time 2203 ms
best 400365 step 18 time 3350 ms
best 399938 step 19 time 3443 ms
best 399231 step 22 time 4022 ms
best 395341 step 29 time 5150 ms
best 392900 step 30 time 5256 ms
best 392042 step 43 time 7481 ms
best 390620 step 55 time 9294 ms
best 389446 step 57 time 9587 ms
best 388833 step 59 time 9902 ms
best 386716 step 60 time 10152 ms
best 386094 step 273 time 46257 ms
best 382041 step 458 time 78057 ms
best 381270 step 780 time 135061 ms
best 380869 step 2123 time 363753 ms
done 0 26 9 53 1 73 75 20 83 59 64 55 18 28 49 35 70 72 39 45 30 40 68 8 43 77 44 69 29 89 13 7 25 63 52 54 17 16 42 85 87 86 14 32 21 6 50 57 4 74 67 65 48 31 66 62 88 23 36 38 84 60 27 19 34 41 22 33 3 10 80 12 82 5 79 81 47 24 61 78 51 11 15 76 37 90 56 46 71 58 2
best 380869
time 950101 ms
seed 0
