jobs 100
mach 20
init 0 27 86 22 26 92 63 97 87 50 67 37 1 68 99 88 41 34 72 12 23 24 91 47 55 80 5 13 93 25 33 61 30 89 70 51 54 35 96 100 17 39 43 32 16 21 84 98 36 18 71 69 94 2 45 83 6 82 52 20 3 10 46 73 29 75 95 15 79 4 85 48 56 42 53 62 9 76 78 90 7 49 81 74 60 65 11 64 40 19 66 57 59 31 38 28 8 77 44 14 58
best 396353
best 386311 step 1 time 853 ms
best 383987 step 2 time 1050 ms
best 377342 step 3 time 1416 ms
best 371471 step 4 time 1750 ms
best 368269 step 14 time 4407 ms
best 367802 step 16 time 5035 ms
best 362121 step 17 time 5394 ms
best 362120 step 98 time 27591 ms
best 359982 step 109 time 30443 ms
best 358265 step 288 time 78606 ms
best 357998 step 300 time 81976 ms
best 357329 step 493 time 135167 ms
best 356643 step 565 time 153795 ms
best 356287 step 1026 time 275293 ms
best 355202 step 1032 time 277054 ms
best 352773 step 1037 time 278099 ms
best 352719 step 1038 time 278247 ms
best 352487 step 1039 time 278410 ms
best 352379 step 1040 time 278620 ms
best 349786 step 2472 time 656157 ms
best 348348 step 2473 time 656418 ms
best 347634 step 2474 time 656625 ms
done 0 72 22 26 92 63 80 97 27 67 87 50 16 41 5 88 68 34 70 99 86 93 47 12 94 6 98 37 13 25 33 91 24 61 30 89 23 96 39 100 51 69 55 71 43 32 17 84 54 20 36 18 42 45 46 35 75 83 82 52 10 1 2 73 95 21 15 79 49 62 4 85 90 76 7 29 3 57 31 48 56 53 11 9 78 74 59 60 64 19 81 40 66 28 65 38 44 58 14 77 8
best 347634
time 950087 ms
seed 21
