jobs 100
mach 20
init 0 23 62 45 37 80 34 75 16 17 21 60 98 52 9 27 1 32 25 71 29 19 87 68 12 44 88 84 95 61 79 50 18 42 11 55 40 73 85 66 2 64 90 39 22 51 69 86 83 70 26 59 97 58 82 76 77 6 81 5 65 41 30 53 56 36 49 94 89 99 24 63 31 78 10 47 67 54 33 14 20 13 92 35 91 100 15 3 74 96 28 8 46 4 93 7 48 57 72 38 43
best 572438
best 572297 step 1 time 754 ms
best 567293 step 2 time 1034 ms
best 562306 step 3 time 1247 ms
best 554277 step 4 time 1470 ms
best 549663 step 6 time 2115 ms
best 549338 step 7 time 2299 ms
best 549113 step 9 time 3042 ms
best 546345 step 23 time 6892 ms
best 545607 step 33 time 9716 ms
best 543765 step 36 time 10276 ms
best 542503 step 57 time 15858 ms
best 536782 step 60 time 16669 ms
best 535686 step 198 time 51852 ms
best 534600 step 797 time 205238 ms
best 533650 step 800 time 205916 ms
best 531608 step 2788 time 724675 ms
best 529874 step 2793 time 726124 ms
best 529852 step 2985 time 776706 ms
done 0 23 62 1 45 17 75 37 21 80 52 32 55 16 25 34 71 27 40 19 60 61 29 98 77 12 44 42 66 88 87 79 81 82 84 11 50 18 39 69 85 9 51 70 26 94 59 68 22 76 90 73 10 86 2 53 49 65 64 5 47 83 58 78 97 56 36 6 95 91 30 67 89 15 99 24 63 31 33 8 14 54 20 100 13 92 74 41 7 35 96 46 72 3 28 4 93 43 57 38 48
best 529852
time 950304 ms
seed 21
