jobs 100
mach 20
init 0 56 64 57 62 14 46 66 74 94 16 83 81 3 38 10 15 29 97 71 68 91 75 11 23 84 96 24 27 41 25 39 33 52 54 19 100 21 98 70 26 6 49 92 67 80 18 43 63 13 82 55 9 69 93 4 59 36 77 50 42 1 51 88 17 30 12 34 76 35 73 61 79 95 78 31 2 58 32 37 8 7 72 5 86 60 53 20 45 48 87 90 44 40 65 85 28 89 99 22 47
best 627682
best 610234 step 1 time 1013 ms
best 600208 step 3 time 1652 ms
best 593206 step 16 time 5425 ms
best 590584 step 17 time 5831 ms
best 587741 step 19 time 6276 ms
best 583407 step 22 time 7008 ms
best 577154 step 78 time 20716 ms
best 572405 step 79 time 20962 ms
best 571643 step 2352 time 611457 ms
done 0 56 62 55 3 16 94 24 74 66 57 14 81 83 10 71 80 39 46 15 11 96 64 68 91 29 23 97 93 26 27 33 38 98 52 70 25 41 54 76 49 19 100 30 12 92 18 13 6 75 9 34 4 36 63 73 77 69 88 67 82 61 95 51 1 84 21 43 42 17 78 79 2 35 32 59 58 50 53 31 45 48 87 5 44 86 72 7 37 8 28 60 40 20 22 90 65 85 89 99 47
best 571643
time 950019 ms
seed 21
