jobs 100
mach 20
init 0 69 86 48 25 100 99 45 38 96 19 75 65 4 97 63 51 9 77 64 21 23 49 92 6 68 39 73 52 29 16 87 71 47 24 35 98 32 95 70 1 42 62 50 66 37 17 22 31 59 89 85 94 44 79 91 93 41 82 11 7 34 14 67 18 36 83 3 13 27 60 30 2 20 88 72 84 53 90 8 15 76 61 78 12 80 56 26 55 5 40 33 46 10 54 43 58 28 81 74 57
best 513764
best 513392 step 1 time 776 ms
best 512366 step 2 time 1066 ms
best 502220 step 3 time 1298 ms
best 499477 step 5 time 1937 ms
best 497219 step 7 time 2586 ms
best 494367 step 9 time 2896 ms
best 493386 step 10 time 3249 ms
best 490752 step 12 time 3613 ms
best 485279 step 13 time 3854 ms
best 484815 step 14 time 4025 ms
best 484586 step 19 time 5736 ms
best 481467 step 23 time 6795 ms
best 479189 step 27 time 7956 ms
best 477180 step 32 time 9151 ms
best 476832 step 33 time 9517 ms
best 475256 step 35 time 9986 ms
best 473127 step 36 time 10438 ms
best 470800 step 52 time 14474 ms
best 467596 step 74 time 19413 ms
best 466728 step 1140 time 300449 ms
best 465096 step 1927 time 505889 ms
best 464759 step 1928 time 506010 ms
best 462027 step 2472 time 642840 ms
best 460168 step 2473 time 643182 ms
best 457188 step 2474 time 643388 ms
best 456114 step 2475 time 643570 ms
done 0 31 75 25 1 92 4 48 38 97 73 23 19 21 65 99 9 45 63 64 100 22 77 51 87 24 52 16 35 96 39 29 6 86 82 32 83 95 70 49 60 68 50 89 66 59 44 94 79 37 36 93 17 91 85 3 34 14 41 71 11 98 47 7 2 15 13 42 62 18 88 72 84 53 20 90 12 30 55 78 76 61 40 80 33 8 67 27 56 26 54 46 10 43 69 5 81 58 28 74 57
best 456114
time 950256 ms
seed 21
