jobs 100
mach 20
init 0 16 30 61 37 48 92 78 71 63 27 17 38 54 68 25 62 44 8 79 3 94 1 81 34 82 24 33 42 41 5 64 80 47 70 2 97 39 55 40 95 32 53 65 73 50 6 87 77 67 43 83 11 14 75 69 10 45 28 19 72 35 76 100 21 58 46 86 98 15 49 52 74 60 31 90 93 51 88 4 84 56 23 26 20 18 22 29 7 13 85 89 36 96 99 57 12 66 91 59 9
best 555951
best 551324 step 1 time 1034 ms
best 550750 step 2 time 1189 ms
best 546413 step 3 time 1650 ms
best 543513 step 8 time 3055 ms
best 542480 step 11 time 3790 ms
best 541455 step 12 time 3979 ms
best 533112 step 13 time 4492 ms
best 530765 step 16 time 5381 ms
best 529926 step 30 time 9277 ms
best 525023 step 33 time 10246 ms
best 524159 step 53 time 16046 ms
best 520393 step 54 time 16412 ms
best 519246 step 467 time 150066 ms
best 517135 step 468 time 150628 ms
best 516000 step 1131 time 358400 ms
best 515324 step 1460 time 461129 ms
done 0 16 33 27 17 61 37 25 95 54 78 71 68 80 24 73 19 40 2 45 79 94 63 44 8 55 42 38 5 81 41 1 32 70 64 62 47 97 39 65 53 77 67 34 50 6 83 14 75 10 43 92 35 90 87 69 3 46 82 76 49 86 28 31 15 60 100 30 11 58 52 72 21 98 93 7 84 88 4 56 74 26 48 20 29 85 23 18 51 89 22 96 12 13 36 99 57 59 66 9 91
best 515324
time 950122 ms
seed 21
