jobs 100
mach 20
init 0 35 61 38 22 99 21 26 29 16 40 25 55 89 36 2 30 37 86 95 83 15 11 80 96 69 31 81 17 85 75 1 8 59 79 14 23 92 47 13 3 32 50 53 90 27 94 56 41 51 100 87 19 10 24 63 91 28 68 54 4 7 34 44 97 33 45 67 78 65 74 18 5 72 70 93 48 77 43 57 58 66 98 46 49 73 20 62 6 84 39 71 42 60 88 82 76 64 52 9 12
best 473791
best 466833 step 1 time 810 ms
best 461454 step 2 time 1070 ms
best 459898 step 5 time 1859 ms
best 454718 step 8 time 2366 ms
best 454386 step 10 time 2687 ms
best 451801 step 11 time 2924 ms
best 448857 step 12 time 3313 ms
best 447651 step 17 time 4852 ms
best 445528 step 29 time 8406 ms
best 444742 step 30 time 8712 ms
best 444373 step 34 time 9507 ms
best 442384 step 35 time 9717 ms
best 439978 step 38 time 10396 ms
best 437880 step 39 time 10812 ms
best 435296 step 40 time 11145 ms
best 434805 step 794 time 206356 ms
best 434389 step 1517 time 390164 ms
best 433651 step 2891 time 745903 ms
done 0 98 22 99 21 26 25 2 89 29 61 36 38 95 30 55 17 35 15 69 13 83 11 96 85 1 8 32 50 53 66 14 80 91 75 31 40 79 47 23 92 19 63 90 10 87 94 27 3 24 18 37 16 81 41 68 56 51 28 59 44 54 65 67 72 57 100 33 4 86 77 97 45 43 70 7 78 58 48 46 34 74 49 93 5 73 6 60 20 62 64 52 42 88 39 76 71 9 84 82 12
best 433651
time 950159 ms
seed 21
