jobs 100
mach 20
init 0 63 52 51 23 100 24 53 16 58 36 35 70 19 98 54 91 56 38 31 96 88 34 3 67 33 37 74 81 10 73 85 65 79 61 80 99 17 8 69 75 45 20 21 97 86 44 89 2 43 46 18 1 82 47 15 90 71 83 29 93 76 50 59 60 72 41 26 48 22 42 11 27 28 84 92 62 57 94 64 6 40 7 14 12 30 68 13 95 66 87 32 25 5 4 39 55 77 49 9 78
best 476865
best 476339 step 1 time 1035 ms
best 475546 step 3 time 1390 ms
best 471350 step 6 time 2179 ms
best 469152 step 8 time 2825 ms
best 468601 step 11 time 3738 ms
best 465679 step 12 time 4045 ms
best 460596 step 15 time 5559 ms
best 460200 step 22 time 7612 ms
best 459933 step 23 time 7803 ms
best 459703 step 24 time 8042 ms
best 457322 step 28 time 9206 ms
best 457096 step 35 time 11534 ms
best 456298 step 204 time 66289 ms
best 454749 step 835 time 267674 ms
best 452552 step 1552 time 499071 ms
best 452127 step 1553 time 499309 ms
best 451767 step 1558 time 501229 ms
best 451632 step 1559 time 501439 ms
best 450264 step 1560 time 501790 ms
done 0 52 73 100 16 23 51 18 24 53 58 35 19 70 98 34 10 8 54 1 38 88 31 81 96 3 63 44 56 74 45 20 21 37 67 33 91 79 65 17 99 85 75 80 69 90 43 82 86 83 61 89 2 76 41 46 71 50 36 29 15 93 28 72 42 11 92 60 48 94 26 47 57 59 97 22 84 68 40 13 32 62 64 6 14 12 30 25 66 55 27 95 4 7 77 39 49 87 5 78 9
best 450264
time 950168 ms
seed 21
