jobs 100
mach 20
init 0 61 48 77 79 38 17 67 74 47 13 41 58 70 24 89 37 51 87 23 54 80 12 16 92 91 69 14 35 94 20 34 7 63 65 86 64 82 84 9 19 52 4 33 76 72 31 22 42 1 60 56 49 6 100 88 73 28 43 27 68 50 93 96 66 95 83 59 39 85 78 3 62 99 45 29 98 55 75 36 81 53 44 15 71 11 25 97 30 2 90 32 46 40 57 21 26 18 8 10 5
best 515035
best 513805 step 1 time 637 ms
best 511899 step 2 time 857 ms
best 511858 step 3 time 929 ms
best 494314 step 4 time 1231 ms
best 493109 step 5 time 1439 ms
best 489440 step 6 time 1733 ms
best 486700 step 18 time 5801 ms
best 484977 step 106 time 29123 ms
best 483557 step 201 time 53848 ms
best 479858 step 235 time 61783 ms
best 479765 step 237 time 62175 ms
best 479294 step 930 time 239169 ms
done 0 61 13 41 17 77 79 51 58 74 67 38 37 92 23 70 54 80 86 24 82 35 42 22 83 12 63 87 91 69 9 52 34 16 94 64 65 14 72 1 4 56 20 33 84 19 31 89 7 6 66 60 96 76 100 43 27 62 68 50 73 28 78 53 95 39 93 48 88 59 81 49 29 47 25 30 97 3 45 55 99 15 85 36 98 44 46 75 11 71 21 26 32 40 57 90 2 8 5 18 10
best 479294
time 950068 ms
seed 21
