jobs 100
mach 20
init 0 26 24 52 64 78 18 72 86 82 69 80 97 61 29 43 33 11 63 54 65 12 89 42 25 7 49 57 17 88 9 56 99 13 77 68 79 5 59 19 40 100 92 53 28 50 73 84 8 20 45 44 95 4 93 1 81 6 85 38 51 37 90 39 3 67 27 30 71 96 16 55 14 58 87 47 23 46 83 94 15 66 70 10 98 60 76 32 41 62 75 31 36 91 48 34 21 35 2 22 74
best 557221
best 542342 step 1 time 754 ms
best 539750 step 6 time 2031 ms
best 539401 step 7 time 2478 ms
best 534681 step 17 time 5249 ms
best 534069 step 42 time 11577 ms
best 532698 step 54 time 14179 ms
best 531584 step 70 time 18749 ms
best 530963 step 83 time 22143 ms
best 528342 step 85 time 22535 ms
best 526875 step 87 time 22998 ms
best 526107 step 350 time 89011 ms
best 525757 step 384 time 96999 ms
best 525599 step 399 time 100551 ms
best 525136 step 406 time 102373 ms
best 524918 step 407 time 102745 ms
best 524871 step 419 time 105760 ms
best 524758 step 637 time 162701 ms
best 523739 step 936 time 241113 ms
best 519355 step 1083 time 280279 ms
best 519271 step 2343 time 600737 ms
best 519231 step 2347 time 601657 ms
best 519181 step 2356 time 604130 ms
best 517545 step 2357 time 604735 ms
done 0 33 26 24 52 78 86 14 12 82 29 18 72 69 64 11 57 80 63 54 89 39 42 7 90 20 79 25 61 17 49 53 13 77 56 92 5 97 40 99 9 68 88 93 59 4 28 15 100 50 1 43 8 73 84 6 95 85 44 45 65 55 30 71 38 37 23 3 87 58 19 10 81 46 83 32 96 67 27 16 51 47 66 98 60 94 62 76 75 70 31 36 22 41 48 34 21 35 91 74 2
best 517545
time 950163 ms
seed 21
