jobs 100
mach 20
init 0 67 75 71 11 94 60 86 20 16 4 92 56 2 83 54 13 10 53 64 44 65 17 33 23 100 82 58 59 36 47 91 76 46 21 89 25 95 43 81 69 32 74 49 84 52 55 6 37 38 1 41 73 57 15 98 12 78 99 63 97 96 40 39 26 34 8 30 70 42 35 45 85 62 18 29 14 51 27 19 66 31 7 50 3 24 80 68 22 90 28 61 9 93 5 87 79 72 48 77 88
best 477735
best 477168 step 1 time 700 ms
best 475529 step 2 time 929 ms
best 467261 step 4 time 1290 ms
best 466449 step 24 time 7173 ms
best 465622 step 32 time 9523 ms
best 461791 step 72 time 20306 ms
best 459520 step 88 time 24903 ms
best 459086 step 89 time 25062 ms
best 457234 step 106 time 29010 ms
best 456503 step 685 time 184034 ms
best 455718 step 1175 time 313870 ms
best 454982 step 1179 time 315205 ms
best 454055 step 1785 time 475089 ms
best 453095 step 2036 time 541612 ms
best 452272 step 2037 time 542063 ms
done 0 67 75 71 11 16 4 92 56 94 54 53 2 41 60 83 86 20 100 65 76 33 17 59 91 58 23 10 64 82 21 46 73 13 36 89 25 47 32 95 43 97 69 49 84 55 96 1 30 6 37 39 98 12 38 74 99 44 78 15 52 40 26 34 57 81 70 42 14 19 63 45 29 3 35 62 27 8 18 85 50 51 31 7 90 80 28 22 87 24 66 79 68 5 9 72 48 61 93 88 77
best 452272
time 950016 ms
seed 21
