jobs 50
mach 20
init 0 9 15 47 48 36 35 30 32 22 7 43 2 4 19 14 39 11 1 21 17 6 49 28 13 5 27 8 3 29 42 44 20 31 46 38 45 25 34 50 37 40 23 10 26 33 18 12 41 24 16
best 34688
best 33774 step 45 time 783 ms
best 33617 step 46 time 791 ms
best 33562 step 51 time 887 ms
best 32978 step 53 time 921 ms
best 32291 step 54 time 965 ms
best 32264 step 56 time 1005 ms
best 32151 step 114 time 1948 ms
best 31999 step 119 time 2013 ms
best 31636 step 3802 time 64259 ms
best 31606 step 8216 time 138213 ms
done 0 32 36 15 35 2 22 7 39 47 30 43 31 19 14 11 4 1 21 17 6 49 28 13 8 5 27 46 3 29 42 44 48 20 9 38 25 45 34 50 37 40 23 10 26 33 18 12 41 24 16
best 31606
time 950026 ms
seed 21
