jobs 50
mach 20
init 0 46 43 16 35 38 47 32 42 31 11 20 21 26 12 36 48 33 14 25 45 6 23 44 10 9 17 15 28 2 7 40 19 50 8 18 13 41 49 39 22 27 1 4 29 37 3 24 34 30 5
best 26672
best 24506 step 3 time 106 ms
best 24253 step 5 time 144 ms
best 24248 step 43 time 909 ms
best 24015 step 52 time 1102 ms
best 23887 step 197 time 3996 ms
best 23770 step 776 time 16443 ms
done 0 46 43 16 35 38 47 32 42 20 31 48 21 33 12 26 11 36 45 28 6 44 17 10 9 14 23 19 25 7 40 15 2 8 18 50 13 41 49 39 22 27 1 4 29 37 3 24 34 30 5
best 23770
time 950015 ms
seed 21
