jobs 60
mach 20
init 0 53 32 7 3 19 48 22 34 60 44 52 6 47 55 38 18 31 49 29 14 36 43 1 57 28 2 54 46 15 25 58 27 42 59 20 11 9 41 45 13 33 30 16 21 40 23 17 39 37 26 8 5 50 51 56 12 4 35 24 10
best 86241
best 85724 step 1 time 112 ms
best 80322 step 2 time 180 ms
best 79437 step 3 time 212 ms
best 78581 step 6 time 332 ms
best 77780 step 7 time 380 ms
best 77184 step 16 time 676 ms
best 77045 step 126 time 4483 ms
best 76393 step 127 time 4520 ms
best 76388 step 473 time 17035 ms
best 74503 step 526 time 18971 ms
best 74195 step 527 time 19026 ms
done 0 55 49 53 3 22 32 7 19 44 34 60 47 40 6 48 18 38 29 52 31 43 1 36 57 28 14 2 54 11 45 46 15 25 58 42 41 27 59 20 9 33 13 30 21 16 50 23 37 8 5 17 26 51 39 4 35 56 12 10 24
best 74195
time 950012 ms
seed 21
