jobs 60
mach 20
init 0 41 4 58 25 9 48 11 37 12 43 57 33 26 21 3 24 30 22 60 34 7 17 18 19 27 38 5 35 59 56 2 15 6 51 23 31 39 1 36 50 47 52 14 13 28 10 46 40 44 32 53 54 16 29 49 55 8 45 42 20
best 124187
best 122890 step 1 time 155 ms
best 121337 step 7 time 353 ms
best 121221 step 10 time 420 ms
best 119435 step 17 time 651 ms
best 119290 step 37 time 1489 ms
best 118027 step 38 time 1517 ms
best 117983 step 39 time 1558 ms
best 117647 step 463 time 16596 ms
best 117638 step 1266 time 45092 ms
best 117465 step 1267 time 45130 ms
best 116921 step 1450 time 51775 ms
best 116700 step 1455 time 51910 ms
best 116500 step 5718 time 200542 ms
best 116461 step 5719 time 200582 ms
best 116335 step 8547 time 301125 ms
done 0 37 41 26 48 11 58 4 12 25 21 3 17 30 32 60 33 9 57 24 43 22 34 18 7 19 27 38 5 35 59 56 2 15 6 51 52 23 14 13 46 39 47 1 28 50 54 10 16 36 40 29 49 55 53 31 8 45 42 44 20
best 116335
time 950023 ms
seed 21
