jobs 60
mach 20
init 0 5 34 16 38 31 9 56 47 17 21 33 26 22 48 32 55 52 35 39 59 2 36 14 41 11 46 1 30 29 8 4 13 15 7 60 20 57 42 24 51 28 6 25 3 27 19 23 54 37 10 40 58 12 49 45 53 18 50 43 44
best 74616
best 74020 step 33 time 1313 ms
best 73818 step 53 time 1995 ms
best 73711 step 56 time 2113 ms
best 73551 step 66 time 2508 ms
best 73461 step 109 time 3909 ms
best 72977 step 142 time 5172 ms
best 72680 step 143 time 5222 ms
best 71461 step 146 time 5351 ms
best 71427 step 148 time 5379 ms
best 71337 step 166 time 6034 ms
best 70577 step 337 time 12233 ms
best 70543 step 340 time 12342 ms
best 70429 step 416 time 14827 ms
best 69955 step 417 time 14873 ms
best 69939 step 4922 time 175789 ms
best 69618 step 17583 time 627848 ms
done 0 47 31 16 34 56 9 21 26 7 38 37 33 17 2 48 5 55 52 35 39 36 59 11 14 41 1 30 22 29 32 8 40 60 13 20 4 15 57 42 24 51 6 25 28 27 19 3 46 10 58 12 23 49 54 45 53 18 50 43 44
best 69618
time 950009 ms
seed 21
