jobs 60
mach 20
init 0 20 46 58 12 25 32 40 38 17 21 53 42 57 29 41 60 31 24 2 15 16 14 43 9 13 49 19 59 39 48 55 23 6 52 5 37 10 45 18 28 33 47 56 26 44 54 35 3 4 11 27 36 7 50 22 1 8 30 34 51
best 110942
best 105845 step 3 time 192 ms
best 102390 step 4 time 237 ms
best 100995 step 7 time 380 ms
best 100241 step 22 time 1023 ms
best 99506 step 30 time 1340 ms
best 99456 step 31 time 1386 ms
best 98952 step 33 time 1480 ms
best 98858 step 34 time 1529 ms
best 96682 step 35 time 1593 ms
best 95412 step 423 time 18954 ms
best 95128 step 464 time 20645 ms
best 94980 step 759 time 32584 ms
best 94812 step 8653 time 364618 ms
best 94241 step 11325 time 479386 ms
done 0 20 46 25 32 38 12 40 9 17 21 59 45 42 57 53 60 16 29 31 49 15 3 2 55 14 24 43 13 19 39 48 23 41 37 50 52 47 18 5 10 33 28 6 58 26 44 30 35 54 4 11 7 56 27 22 1 36 8 34 51
best 94241
time 950054 ms
seed 21
