jobs 60
mach 20
init 0 49 22 7 34 40 6 11 47 1 27 60 52 29 20 17 26 9 19 39 58 59 23 12 16 30 55 38 14 36 4 33 35 45 57 8 46 56 31 15 28 18 2 10 54 44 32 5 13 43 53 25 51 3 24 37 21 41 42 48 50
best 139258
best 137485 step 3 time 197 ms
best 136498 step 4 time 259 ms
best 135889 step 21 time 847 ms
best 135686 step 22 time 899 ms
best 135522 step 23 time 942 ms
best 135115 step 25 time 1027 ms
best 134285 step 26 time 1076 ms
best 134147 step 118 time 3995 ms
best 133294 step 218 time 7153 ms
best 132192 step 233 time 7624 ms
best 130951 step 601 time 20000 ms
best 130314 step 608 time 20228 ms
best 129461 step 1498 time 48204 ms
best 129449 step 1501 time 48340 ms
done 0 22 17 39 34 6 27 40 60 49 20 11 7 26 12 1 53 47 29 9 30 19 16 56 23 55 38 14 36 4 58 33 35 45 46 25 2 8 15 28 31 10 18 54 59 5 57 32 13 52 37 43 3 44 21 51 42 24 41 50 48
best 129449
time 950047 ms
seed 21
