jobs 70
mach 20
init 0 8 41 35 25 4 27 46 65 12 9 51 1 53 2 21 31 14 10 32 56 22 68 47 19 59 39 23 36 30 38 50 64 34 17 62 24 7 67 61 6 16 33 69 66 18 57 58 43 70 20 5 40 29 49 63 15 54 52 48 3 60 37 13 11 44 26 55 28 45 42
best 141237
best 132338 step 1 time 307 ms
best 131268 step 2 time 406 ms
best 130810 step 3 time 511 ms
best 128701 step 4 time 638 ms
best 127785 step 5 time 678 ms
best 123873 step 8 time 925 ms
best 123758 step 9 time 983 ms
best 121472 step 11 time 1184 ms
best 120598 step 13 time 1423 ms
best 120527 step 16 time 1562 ms
best 120483 step 18 time 1735 ms
best 119827 step 35 time 3096 ms
best 119520 step 36 time 3169 ms
best 117419 step 163 time 14336 ms
best 115822 step 164 time 14476 ms
done 0 8 35 25 31 4 32 9 68 46 12 65 14 53 51 2 21 56 19 10 23 47 39 34 1 17 50 7 36 22 64 15 59 38 30 41 6 24 62 67 61 18 16 52 69 66 57 70 27 43 20 54 5 40 58 60 29 49 63 13 44 33 3 48 11 37 26 55 28 45 42
best 115822
time 950002 ms
seed 21
