jobs 70
mach 20
init 0 22 28 15 43 59 41 53 58 25 3 49 9 52 47 10 37 61 46 6 14 62 68 32 13 51 16 31 20 36 57 65 4 11 29 35 66 12 48 21 67 54 42 1 30 38 70 27 40 26 24 19 55 39 18 63 56 2 34 33 44 60 69 23 50 7 45 8 64 17 5
best 138053
best 136992 step 1 time 273 ms
best 134804 step 3 time 375 ms
best 134353 step 5 time 493 ms
best 133352 step 7 time 698 ms
best 132432 step 28 time 2330 ms
best 132221 step 29 time 2430 ms
best 131135 step 52 time 3984 ms
best 129250 step 56 time 4240 ms
best 129116 step 57 time 4289 ms
best 128929 step 58 time 4358 ms
best 128829 step 59 time 4389 ms
best 127388 step 191 time 12789 ms
best 126038 step 794 time 50811 ms
best 125889 step 6992 time 460283 ms
best 125876 step 6994 time 460404 ms
done 0 53 59 41 22 28 15 43 51 10 3 21 9 25 14 61 58 49 52 47 6 32 13 68 62 46 16 37 20 4 31 36 57 66 35 11 29 55 12 48 42 65 54 1 67 38 70 27 40 26 30 39 24 63 56 19 60 2 34 18 64 33 44 69 23 7 45 50 8 17 5
best 125876
time 950004 ms
seed 21
