jobs 70
mach 20
init 0 23 12 22 67 27 36 50 38 32 51 8 41 63 64 66 61 20 16 24 44 25 9 34 37 3 11 45 13 65 48 68 54 57 43 53 6 46 58 31 33 7 19 40 39 70 49 42 2 18 52 28 56 26 4 47 29 62 60 21 1 30 5 10 55 35 14 59 15 69 17
best 174435
best 173850 step 3 time 366 ms
best 172096 step 11 time 930 ms
best 171790 step 14 time 1130 ms
best 171133 step 15 time 1202 ms
best 170193 step 21 time 1564 ms
best 168263 step 63 time 4229 ms
best 168189 step 66 time 4384 ms
best 168069 step 70 time 4669 ms
best 167418 step 72 time 4752 ms
best 166753 step 76 time 5040 ms
best 165990 step 254 time 16582 ms
best 163516 step 268 time 17382 ms
best 163426 step 273 time 17610 ms
best 163397 step 276 time 17757 ms
best 163273 step 333 time 21560 ms
best 162428 step 393 time 25345 ms
best 159621 step 396 time 25490 ms
best 159551 step 399 time 25636 ms
best 158876 step 2041 time 136045 ms
done 0 23 12 29 22 67 27 36 63 50 66 51 38 64 8 61 13 44 16 24 25 53 32 9 56 34 41 65 37 11 45 54 43 2 6 3 48 68 26 58 42 20 31 33 46 19 70 7 49 57 40 39 52 28 4 47 1 55 62 14 21 5 18 59 30 60 15 69 35 10 17
best 158876
time 950000 ms
seed 21
