jobs 70
mach 20
init 0 47 37 32 16 27 53 70 38 28 20 56 41 11 3 55 42 15 50 2 64 12 68 54 26 21 4 22 7 52 13 10 33 30 14 36 35 1 34 45 57 44 67 6 25 63 39 9 59 8 62 17 24 66 60 61 69 48 65 46 29 51 43 31 40 49 58 18 23 19 5
best 161222
best 160035 step 1 time 320 ms
best 159043 step 4 time 640 ms
best 152367 step 5 time 718 ms
best 148633 step 6 time 860 ms
best 147904 step 7 time 953 ms
best 147754 step 213 time 18957 ms
best 147279 step 214 time 18998 ms
best 147108 step 218 time 19319 ms
best 146977 step 478 time 42028 ms
best 146141 step 485 time 42658 ms
best 145373 step 769 time 68108 ms
best 145279 step 771 time 68241 ms
best 144755 step 2201 time 194707 ms
done 0 47 34 32 55 16 27 53 70 20 56 38 3 11 28 4 41 50 64 54 26 2 12 68 13 22 15 7 42 14 39 1 65 10 30 52 33 36 35 57 21 45 44 37 67 6 25 63 9 59 8 66 17 62 24 61 69 48 31 46 51 18 60 43 40 49 29 19 23 58 5
best 144755
time 950040 ms
seed 21
