jobs 80
mach 20
init 0 20 71 26 68 9 65 76 56 25 10 72 22 54 14 70 46 53 24 66 43 60 39 61 33 41 64 31 15 34 57 2 27 52 38 5 51 47 59 11 17 80 49 42 13 18 50 40 48 23 35 69 62 16 1 30 28 12 74 44 75 3 36 45 19 67 37 55 4 6 77 32 8 78 58 21 29 63 73 79 7
best 254830
best 249142 step 1 time 332 ms
best 248157 step 2 time 565 ms
best 247186 step 3 time 710 ms
best 245557 step 5 time 903 ms
best 244529 step 8 time 1298 ms
best 244218 step 12 time 1610 ms
best 242338 step 18 time 2279 ms
best 242251 step 19 time 2463 ms
best 240318 step 21 time 2663 ms
best 235420 step 22 time 2835 ms
best 235378 step 23 time 2918 ms
best 235329 step 25 time 3084 ms
best 232441 step 35 time 4216 ms
best 232143 step 36 time 4314 ms
best 231565 step 118 time 13115 ms
best 230249 step 120 time 13297 ms
best 229982 step 165 time 18358 ms
best 227553 step 169 time 18857 ms
best 224990 step 299 time 33380 ms
done 0 68 20 71 26 46 9 65 25 24 70 27 22 14 76 43 39 72 10 66 54 35 42 2 41 53 60 61 64 34 56 47 50 38 51 18 31 5 17 59 11 33 16 49 15 52 40 75 69 4 57 45 12 80 48 62 13 44 23 67 37 1 30 3 28 74 55 78 36 32 21 77 19 8 6 58 29 63 73 79 7
best 224990
time 950055 ms
seed 21
