jobs 80
mach 20
init 0 47 79 6 23 77 61 27 22 80 75 12 59 55 45 37 28 56 40 14 7 38 36 18 11 33 30 26 16 53 69 51 71 9 42 70 8 54 58 24 43 52 32 21 62 5 74 66 60 65 63 67 49 10 34 17 57 4 72 50 64 46 35 13 15 48 2 76 39 41 29 25 20 31 3 1 73 78 68 44 19
best 312630
best 311977 step 1 time 469 ms
best 311813 step 4 time 791 ms
best 304532 step 5 time 918 ms
best 304451 step 6 time 1009 ms
best 302663 step 7 time 1166 ms
best 301562 step 8 time 1246 ms
best 299517 step 9 time 1402 ms
best 299401 step 18 time 2555 ms
best 297961 step 19 time 2698 ms
best 297641 step 20 time 2761 ms
best 296228 step 131 time 14814 ms
best 295878 step 310 time 34770 ms
best 295199 step 602 time 67318 ms
best 293441 step 604 time 67638 ms
best 291617 step 605 time 67746 ms
best 289331 step 911 time 101474 ms
best 288488 step 2505 time 273475 ms
done 0 47 79 36 59 23 77 28 56 37 6 22 12 61 80 75 55 14 7 74 40 45 38 27 18 26 69 11 33 58 53 54 51 43 16 42 5 71 70 30 49 8 21 52 32 24 60 63 67 65 9 62 4 66 72 64 35 34 17 15 50 46 10 76 41 13 48 29 2 25 20 57 39 3 1 73 68 44 19 78 31
best 288488
time 950059 ms
seed 21
