jobs 80
mach 20
init 0 55 2 13 70 45 1 68 43 34 67 36 6 37 7 72 15 74 47 71 22 54 50 26 46 23 32 17 9 4 48 53 27 29 40 51 65 35 39 33 56 25 8 61 66 52 18 75 38 57 49 3 16 60 42 21 80 41 73 64 63 14 5 58 20 76 78 77 59 19 28 79 31 62 69 30 24 11 44 12 10
best 190560
best 190536 step 1 time 255 ms
best 187479 step 2 time 400 ms
best 187188 step 4 time 523 ms
best 186760 step 5 time 694 ms
best 184335 step 7 time 945 ms
best 182583 step 14 time 1714 ms
best 178339 step 15 time 1848 ms
best 178205 step 18 time 2199 ms
best 177771 step 35 time 4159 ms
best 177139 step 161 time 18601 ms
best 176884 step 162 time 18728 ms
best 176625 step 358 time 40516 ms
best 175995 step 562 time 64173 ms
best 173597 step 907 time 101429 ms
best 173279 step 5678 time 625299 ms
done 0 55 2 1 45 70 9 71 13 43 68 50 34 54 6 7 74 72 67 8 47 4 22 37 26 27 51 48 23 17 33 29 32 39 25 40 53 35 46 65 49 61 16 52 66 75 56 38 3 57 15 78 21 36 18 60 42 5 58 73 64 63 14 79 41 30 19 80 76 11 20 77 59 31 28 62 44 24 69 12 10
best 173279
time 950000 ms
seed 21
