jobs 80
mach 20
init 0 5 9 60 32 49 28 52 75 17 35 39 74 21 61 11 10 48 18 23 31 70 4 68 44 13 25 64 12 33 43 7 34 24 62 69 14 22 73 8 57 59 26 46 45 16 36 2 51 66 37 6 20 1 50 80 15 30 76 29 72 42 38 56 78 58 55 47 63 71 79 40 41 65 53 77 3 19 54 67 27
best 208626
best 206620 step 1 time 432 ms
best 205065 step 2 time 582 ms
best 203442 step 3 time 718 ms
best 202803 step 4 time 835 ms
best 195541 step 5 time 1123 ms
best 193162 step 12 time 1669 ms
best 192196 step 15 time 1936 ms
best 190943 step 16 time 2082 ms
best 190812 step 56 time 6347 ms
best 190372 step 281 time 31385 ms
best 190118 step 282 time 31473 ms
best 189370 step 286 time 31914 ms
best 189122 step 287 time 32041 ms
best 188700 step 2421 time 279419 ms
best 188150 step 5847 time 671957 ms
best 186973 step 5848 time 672047 ms
done 0 5 9 52 75 28 32 49 60 48 35 39 74 21 18 44 59 11 10 23 36 4 31 13 1 24 68 61 64 70 34 62 25 12 7 33 43 69 17 14 73 46 45 8 26 57 66 55 16 51 29 37 6 76 22 2 50 15 20 30 80 58 42 72 38 56 71 41 78 47 63 65 79 53 3 77 40 19 54 67 27
best 186973
time 950176 ms
seed 21
