jobs 80
mach 20
init 0 19 45 24 78 42 75 1 63 14 56 22 29 61 12 20 46 7 4 33 27 49 35 41 44 57 31 10 71 3 17 69 60 34 79 72 53 76 30 26 32 21 66 77 15 5 73 48 28 8 16 67 11 51 50 39 74 70 80 62 2 9 59 25 23 40 18 64 68 47 38 36 58 43 54 6 13 55 37 65 52
best 192658
best 191133 step 1 time 415 ms
best 188160 step 2 time 567 ms
best 187655 step 14 time 1890 ms
best 186634 step 18 time 2362 ms
best 185992 step 27 time 3711 ms
best 184286 step 34 time 4662 ms
best 184159 step 36 time 4921 ms
best 183860 step 37 time 4986 ms
best 183585 step 70 time 9059 ms
best 181133 step 86 time 11350 ms
best 179039 step 123 time 16059 ms
best 177225 step 125 time 16264 ms
best 176463 step 127 time 16628 ms
done 0 19 3 24 45 78 42 75 12 1 76 20 63 14 41 49 44 61 46 56 31 10 71 7 22 60 33 66 57 27 17 11 69 53 4 34 79 72 30 29 48 26 5 21 32 59 15 73 35 77 38 28 51 50 39 9 74 8 16 67 80 36 2 40 25 62 70 64 18 68 47 23 58 43 55 13 6 54 37 65 52
best 176463
time 950009 ms
seed 21
