jobs 80
mach 20
init 0 77 22 54 16 64 7 42 67 5 18 14 63 58 19 9 66 80 23 75 39 38 34 40 51 72 26 69 47 50 79 11 3 74 33 68 46 6 1 35 56 49 48 60 45 29 78 25 4 61 27 62 21 31 15 65 52 53 41 73 8 36 37 59 76 17 43 28 57 71 20 10 70 13 2 30 12 24 32 55 44
best 236990
best 235524 step 4 time 604 ms
best 223721 step 5 time 822 ms
best 223353 step 11 time 1691 ms
best 221450 step 83 time 11077 ms
best 221351 step 88 time 11654 ms
best 220346 step 410 time 54118 ms
best 219916 step 412 time 54347 ms
best 219019 step 1579 time 205211 ms
best 218001 step 3674 time 473267 ms
best 216906 step 6063 time 780817 ms
done 0 67 22 16 54 58 7 77 18 64 39 5 27 14 23 66 42 19 72 51 80 75 38 34 40 26 63 69 3 79 50 11 35 21 6 74 68 56 46 47 33 41 49 48 61 45 1 60 4 25 62 78 52 37 15 65 59 9 73 8 36 29 53 31 13 17 43 28 57 20 71 10 12 70 76 2 24 32 55 44 30
best 216906
time 950025 ms
seed 21
