jobs 80
mach 20
init 0 39 47 57 54 31 3 72 59 64 38 32 50 17 15 7 34 21 60 67 66 71 4 62 2 43 29 18 8 41 49 48 23 74 44 73 13 14 11 52 36 30 56 69 77 28 76 42 22 45 75 46 35 68 40 19 25 33 53 63 58 78 27 20 61 26 55 10 80 16 51 79 6 24 12 9 65 5 1 37 70
best 300135
best 299706 step 6 time 1062 ms
best 299431 step 23 time 2887 ms
best 296422 step 24 time 2993 ms
best 290479 step 46 time 5644 ms
best 288476 step 48 time 5830 ms
best 288111 step 90 time 10241 ms
best 285993 step 102 time 11435 ms
best 285915 step 587 time 65221 ms
best 284894 step 590 time 65577 ms
best 284807 step 902 time 100545 ms
best 283692 step 914 time 101730 ms
best 283358 step 1312 time 145660 ms
best 283315 step 2037 time 225067 ms
best 282028 step 2038 time 225150 ms
best 281922 step 2039 time 225268 ms
done 0 38 56 47 57 50 59 17 31 21 32 15 29 3 60 7 18 67 64 72 54 71 41 34 69 4 62 8 43 74 66 49 11 23 73 52 14 13 44 19 36 48 30 2 22 45 39 77 28 76 75 58 55 46 25 40 42 53 35 78 63 61 27 20 33 68 10 80 16 51 5 65 79 26 24 6 1 12 9 37 70
best 281922
time 950008 ms
seed 21
