jobs 80
mach 20
init 0 70 66 25 53 12 47 71 29 62 2 18 57 14 17 19 4 42 38 65 58 23 63 15 37 79 1 55 73 41 11 52 13 59 6 75 67 74 22 3 72 76 61 60 21 30 39 77 28 78 35 7 54 20 40 26 10 33 50 31 24 34 36 9 49 27 46 44 8 80 69 64 5 32 48 45 43 68 56 51 16
best 273752
best 262554 step 1 time 501 ms
best 259112 step 6 time 1190 ms
best 258768 step 7 time 1393 ms
best 258474 step 8 time 1475 ms
best 249790 step 10 time 1823 ms
best 248345 step 18 time 2929 ms
best 248325 step 20 time 3185 ms
best 248190 step 55 time 7969 ms
best 246541 step 152 time 22542 ms
best 246448 step 157 time 23174 ms
best 246323 step 159 time 23597 ms
best 245464 step 2688 time 372038 ms
best 245182 step 2932 time 406090 ms
best 244318 step 3218 time 445538 ms
best 244113 step 3219 time 445722 ms
best 243968 step 5708 time 792836 ms
best 243343 step 5711 time 793273 ms
best 243201 step 5713 time 793563 ms
done 0 66 25 19 29 2 18 41 47 57 14 53 17 62 12 42 58 71 50 65 11 52 4 79 76 63 20 38 21 55 70 72 3 37 1 15 73 59 6 75 74 22 77 28 61 30 13 39 26 78 54 23 35 7 60 33 10 67 24 34 40 36 64 31 27 43 46 44 8 69 49 5 80 9 32 48 68 56 16 51 45
best 243201
time 950327 ms
seed 21
