jobs 90
mach 20
init 0 51 34 12 45 70 65 7 11 42 61 6 27 19 35 43 80 15 77 88 76 56 32 69 60 52 8 84 40 59 9 75 17 58 24 13 22 1 74 78 39 29 66 2 50 90 14 54 37 48 30 41 73 16 67 68 55 71 72 85 10 49 46 81 44 23 87 63 26 86 79 20 89 31 57 4 53 3 25 18 21 5 36 33 82 64 62 83 38 47 28
best 446027
best 444219 step 1 time 536 ms
best 434824 step 2 time 685 ms
best 425346 step 3 time 834 ms
best 423236 step 4 time 977 ms
best 422435 step 6 time 1503 ms
best 420267 step 16 time 3137 ms
best 414917 step 17 time 3293 ms
best 414097 step 26 time 4750 ms
best 413912 step 219 time 38000 ms
best 413413 step 321 time 56181 ms
best 413085 step 371 time 65021 ms
best 412207 step 432 time 75936 ms
best 409893 step 484 time 84102 ms
best 408015 step 493 time 85781 ms
best 406142 step 718 time 123990 ms
best 402031 step 719 time 124221 ms
best 401381 step 720 time 124365 ms
best 398222 step 5238 time 912025 ms
best 398193 step 5239 time 912141 ms
best 398113 step 5241 time 912452 ms
done 0 12 51 11 35 65 45 19 26 42 61 6 27 7 22 43 15 70 84 52 17 34 75 58 59 56 32 16 76 69 2 77 50 10 40 68 30 88 73 8 1 60 9 29 78 55 67 87 72 37 54 80 39 74 49 71 41 24 48 85 66 63 90 44 89 46 81 14 20 79 53 13 57 4 23 31 5 3 86 25 18 21 36 33 82 64 62 83 38 47 28
best 398113
time 950103 ms
seed 21
