jobs 90
mach 20
init 0 85 7 71 58 49 11 54 12 74 21 36 3 41 46 48 76 34 6 38 70 79 27 20 44 15 31 28 90 83 43 81 57 26 22 17 75 60 87 84 56 68 61 63 2 72 51 33 53 29 25 23 62 37 88 19 47 50 45 18 69 59 35 5 80 39 89 67 66 30 10 13 24 42 16 77 73 78 8 55 82 65 9 86 14 32 52 1 64 4 40
best 435970
best 420196 step 5 time 1550 ms
best 419151 step 6 time 1650 ms
best 416972 step 7 time 1799 ms
best 408383 step 55 time 11199 ms
best 408269 step 56 time 11319 ms
best 405308 step 57 time 11584 ms
best 404792 step 152 time 29923 ms
best 402591 step 366 time 70665 ms
best 402379 step 367 time 70858 ms
best 402252 step 368 time 70949 ms
best 401553 step 3161 time 591378 ms
best 400458 step 3193 time 597375 ms
best 400293 step 3194 time 597703 ms
best 400070 step 3965 time 742739 ms
done 0 48 58 49 11 36 15 71 7 85 74 54 12 24 21 6 70 79 41 46 28 20 38 26 44 3 90 31 37 76 68 27 34 83 43 22 60 81 87 17 57 62 61 88 51 75 18 45 33 29 25 84 2 23 47 72 63 67 50 35 10 89 19 73 69 30 80 5 13 59 16 53 66 77 56 14 4 82 39 42 78 8 32 55 65 9 1 64 52 40 86
best 400070
time 950136 ms
seed 21
