jobs 90
mach 20
init 0 5 52 13 30 57 75 65 44 53 67 34 61 20 76 42 81 7 77 4 1 51 3 55 8 64 60 63 39 88 90 80 66 50 87 43 22 2 68 85 31 32 24 73 27 70 46 49 56 10 25 40 69 47 19 16 12 78 82 21 11 79 58 15 33 37 86 83 72 89 17 36 14 48 74 38 23 28 26 71 35 84 54 9 59 29 6 62 41 18 45
best 318453
best 317599 step 1 time 508 ms
best 314594 step 2 time 715 ms
best 307331 step 3 time 965 ms
best 304662 step 5 time 1203 ms
best 304428 step 7 time 1495 ms
best 304387 step 11 time 2284 ms
best 302580 step 14 time 2759 ms
best 302435 step 16 time 3160 ms
best 301109 step 17 time 3431 ms
best 298588 step 42 time 7527 ms
best 298219 step 43 time 7723 ms
best 297648 step 45 time 8135 ms
best 297470 step 46 time 8231 ms
best 296910 step 51 time 8825 ms
best 295467 step 62 time 11094 ms
best 294845 step 68 time 12137 ms
best 293861 step 69 time 12281 ms
best 293852 step 75 time 13281 ms
best 293380 step 78 time 13581 ms
best 292500 step 80 time 13950 ms
best 292241 step 81 time 14102 ms
best 291766 step 87 time 15266 ms
best 291675 step 88 time 15371 ms
best 290598 step 733 time 117522 ms
best 290365 step 734 time 117619 ms
done 0 5 52 30 88 13 55 65 72 66 57 75 44 53 61 76 42 1 20 7 77 67 60 64 4 51 2 43 63 81 68 80 39 3 50 24 73 22 70 87 8 31 32 27 46 19 90 10 40 49 25 69 37 56 47 12 82 71 78 58 79 26 11 17 21 86 15 85 33 36 89 14 28 38 84 48 23 74 16 34 35 62 83 29 6 18 59 54 45 9 41
best 290365
time 950005 ms
seed 21
