jobs 90
mach 20
init 0 23 66 78 12 1 55 7 9 6 11 53 64 16 81 44 56 61 80 65 17 27 57 58 37 82 42 43 76 10 31 46 49 36 85 35 2 60 33 8 45 77 63 26 32 3 18 83 47 84 50 70 71 51 52 14 59 62 48 19 13 4 90 39 75 67 73 24 25 68 28 74 87 86 21 88 29 89 5 38 34 15 41 69 30 20 40 22 54 72 79
best 352808
best 352064 step 1 time 439 ms
best 345308 step 6 time 1153 ms
best 336829 step 7 time 1359 ms
best 336715 step 8 time 1497 ms
best 335115 step 11 time 1999 ms
best 331907 step 20 time 3493 ms
best 331275 step 125 time 19641 ms
best 330501 step 213 time 34348 ms
best 330000 step 214 time 34580 ms
best 329502 step 255 time 41291 ms
best 328178 step 256 time 41435 ms
best 327832 step 257 time 41565 ms
best 327692 step 2942 time 484790 ms
best 326437 step 2944 time 485017 ms
best 326087 step 2946 time 485209 ms
done 0 23 66 78 12 85 1 55 9 26 65 46 44 16 81 80 7 17 53 64 57 58 82 11 63 42 27 84 37 43 76 10 56 60 36 31 49 83 2 35 45 33 18 3 48 50 77 14 39 32 52 8 47 75 70 67 73 6 59 71 62 25 61 4 24 90 19 74 28 88 68 13 38 5 51 34 86 21 87 89 69 30 29 20 41 15 22 54 72 79 40
best 326087
time 950025 ms
seed 21
