jobs 90
mach 20
init 0 69 53 35 77 5 76 12 89 25 46 44 62 31 54 4 55 33 80 27 13 32 36 42 57 52 28 17 72 58 45 9 83 1 14 30 6 64 79 43 26 65 66 37 29 70 50 88 90 85 2 61 78 73 39 87 3 60 15 48 41 34 20 81 7 59 74 67 84 24 19 10 63 8 21 75 71 51 11 47 49 40 16 38 82 22 86 18 68 23 56
best 365761
best 355632 step 1 time 500 ms
best 352835 step 2 time 709 ms
best 352547 step 5 time 1049 ms
best 350725 step 6 time 1185 ms
best 349887 step 35 time 5934 ms
best 349738 step 39 time 6633 ms
best 345897 step 40 time 6812 ms
best 345519 step 43 time 7189 ms
best 343524 step 46 time 7655 ms
best 343149 step 213 time 33842 ms
best 338248 step 214 time 34108 ms
done 0 28 76 42 69 35 31 30 12 89 53 62 46 65 4 25 54 9 33 55 80 27 77 5 32 17 44 57 52 37 13 73 67 72 45 6 64 48 83 1 58 90 36 66 79 14 26 81 70 78 29 85 87 39 2 43 3 60 50 88 15 75 59 34 74 7 20 61 41 24 71 8 84 10 63 51 21 47 82 38 11 19 40 16 86 18 68 49 22 23 56
best 338248
time 950108 ms
seed 21
