jobs 90
mach 20
init 0 35 77 71 45 26 32 79 90 75 50 60 43 29 13 64 1 80 63 66 39 41 24 70 44 88 20 25 52 56 49 82 27 87 51 8 47 23 57 58 37 61 17 76 7 46 62 3 48 34 19 15 89 84 5 30 2 85 73 16 53 10 55 83 14 68 86 36 21 74 28 9 72 38 11 40 6 78 33 65 18 42 81 4 67 69 54 22 59 31 12
best 377388
best 375651 step 2 time 768 ms
best 375309 step 3 time 962 ms
best 370924 step 5 time 1331 ms
best 364514 step 6 time 1659 ms
best 364367 step 12 time 2921 ms
best 361006 step 15 time 3434 ms
best 360224 step 17 time 3792 ms
best 357439 step 36 time 7534 ms
best 353961 step 87 time 18214 ms
best 352937 step 502 time 103315 ms
best 352444 step 503 time 103637 ms
best 351022 step 505 time 103938 ms
best 350942 step 1222 time 251843 ms
best 350682 step 1223 time 251984 ms
best 349976 step 3656 time 748561 ms
best 349809 step 3658 time 748907 ms
done 0 35 46 45 26 32 75 90 43 50 80 79 13 61 60 1 44 64 63 70 66 24 29 39 41 89 62 82 25 17 20 5 88 76 52 47 8 56 87 49 23 57 27 58 48 37 19 3 77 15 85 7 51 28 36 30 86 84 73 72 2 21 16 53 14 83 55 10 42 34 38 74 33 9 71 67 78 68 18 6 69 11 65 40 54 4 12 81 22 59 31
best 349809
time 950024 ms
seed 21
