jobs 90
mach 20
init 0 9 85 1 73 75 53 83 55 49 35 60 72 70 28 74 26 39 30 68 54 45 18 77 20 40 43 8 25 86 29 42 7 89 64 87 50 63 21 17 6 33 14 57 27 13 67 4 48 32 31 36 88 41 22 65 23 59 38 16 69 19 84 52 62 34 66 82 5 79 81 12 44 47 80 78 3 61 37 71 10 2 51 11 15 76 90 46 24 58 56
best 419763
best 419020 step 1 time 588 ms
best 417483 step 2 time 708 ms
best 417330 step 3 time 826 ms
best 416263 step 6 time 1448 ms
best 414025 step 7 time 1625 ms
best 409381 step 9 time 1876 ms
best 408079 step 10 time 2021 ms
best 407744 step 11 time 2215 ms
best 406398 step 12 time 2331 ms
best 404882 step 17 time 3092 ms
best 404736 step 31 time 5377 ms
best 400610 step 36 time 6374 ms
best 393815 step 37 time 6602 ms
best 393093 step 50 time 8621 ms
best 390491 step 51 time 8835 ms
best 388482 step 318 time 51197 ms
best 387557 step 320 time 51607 ms
best 384813 step 570 time 92112 ms
best 384640 step 571 time 92194 ms
best 383547 step 576 time 92951 ms
best 383460 step 578 time 93182 ms
done 0 26 9 73 75 20 64 83 18 53 28 32 1 70 55 68 35 72 39 45 30 40 77 59 8 44 49 42 54 69 85 89 13 29 21 25 52 7 87 17 86 81 14 63 57 6 27 50 74 4 48 36 65 16 31 66 88 67 62 23 38 60 43 41 82 84 19 34 10 22 33 12 51 5 80 61 78 3 24 79 47 37 71 11 15 76 90 46 56 58 2
best 383460
time 950215 ms
seed 21
