jobs 90
mach 20
init 0 12 36 3 78 72 20 11 15 6 71 60 83 82 34 61 87 52 2 56 57 66 10 51 86 35 67 21 44 13 39 31 32 55 58 90 33 48 4 75 26 28 29 65 50 46 30 69 54 42 53 27 88 37 89 49 63 8 17 80 23 16 22 77 25 84 14 73 62 85 76 47 7 5 81 68 79 41 43 9 24 38 18 1 74 45 19 64 59 70 40
best 348034
best 345976 step 1 time 534 ms
best 341797 step 2 time 820 ms
best 341044 step 3 time 945 ms
best 335057 step 4 time 1097 ms
best 330879 step 5 time 1231 ms
best 329800 step 6 time 1476 ms
best 329040 step 7 time 1562 ms
best 326554 step 9 time 1831 ms
best 324502 step 16 time 3171 ms
best 324252 step 17 time 3270 ms
best 316382 step 18 time 3768 ms
best 313570 step 38 time 7476 ms
best 313166 step 96 time 16934 ms
best 313008 step 97 time 17178 ms
best 312674 step 98 time 17389 ms
best 312631 step 217 time 35602 ms
best 310273 step 221 time 36025 ms
best 308044 step 223 time 36332 ms
best 307179 step 227 time 36904 ms
best 306969 step 228 time 37007 ms
best 305629 step 229 time 37378 ms
done 0 12 60 78 55 75 72 15 6 71 11 83 56 34 88 61 66 31 2 20 51 46 57 52 67 35 50 21 13 8 10 39 77 48 58 44 90 28 33 42 26 80 82 4 65 30 69 54 53 29 32 22 37 27 89 87 3 86 14 16 84 63 17 36 79 25 85 49 23 7 76 62 5 41 73 81 47 68 45 70 1 59 9 18 64 19 43 24 38 40 74
best 305629
time 950235 ms
seed 21
