jobs 90
mach 20
init 0 55 16 30 69 51 42 28 78 90 10 1 73 8 54 27 47 64 41 36 52 39 81 32 29 63 62 2 48 49 60 14 89 11 31 70 12 13 40 80 71 25 88 5 83 68 9 66 59 67 24 23 26 77 34 86 61 4 3 7 58 37 74 87 35 82 53 65 76 56 57 46 79 33 43 19 6 21 17 18 45 44 38 20 84 15 85 22 50 72 75
best 432070
best 424341 step 1 time 672 ms
best 423916 step 2 time 938 ms
best 422804 step 4 time 1302 ms
best 420952 step 5 time 1475 ms
best 419431 step 11 time 2843 ms
best 418908 step 22 time 5462 ms
best 418360 step 33 time 8048 ms
best 418281 step 35 time 8615 ms
best 418102 step 39 time 9766 ms
best 415566 step 44 time 10821 ms
best 411189 step 45 time 11112 ms
best 409136 step 53 time 13058 ms
best 407955 step 56 time 13505 ms
best 407772 step 57 time 13632 ms
best 406650 step 397 time 96764 ms
best 406508 step 702 time 169919 ms
best 406488 step 703 time 170138 ms
best 406476 step 708 time 171635 ms
best 405111 step 709 time 171897 ms
best 403179 step 710 time 172129 ms
best 402715 step 1932 time 469094 ms
best 402402 step 1934 time 469323 ms
best 401335 step 1935 time 469632 ms
best 399134 step 2864 time 692227 ms
best 398658 step 2881 time 695537 ms
best 398464 step 2948 time 711676 ms
done 0 55 16 64 51 8 42 78 90 28 54 60 73 1 10 27 47 39 81 89 52 30 53 36 34 32 2 37 29 48 63 68 12 41 31 14 88 11 40 49 25 70 71 5 83 13 7 80 35 86 9 26 58 23 77 66 59 69 82 4 24 67 56 61 65 87 57 46 76 3 21 44 45 17 62 74 33 84 19 43 15 79 20 18 85 72 6 38 22 50 75
best 398464
time 950266 ms
seed 21
