jobs 100
mach 20
init 0 67 75 46 94 4 60 92 89 11 54 86 2 83 10 20 16 56 100 65 76 21 17 74 47 91 23 82 33 58 43 59 64 25 32 36 39 95 81 69 49 84 52 96 55 30 6 70 37 38 34 97 1 78 99 53 15 13 41 40 19 12 98 85 44 51 50 29 26 57 42 8 71 73 35 63 18 62 45 27 80 66 14 28 31 7 3 22 90 68 87 9 24 79 72 48 61 93 88 5 77
best 485454
best 484064 step 1 time 814 ms
best 482683 step 2 time 1012 ms
best 482353 step 4 time 1768 ms
best 480323 step 5 time 2069 ms
best 478589 step 6 time 2293 ms
best 470151 step 7 time 2558 ms
best 467598 step 23 time 6344 ms
best 459676 step 25 time 7013 ms
best 458903 step 26 time 7340 ms
best 458827 step 114 time 29451 ms
best 456709 step 355 time 91469 ms
best 456240 step 359 time 92320 ms
best 455077 step 446 time 114163 ms
done 0 67 75 71 11 16 4 92 56 94 54 53 2 41 60 83 86 20 100 65 76 33 17 59 91 58 23 10 64 82 21 46 96 36 89 25 47 32 95 69 43 44 49 52 55 84 30 6 81 37 15 1 38 34 97 78 39 12 99 40 73 98 13 63 70 74 26 62 3 57 27 8 18 29 42 14 19 45 35 85 50 51 7 66 31 90 80 68 28 87 22 24 5 61 88 79 9 72 48 77 93
best 455077
time 950340 ms
seed 20
