jobs 100
mach 20
init 0 72 22 26 92 80 63 27 97 67 87 50 41 47 34 68 37 12 99 23 88 70 86 6 91 93 25 33 61 24 100 98 51 89 30 16 95 1 43 54 17 55 94 39 13 96 36 32 69 20 84 18 45 75 83 82 15 2 10 71 73 4 46 42 5 35 49 3 90 79 52 9 21 60 29 85 76 11 7 78 74 31 64 53 62 56 19 57 81 48 40 65 44 58 66 28 38 14 59 8 77
best 370598
best 369629 step 1 time 878 ms
best 366466 step 2 time 1239 ms
best 366308 step 3 time 1485 ms
best 364100 step 4 time 1657 ms
best 363706 step 8 time 2823 ms
best 359555 step 13 time 4174 ms
best 356863 step 199 time 53264 ms
best 355041 step 202 time 54171 ms
best 354570 step 217 time 58365 ms
best 353913 step 2953 time 777480 ms
best 353371 step 2958 time 778895 ms
done 0 72 22 26 92 63 80 97 27 67 87 50 16 41 52 12 88 34 68 47 70 99 23 86 91 61 98 6 13 93 37 25 33 96 30 89 39 100 1 55 94 51 32 43 17 84 54 20 36 18 42 71 69 95 24 75 3 45 10 2 83 82 46 73 35 21 15 49 79 62 29 4 85 90 5 60 31 9 76 78 74 57 7 53 48 56 66 59 64 19 40 81 11 28 65 44 14 38 8 58 77
best 353371
time 950037 ms
seed 20
