jobs 100
mach 20
init 0 63 52 51 53 24 23 16 54 19 70 10 18 100 79 58 31 35 17 38 2 8 88 37 67 96 45 33 74 43 3 73 21 91 56 44 65 34 69 80 99 1 98 36 75 90 61 20 82 86 81 15 76 28 89 41 46 71 50 85 60 29 92 93 59 11 42 72 26 22 84 97 48 94 83 64 6 62 13 47 12 68 57 32 40 7 27 14 66 55 30 25 95 87 4 39 49 5 77 78 9
best 480046
best 463955 step 1 time 911 ms
best 463405 step 4 time 1746 ms
best 462493 step 139 time 45574 ms
best 462463 step 140 time 45798 ms
best 459211 step 163 time 54143 ms
best 457054 step 165 time 54840 ms
best 455022 step 172 time 57034 ms
best 450938 step 173 time 57282 ms
best 450387 step 175 time 57681 ms
best 450381 step 176 time 57997 ms
best 450018 step 177 time 58553 ms
best 448760 step 185 time 60974 ms
best 447988 step 187 time 61452 ms
done 0 52 53 18 37 16 58 24 23 8 51 35 19 70 1 98 54 38 88 34 31 2 96 67 10 3 79 74 81 63 100 73 21 45 91 20 56 65 33 17 80 89 99 83 85 75 44 69 90 43 82 61 86 41 46 15 60 76 29 36 93 28 72 92 11 71 26 22 42 6 47 50 13 48 57 59 97 84 32 68 40 94 62 64 27 7 14 12 4 95 66 55 87 30 25 39 5 77 49 9 78
best 447988
time 950004 ms
seed 20
