jobs 100
mach 20
init 0 98 22 99 21 25 26 29 36 15 2 35 61 55 95 30 90 69 38 80 83 11 96 85 1 14 86 13 32 50 89 31 53 94 40 75 16 92 44 3 59 47 23 8 66 81 17 87 63 18 19 54 24 41 72 37 68 56 28 51 91 45 79 10 7 27 58 100 67 78 48 77 57 43 5 74 33 65 4 70 97 46 34 93 20 49 6 62 64 73 42 60 88 39 71 9 84 82 52 76 12
best 449596
best 446362 step 1 time 677 ms
best 439516 step 14 time 4397 ms
best 439040 step 15 time 4826 ms
best 438802 step 17 time 5327 ms
best 435695 step 117 time 29920 ms
best 435237 step 388 time 96696 ms
best 435084 step 393 time 97884 ms
best 433658 step 1436 time 358745 ms
best 433476 step 2249 time 563098 ms
done 0 98 22 99 21 26 29 61 36 25 38 80 79 15 95 30 55 89 2 35 17 83 11 85 16 96 69 1 8 13 97 50 53 94 14 86 91 75 31 40 47 23 92 19 10 32 3 27 59 24 90 63 87 54 37 72 56 41 68 18 28 66 51 100 81 45 57 65 43 48 77 7 33 4 44 67 70 78 58 74 34 49 93 46 5 73 6 60 20 62 42 84 88 64 52 9 82 39 71 76 12
best 433476
time 950312 ms
seed 20
