jobs 100
mach 20
init 0 61 48 38 17 79 74 51 77 58 41 67 37 13 92 16 23 70 24 82 91 80 12 35 54 63 69 100 22 94 42 87 34 9 65 52 14 72 19 64 20 86 4 93 1 76 33 73 31 43 50 60 56 89 7 6 96 84 28 27 88 68 66 95 53 97 49 47 45 39 29 78 83 3 55 62 81 36 32 59 75 85 98 44 46 26 11 99 25 30 15 71 40 57 21 2 90 5 18 10 8
best 506372
best 499364 step 1 time 645 ms
best 498149 step 2 time 964 ms
best 494602 step 3 time 1268 ms
best 490962 step 4 time 1617 ms
best 487423 step 5 time 1929 ms
best 484786 step 6 time 2194 ms
best 484746 step 7 time 2322 ms
best 484200 step 79 time 19843 ms
best 483174 step 317 time 81022 ms
best 482597 step 318 time 81206 ms
best 482250 step 435 time 111542 ms
best 481003 step 794 time 202087 ms
best 480822 step 1115 time 284804 ms
best 479995 step 1122 time 286598 ms
best 479752 step 1125 time 287199 ms
best 477743 step 1965 time 498019 ms
best 477655 step 1966 time 498309 ms
best 477506 step 3633 time 917672 ms
done 0 61 48 77 79 41 51 37 58 17 67 13 92 74 38 70 80 23 54 86 24 12 87 84 83 82 22 63 91 69 9 35 34 42 7 16 65 14 94 64 66 20 19 52 4 72 33 6 76 1 60 89 47 68 93 96 50 73 28 56 43 27 100 95 39 97 31 49 81 78 62 53 88 59 30 36 99 45 29 98 3 55 75 85 46 11 25 44 21 32 2 26 15 71 40 57 90 8 5 18 10
best 477506
time 950021 ms
seed 20
