jobs 100
mach 20
init 0 23 62 34 1 17 75 37 55 21 52 45 71 32 16 25 44 60 29 98 19 42 12 80 66 40 79 27 11 87 50 61 5 88 69 18 84 81 85 97 70 51 89 65 49 94 56 77 59 82 39 64 26 68 83 73 9 22 10 47 58 86 95 76 53 78 24 90 2 33 54 36 6 20 91 67 15 99 46 13 63 31 92 100 35 8 14 30 48 41 7 74 72 96 3 28 4 93 38 43 57
best 564751
best 563671 step 4 time 1446 ms
best 561847 step 7 time 2027 ms
best 559605 step 8 time 2277 ms
best 557446 step 9 time 2632 ms
best 553557 step 13 time 3694 ms
best 553474 step 14 time 3934 ms
best 550739 step 15 time 4124 ms
best 546780 step 16 time 4440 ms
best 546131 step 17 time 4634 ms
best 545710 step 18 time 4907 ms
best 541741 step 37 time 9821 ms
best 541043 step 39 time 10350 ms
best 538958 step 43 time 11537 ms
best 538267 step 83 time 22598 ms
best 537694 step 84 time 22777 ms
best 537204 step 206 time 53942 ms
best 536113 step 260 time 66421 ms
best 535817 step 285 time 72839 ms
best 535811 step 287 time 73269 ms
done 0 23 62 1 45 17 75 37 55 21 52 80 34 71 32 25 19 98 16 12 44 60 61 27 40 77 66 29 42 79 68 88 84 50 11 18 39 69 85 87 5 81 64 26 86 22 53 51 59 49 83 70 97 82 10 95 65 90 76 36 73 9 2 58 56 94 89 33 78 6 47 63 24 99 30 92 31 13 91 67 15 14 41 20 100 96 3 28 8 46 54 35 74 7 72 57 4 38 48 93 43
best 535811
time 950192 ms
seed 20
