jobs 100
mach 20
init 0 69 25 1 92 48 31 100 19 97 39 21 96 75 4 38 65 51 9 64 23 35 89 49 50 86 91 24 29 77 99 82 52 22 95 63 60 68 87 70 37 45 66 32 79 59 36 73 6 85 83 16 71 94 44 41 42 11 2 14 17 3 47 18 88 93 7 90 62 34 72 98 13 78 8 67 54 40 84 30 27 56 53 55 10 20 12 61 80 26 76 58 46 43 5 33 15 28 81 74 57
best 505106
best 491891 step 1 time 1058 ms
best 488155 step 3 time 1534 ms
best 484169 step 12 time 3989 ms
best 484101 step 16 time 4756 ms
best 483536 step 17 time 5122 ms
best 477272 step 19 time 5696 ms
best 476476 step 47 time 12880 ms
best 476438 step 49 time 13399 ms
best 475091 step 50 time 13702 ms
best 472513 step 75 time 20704 ms
best 471396 step 115 time 30991 ms
best 471159 step 204 time 54061 ms
best 469859 step 205 time 54324 ms
best 468550 step 266 time 69812 ms
best 465318 step 517 time 136118 ms
best 464028 step 518 time 136347 ms
best 462079 step 3054 time 814894 ms
done 0 69 25 48 31 92 4 38 97 75 23 19 77 21 63 65 99 9 45 64 82 22 24 51 96 16 100 35 1 6 73 39 29 83 95 68 79 52 86 32 70 87 49 66 44 36 89 94 98 71 50 85 37 60 59 42 17 91 18 11 7 34 2 14 47 62 41 3 13 53 88 93 72 90 30 84 54 40 80 15 67 27 76 26 8 61 56 78 55 10 20 12 28 46 43 5 58 33 81 74 57
best 462079
time 950583 ms
seed 20
