jobs 100
mach 20
init 0 56 55 3 57 14 62 74 66 83 81 24 16 94 26 93 15 80 29 64 96 84 91 10 49 68 11 23 1 71 73 38 52 25 39 41 82 33 69 27 9 75 43 21 98 92 100 70 36 6 13 97 77 54 78 32 34 19 63 51 18 79 4 30 12 46 88 50 42 67 59 95 17 76 35 2 72 61 37 8 31 86 5 44 87 7 48 58 28 53 20 45 60 90 65 85 89 22 40 99 47
best 619845
best 619767 step 1 time 724 ms
best 616569 step 2 time 1010 ms
best 612069 step 3 time 1219 ms
best 605119 step 4 time 1599 ms
best 603854 step 5 time 2004 ms
best 600249 step 6 time 2282 ms
best 592476 step 7 time 2627 ms
best 591216 step 9 time 3207 ms
best 590353 step 10 time 3452 ms
best 582649 step 11 time 3686 ms
best 577034 step 75 time 21011 ms
best 573438 step 97 time 27644 ms
best 572837 step 875 time 224553 ms
best 571973 step 876 time 225013 ms
best 570610 step 3314 time 848487 ms
done 0 56 62 55 3 16 94 24 74 66 57 14 83 81 46 15 29 10 71 68 11 64 96 91 97 12 21 23 27 84 33 54 41 80 76 18 98 52 49 26 93 19 92 63 82 70 6 100 25 75 36 38 9 13 77 17 4 30 73 51 69 34 67 1 43 88 79 2 42 39 61 95 44 78 35 32 50 48 86 59 58 99 5 37 31 45 72 53 7 60 8 28 40 20 87 90 65 85 89 47 22
best 570610
time 950020 ms
seed 20
