jobs 100
mach 20
init 0 16 37 48 61 45 17 95 54 27 68 25 44 80 3 40 34 79 8 78 71 38 81 97 2 24 42 63 73 41 82 33 1 5 32 70 64 62 47 92 39 53 50 6 67 55 94 14 87 76 19 43 77 35 65 69 10 75 83 46 60 21 49 74 90 88 4 100 11 28 31 84 15 98 52 72 58 93 30 7 36 29 26 51 56 23 18 22 86 85 20 13 89 99 57 96 12 66 91 9 59
best 554042
best 552770 step 1 time 636 ms
best 549557 step 2 time 816 ms
best 547669 step 3 time 992 ms
best 539305 step 4 time 1275 ms
best 539059 step 16 time 5390 ms
best 538229 step 22 time 7459 ms
best 532470 step 30 time 10495 ms
best 527372 step 98 time 30296 ms
best 525629 step 101 time 31287 ms
best 525229 step 102 time 31505 ms
best 524007 step 105 time 33162 ms
best 520494 step 106 time 33411 ms
best 517635 step 107 time 33667 ms
best 514650 step 2959 time 927653 ms
done 0 16 33 30 27 17 61 37 80 25 78 71 54 68 92 40 95 44 45 8 79 94 19 24 55 63 81 1 42 2 97 41 62 5 32 70 65 38 73 64 39 47 53 82 77 34 50 83 14 87 10 43 6 75 69 3 46 67 35 76 11 31 74 15 60 100 21 52 49 90 88 86 26 98 4 48 84 93 23 28 72 20 58 18 7 56 51 89 13 29 99 96 85 12 36 22 66 59 57 91 9
best 514650
time 950432 ms
seed 20
