jobs 100
mach 20
init 0 33 39 26 24 5 86 12 80 82 18 72 29 64 69 11 63 54 42 53 89 7 90 79 43 17 25 56 49 97 57 59 61 99 71 13 92 77 81 68 9 88 78 100 52 40 44 55 50 8 84 6 95 38 93 19 73 85 45 28 30 37 4 87 1 20 14 58 96 15 46 65 23 83 3 67 27 16 51 47 66 98 60 32 10 76 94 75 70 31 41 22 62 36 48 34 21 35 2 91 74
best 548853
best 546833 step 1 time 567 ms
best 535551 step 10 time 3128 ms
best 534736 step 12 time 3649 ms
best 533845 step 13 time 3900 ms
best 530367 step 14 time 4198 ms
best 529723 step 53 time 14680 ms
best 529498 step 54 time 15057 ms
best 527874 step 164 time 43214 ms
best 526580 step 182 time 47598 ms
best 524723 step 265 time 69437 ms
best 522523 step 297 time 77195 ms
best 522429 step 346 time 89858 ms
best 518000 step 686 time 178883 ms
done 0 33 26 24 52 78 18 86 14 72 12 69 29 80 64 11 54 61 63 89 42 82 79 17 7 90 43 56 49 25 97 99 13 77 81 88 57 19 92 5 100 9 8 40 68 59 84 53 6 15 45 95 28 73 85 44 55 71 4 93 50 37 1 20 23 58 87 83 65 3 39 67 27 96 16 30 51 47 66 10 98 38 46 60 94 70 41 76 32 62 75 91 31 22 48 36 21 35 74 2 34
best 518000
time 950072 ms
seed 20
