jobs 50
mach 20
init 0 48 25 6 29 40 41 10 33 26 1 24 32 44 27 28 42 5 12 23 21 34 11 3 22 31 19 15 37 50 2 17 38 4 16 36 13 35 30 18 39 46 45 7 20 8 43 9 14 47 49
best 20730
best 19964 step 8 time 264 ms
best 19312 step 9 time 278 ms
best 19191 step 10 time 308 ms
best 18259 step 19 time 498 ms
best 17839 step 83 time 1908 ms
best 17805 step 7442 time 178025 ms
best 17798 step 8633 time 206770 ms
best 17779 step 10976 time 263136 ms
best 17759 step 38336 time 912703 ms
done 0 6 40 29 25 41 10 33 26 1 24 32 48 44 27 28 42 13 12 23 21 34 11 3 17 37 38 22 19 5 31 15 36 50 16 4 35 2 30 39 18 46 45 20 8 14 43 9 7 49 47
best 17759
time 950019 ms
seed 20
