jobs 50
mach 20
init 0 46 16 38 35 47 31 43 32 42 21 33 20 26 12 11 48 45 28 36 6 44 17 10 9 25 50 23 40 15 14 7 2 18 8 3 13 1 41 22 49 27 4 29 37 39 5 19 24 34 30
best 26154
best 25456 step 4 time 121 ms
best 24678 step 22 time 561 ms
best 24350 step 24 time 609 ms
best 24323 step 29 time 713 ms
best 24051 step 40 time 971 ms
best 24033 step 41 time 980 ms
best 24028 step 74 time 1720 ms
best 23770 step 654 time 13450 ms
done 0 46 43 16 35 38 47 32 42 20 31 48 21 33 12 26 11 36 45 28 6 44 17 10 9 14 23 19 25 7 40 15 2 8 18 50 13 41 49 39 22 27 1 4 29 37 3 24 34 30 5
best 23770
time 950001 ms
seed 20
