jobs 50
mach 20
init 0 34 20 44 38 17 46 1 13 24 3 16 21 19 22 2 28 48 25 42 40 36 33 12 23 43 7 14 5 41 50 4 32 49 29 6 37 30 27 18 26 10 15 8 31 11 9 39 45 35 47
best 42342
best 42311 step 1 time 65 ms
best 42173 step 2 time 91 ms
best 41193 step 12 time 277 ms
best 40446 step 15 time 346 ms
best 40165 step 17 time 404 ms
best 39988 step 51 time 960 ms
best 39287 step 66 time 1218 ms
best 39049 step 94 time 1738 ms
best 38845 step 98 time 1816 ms
best 38184 step 105 time 1909 ms
best 38007 step 2289 time 39102 ms
done 0 34 16 44 20 17 46 1 13 24 3 38 19 21 28 22 2 48 25 40 42 29 36 33 12 23 7 14 41 5 4 50 15 32 49 37 30 43 27 6 11 10 8 18 26 45 9 39 31 35 47
best 38007
time 950013 ms
seed 20
