jobs 50
mach 20
init 0 32 15 36 35 22 17 7 47 30 43 2 14 4 19 11 28 39 1 49 21 3 6 8 13 5 27 46 42 29 44 20 9 38 31 25 45 34 50 37 40 23 10 26 33 18 12 48 41 24 16
best 35449
best 35004 step 19 time 387 ms
best 34506 step 25 time 484 ms
best 33171 step 39 time 711 ms
best 32811 step 56 time 986 ms
best 32693 step 63 time 1066 ms
best 32648 step 228 time 3605 ms
best 32489 step 248 time 3877 ms
best 31999 step 456 time 7438 ms
best 31606 step 457 time 7457 ms
done 0 32 36 15 35 2 22 7 39 47 30 43 31 19 14 11 4 1 21 17 6 49 28 13 8 5 27 46 3 29 42 44 48 20 9 38 25 45 34 50 37 40 23 10 26 33 18 12 41 24 16
best 31606
time 950000 ms
seed 20
