jobs 50
mach 20
init 0 33 18 10 50 8 11 1 20 37 9 29 45 3 48 17 6 39 35 31 41 4 22 43 13 2 34 46 44 47 19 32 14 26 36 24 38 12 5 25 21 30 7 15 42 23 28 49 40 27 16
best 15663
best 14412 step 1 time 87 ms
best 13924 step 4 time 171 ms
best 13853 step 6 time 207 ms
best 12081 step 28 time 591 ms
best 12069 step 31 time 638 ms
done 0 33 18 10 45 8 29 11 50 1 37 9 20 3 48 17 6 31 41 39 35 43 44 2 4 13 46 34 22 19 14 47 32 36 12 5 26 24 38 25 21 7 30 15 42 16 23 49 40 27 28
best 12069
time 950011 ms
seed 20
