jobs 60
mach 20
init 0 2 48 15 23 53 13 60 37 22 31 30 49 9 4 20 41 5 50 33 52 46 42 34 58 17 45 11 14 59 16 35 40 57 55 36 25 19 47 56 7 21 6 32 26 27 44 54 12 3 18 8 43 38 39 1 28 24 29 10 51
best 90928
best 90889 step 2 time 141 ms
best 90684 step 4 time 233 ms
best 87094 step 16 time 574 ms
best 85784 step 17 time 621 ms
best 85422 step 29 time 962 ms
best 84843 step 32 time 1090 ms
best 80588 step 39 time 1410 ms
best 80432 step 41 time 1461 ms
best 80233 step 1197 time 41674 ms
best 79663 step 2040 time 70289 ms
best 79643 step 5848 time 202378 ms
best 79562 step 9837 time 339498 ms
best 79309 step 25879 time 890861 ms
done 0 2 60 48 15 53 30 31 49 23 13 41 50 9 20 52 42 22 4 34 45 33 5 58 46 17 14 11 55 59 37 25 40 44 7 57 16 36 56 47 32 19 6 21 26 27 12 35 54 39 3 18 8 43 38 1 24 28 10 29 51
best 79309
time 950013 ms
seed 20
