jobs 70
mach 20
init 0 38 11 13 61 14 12 69 68 64 25 63 44 7 15 59 46 20 9 29 58 70 40 41 31 17 23 66 10 60 24 34 22 3 18 6 51 36 4 54 53 47 65 27 42 8 57 32 1 16 33 5 26 67 52 55 48 37 35 50 21 56 39 2 45 30 28 62 19 49 43
best 213520
best 211784 step 3 time 343 ms
best 202068 step 5 time 533 ms
best 201162 step 11 time 957 ms
best 200475 step 23 time 1752 ms
best 198382 step 24 time 1811 ms
best 197856 step 2005 time 134410 ms
best 197564 step 2006 time 134469 ms
best 197398 step 2327 time 155506 ms
best 196772 step 2330 time 155712 ms
best 196770 step 4621 time 306996 ms
best 196328 step 6648 time 441278 ms
best 195656 step 6654 time 441666 ms
best 194761 step 12394 time 822189 ms
best 194096 step 12401 time 822491 ms
done 0 38 11 69 61 29 14 12 17 68 64 25 63 44 13 60 66 59 22 46 15 20 58 40 7 31 54 24 67 34 9 23 10 70 41 33 51 36 47 18 6 4 3 65 27 42 21 5 8 57 32 37 16 26 53 1 55 48 50 52 35 56 62 45 39 30 28 2 19 49 43
best 194096
time 950028 ms
seed 20
