jobs 70
mach 20
init 0 15 11 43 53 51 61 26 24 5 59 14 45 49 42 8 35 40 62 23 55 56 4 37 69 64 57 70 18 68 6 28 2 29 50 34 48 44 52 63 41 13 25 21 16 67 31 65 17 20 7 66 22 27 33 12 9 32 60 19 54 36 58 47 10 30 46 1 39 38 3
best 126651
best 123022 step 1 time 295 ms
best 123021 step 2 time 363 ms
best 122655 step 3 time 422 ms
best 122258 step 7 time 636 ms
best 122244 step 8 time 691 ms
best 121488 step 15 time 1280 ms
best 121367 step 16 time 1371 ms
best 120492 step 17 time 1511 ms
best 120423 step 18 time 1585 ms
best 119637 step 34 time 2524 ms
best 117533 step 38 time 2742 ms
best 116662 step 39 time 2782 ms
best 116619 step 44 time 3115 ms
best 114997 step 89 time 6315 ms
best 114676 step 90 time 6353 ms
best 113169 step 91 time 6449 ms
best 112963 step 3642 time 242077 ms
best 112853 step 11002 time 732105 ms
done 0 4 43 15 51 53 61 11 26 24 23 5 14 52 45 8 35 62 59 42 68 55 13 56 69 37 49 17 57 64 6 25 18 70 28 29 50 34 48 44 40 2 16 41 21 67 31 65 20 7 27 9 66 22 12 33 36 60 63 32 19 30 58 39 38 47 54 46 10 1 3
best 112853
time 950009 ms
seed 20
