jobs 70
mach 20
init 0 24 27 64 38 10 56 26 42 41 6 45 18 17 16 15 20 65 50 62 57 59 53 13 12 34 14 30 54 25 2 63 55 58 31 36 9 69 44 29 47 7 66 22 19 39 33 68 23 43 11 8 4 21 28 52 49 67 5 32 70 60 35 61 1 51 3 48 37 40 46
best 163814
best 154875 step 1 time 219 ms
best 154148 step 2 time 309 ms
best 150362 step 3 time 418 ms
best 149765 step 4 time 520 ms
best 149633 step 5 time 576 ms
best 149338 step 6 time 631 ms
best 148953 step 12 time 945 ms
best 147218 step 13 time 1026 ms
best 146400 step 63 time 4197 ms
best 146101 step 76 time 5120 ms
best 142177 step 85 time 5976 ms
best 141515 step 89 time 6323 ms
best 140924 step 92 time 6565 ms
best 140508 step 3376 time 227028 ms
best 140455 step 5188 time 347888 ms
best 139779 step 5199 time 348561 ms
done 0 24 27 64 38 15 18 10 20 6 41 56 26 17 42 13 31 34 54 65 45 62 50 59 52 14 25 53 57 12 69 30 11 63 8 16 55 9 58 36 47 44 29 7 66 33 22 19 43 49 68 23 2 4 21 28 67 1 5 32 70 60 39 3 35 48 61 51 37 40 46
best 139779
time 950057 ms
seed 20
