jobs 70
mach 20
init 0 47 34 53 32 55 70 16 3 50 64 38 28 56 20 4 41 26 42 11 13 12 68 54 2 27 15 21 39 22 7 65 10 1 30 52 36 35 14 45 57 37 33 44 51 67 6 8 9 63 59 25 62 66 60 61 31 17 24 46 40 69 29 48 18 43 23 19 58 49 5
best 154416
best 151214 step 1 time 430 ms
best 150431 step 4 time 618 ms
best 150411 step 7 time 847 ms
best 150369 step 8 time 950 ms
best 147816 step 16 time 1780 ms
best 146694 step 422 time 37381 ms
best 146663 step 630 time 55077 ms
best 145778 step 636 time 55652 ms
best 145774 step 637 time 55751 ms
best 145771 step 638 time 55800 ms
best 145584 step 1014 time 88150 ms
best 145451 step 1205 time 104567 ms
best 145450 step 1478 time 127992 ms
best 144800 step 3652 time 317459 ms
done 0 47 34 32 16 27 53 70 20 56 38 3 11 2 50 41 28 55 15 42 64 54 26 22 68 13 21 12 4 7 14 1 65 10 30 52 33 36 35 57 67 45 44 37 6 25 39 9 63 17 48 8 62 66 24 61 31 46 59 40 69 60 29 51 18 43 23 58 19 49 5
best 144800
time 950050 ms
seed 20
