jobs 70
mach 20
init 0 22 50 27 67 36 12 54 38 64 8 48 13 63 66 51 61 43 16 24 44 34 45 3 11 25 32 53 29 41 65 46 9 33 6 68 58 42 20 31 2 19 40 70 7 37 49 18 28 56 26 52 57 4 47 23 62 39 21 1 30 5 60 15 14 55 17 59 35 10 69
best 177381
best 175502 step 2 time 312 ms
best 175223 step 3 time 357 ms
best 170037 step 4 time 442 ms
best 168495 step 7 time 625 ms
best 164780 step 8 time 684 ms
best 164131 step 9 time 770 ms
best 162511 step 10 time 864 ms
best 162121 step 349 time 23664 ms
best 162098 step 350 time 23725 ms
best 161910 step 352 time 23845 ms
best 161408 step 354 time 23964 ms
best 161138 step 356 time 24037 ms
best 160978 step 3128 time 205391 ms
best 160718 step 10632 time 695391 ms
done 0 23 29 22 66 12 27 36 63 51 50 64 38 48 8 61 13 44 16 24 25 53 32 41 9 67 43 34 3 65 37 11 45 6 54 39 20 2 31 68 56 26 33 46 19 40 70 7 49 57 58 42 18 52 28 4 47 1 62 10 60 21 30 59 5 14 55 15 17 35 69
best 160718
time 950081 ms
seed 20
