jobs 70
mach 20
init 0 22 28 59 15 43 10 9 41 53 58 21 25 3 14 47 38 52 61 49 6 32 13 16 37 56 46 12 4 20 36 29 57 48 35 31 11 68 65 54 66 1 62 30 42 51 67 27 55 26 70 39 63 24 19 40 45 2 34 18 64 33 44 69 23 7 60 50 17 8 5
best 136117
best 131852 step 2 time 335 ms
best 131400 step 51 time 3314 ms
best 130792 step 52 time 3376 ms
best 129666 step 56 time 3696 ms
best 128695 step 57 time 3766 ms
best 127942 step 75 time 4881 ms
best 127184 step 77 time 5001 ms
best 126237 step 110 time 7145 ms
best 125703 step 2296 time 152810 ms
best 124711 step 2298 time 152922 ms
done 0 53 25 59 41 28 15 43 51 21 3 10 9 61 58 13 49 6 14 22 47 68 52 32 62 16 37 46 63 4 48 20 57 36 31 35 11 29 55 12 30 54 42 65 1 67 38 70 27 40 39 66 26 24 18 64 2 56 44 19 23 7 45 60 69 50 34 8 5 17 33
best 124711
time 950057 ms
seed 20
