jobs 80
mach 20
init 0 12 70 45 13 50 55 1 72 2 43 68 71 15 54 34 6 7 74 47 64 26 37 32 4 27 29 23 48 67 17 22 53 35 25 39 40 33 61 49 46 51 65 9 8 66 75 36 52 38 18 60 57 21 42 56 16 78 73 80 63 14 5 79 20 3 58 41 30 19 76 28 59 77 62 24 11 31 69 10 44
best 197466
best 196688 step 4 time 754 ms
best 194124 step 5 time 860 ms
best 192114 step 9 time 1259 ms
best 190339 step 10 time 1426 ms
best 189397 step 11 time 1471 ms
best 187750 step 16 time 2087 ms
best 182391 step 41 time 5584 ms
best 180821 step 42 time 5640 ms
best 180013 step 43 time 5734 ms
best 176654 step 45 time 5909 ms
best 176000 step 46 time 6061 ms
best 175787 step 55 time 7031 ms
best 175669 step 243 time 27889 ms
best 175433 step 244 time 27988 ms
best 174610 step 245 time 28102 ms
best 173440 step 2092 time 230256 ms
best 173370 step 2709 time 297209 ms
best 173252 step 2761 time 302630 ms
best 172773 step 2764 time 302878 ms
best 171764 step 2768 time 303220 ms
done 0 55 2 1 45 13 43 68 67 71 70 34 6 54 7 74 8 72 47 78 50 22 26 48 46 37 36 32 23 4 27 29 53 17 9 39 25 40 35 49 33 61 65 51 16 15 52 56 66 75 38 3 21 60 57 42 18 58 73 64 63 80 14 5 79 41 20 76 77 59 31 19 11 28 62 30 44 24 69 12 10
best 171764
time 950027 ms
seed 20
