jobs 80
mach 20
init 0 77 22 54 7 67 5 16 27 64 18 42 14 23 19 58 66 80 49 39 3 60 38 34 26 72 40 51 63 47 75 50 35 11 29 68 1 33 41 46 21 74 56 6 45 79 62 9 4 61 78 52 48 31 25 73 37 15 8 28 36 65 53 69 43 17 57 12 71 20 59 10 70 76 2 24 13 44 55 32 30
best 237489
best 230609 step 4 time 865 ms
best 228179 step 7 time 1207 ms
best 224887 step 9 time 1496 ms
best 222551 step 10 time 1678 ms
best 222495 step 11 time 1752 ms
best 221747 step 72 time 9771 ms
best 221403 step 73 time 9908 ms
best 221023 step 100 time 13694 ms
best 220949 step 102 time 13931 ms
best 220512 step 142 time 18711 ms
best 220322 step 149 time 19616 ms
best 219329 step 814 time 108407 ms
best 218597 step 1584 time 207557 ms
best 216627 step 7218 time 931802 ms
best 216613 step 7221 time 932030 ms
done 0 67 22 54 7 16 23 18 64 39 5 77 42 14 19 58 66 63 51 80 75 3 72 33 69 49 26 34 40 79 38 50 35 11 21 6 74 46 47 48 25 56 1 27 61 4 60 45 62 78 29 31 68 15 59 52 37 41 9 73 8 36 65 53 17 57 28 43 13 71 20 10 12 70 76 2 24 44 55 32 30
best 216613
time 950014 ms
seed 20
