jobs 80
mach 20
init 0 5 9 63 75 49 28 48 35 39 74 32 11 10 21 23 44 13 18 24 61 68 31 4 69 64 70 34 1 25 52 12 7 33 36 60 43 22 59 14 73 46 45 17 8 26 16 51 66 30 57 37 50 29 62 20 6 80 2 76 55 79 15 42 58 56 38 19 41 53 71 65 72 78 3 77 47 40 67 27 54
best 214046
best 212406 step 1 time 379 ms
best 211595 step 2 time 466 ms
best 211282 step 4 time 652 ms
best 196922 step 5 time 788 ms
best 196035 step 7 time 961 ms
best 191320 step 8 time 1096 ms
best 189605 step 9 time 1214 ms
best 188470 step 416 time 43568 ms
best 187868 step 447 time 46762 ms
best 187062 step 466 time 49030 ms
best 187052 step 476 time 49897 ms
best 186986 step 477 time 49993 ms
done 0 5 9 52 75 28 48 74 49 60 35 39 36 21 18 44 59 11 10 32 33 31 68 4 23 64 13 1 24 61 69 7 34 25 12 43 70 42 14 73 46 57 2 45 8 26 16 51 17 66 30 37 6 50 20 15 62 29 58 56 38 76 55 80 22 72 41 78 47 63 71 65 79 40 3 27 53 19 54 77 67
best 186986
time 950112 ms
seed 20
