jobs 80
mach 20
init 0 20 68 46 25 54 65 60 27 22 66 72 26 76 9 14 24 43 39 70 10 75 71 42 2 41 59 53 64 34 56 47 18 38 5 31 11 17 50 23 52 49 57 40 33 61 51 80 35 15 12 44 69 62 36 13 28 37 16 4 74 45 78 67 1 30 48 58 21 3 32 7 55 6 77 19 8 29 63 73 79
best 252846
best 249075 step 1 time 426 ms
best 248423 step 2 time 550 ms
best 248269 step 3 time 600 ms
best 245545 step 4 time 690 ms
best 239070 step 5 time 820 ms
best 236770 step 6 time 975 ms
best 232907 step 29 time 3732 ms
best 232322 step 30 time 3821 ms
best 232315 step 31 time 3925 ms
best 231468 step 38 time 4521 ms
best 231132 step 41 time 4868 ms
best 230526 step 47 time 5484 ms
best 229872 step 62 time 7220 ms
best 229497 step 65 time 7477 ms
best 229358 step 66 time 7537 ms
best 229132 step 67 time 7611 ms
best 226960 step 162 time 18117 ms
best 225947 step 456 time 50114 ms
best 225879 step 458 time 50204 ms
done 0 68 20 71 46 60 65 54 26 9 25 43 24 27 22 39 70 72 10 14 76 33 35 66 42 2 41 61 64 34 56 13 47 50 38 18 5 31 51 59 11 53 17 49 15 52 69 40 4 57 80 45 48 23 62 16 1 30 12 74 75 78 37 44 3 28 36 6 55 32 67 77 19 21 58 8 29 63 73 79 7
best 225879
time 950044 ms
seed 20
