jobs 80
mach 20
init 0 38 56 47 31 59 17 21 54 64 34 73 50 3 57 60 72 15 67 29 18 69 41 62 43 66 19 71 4 7 32 52 49 44 8 13 74 14 53 22 63 48 23 76 42 75 45 30 11 2 36 35 39 68 78 40 46 25 58 55 33 27 28 77 10 61 80 16 51 79 6 20 24 26 65 12 5 9 1 37 70
best 304813
best 291288 step 16 time 2133 ms
best 289466 step 17 time 2295 ms
best 286774 step 52 time 5786 ms
best 285685 step 54 time 5978 ms
best 284915 step 515 time 56453 ms
best 284708 step 523 time 57195 ms
best 284691 step 525 time 57370 ms
best 283826 step 529 time 57820 ms
best 282925 step 2324 time 254946 ms
best 281138 step 3242 time 354607 ms
best 280975 step 3254 time 355625 ms
done 0 38 56 47 57 59 17 50 31 21 32 15 3 60 29 18 67 64 72 54 66 71 4 62 2 41 34 43 74 49 7 23 11 27 13 14 69 44 8 30 36 48 63 52 42 39 22 45 76 75 46 25 58 55 40 19 73 53 35 78 65 77 28 33 80 16 68 61 1 20 6 24 51 79 10 26 12 5 9 37 70
best 280975
time 950050 ms
seed 20
