jobs 80
mach 20
init 0 45 24 29 78 42 75 1 19 56 63 14 61 12 20 46 7 22 66 49 31 33 27 76 62 44 57 17 71 69 41 79 30 34 60 3 67 53 4 10 48 26 32 11 77 15 73 51 35 72 39 9 28 40 74 5 8 16 80 70 2 50 59 38 64 18 25 68 21 23 54 58 43 36 6 13 55 37 47 52 65
best 199416
best 189795 step 1 time 472 ms
best 188246 step 11 time 1798 ms
best 184869 step 12 time 2036 ms
best 184159 step 14 time 2375 ms
best 183875 step 22 time 3210 ms
best 181563 step 41 time 5695 ms
best 181486 step 42 time 5757 ms
best 181286 step 43 time 5926 ms
best 178594 step 56 time 7682 ms
best 178037 step 57 time 7855 ms
best 176572 step 300 time 37488 ms
best 175665 step 1212 time 151223 ms
best 174763 step 3661 time 452378 ms
best 174243 step 3668 time 453241 ms
best 173612 step 3670 time 453452 ms
done 0 19 3 24 45 42 46 1 76 63 75 78 14 7 61 12 20 56 29 41 49 44 31 10 22 27 71 69 60 11 17 33 35 79 4 57 34 53 59 72 30 66 48 26 32 15 77 5 73 28 51 50 39 9 74 8 16 67 80 25 21 2 40 64 62 18 68 54 38 58 70 23 13 43 36 6 55 37 47 52 65
best 173612
time 950047 ms
seed 20
