jobs 80
mach 20
init 0 26 47 44 25 53 5 1 72 31 21 15 18 2 48 45 30 43 3 77 59 78 67 69 55 80 4 9 40 79 73 39 29 76 12 32 74 19 71 57 16 50 11 51 63 22 75 65 14 28 17 62 42 27 70 66 60 33 64 52 68 24 41 56 46 36 7 49 10 13 35 58 6 20 34 23 38 8 37 54 61
best 237431
best 234008 step 1 time 301 ms
best 229599 step 2 time 442 ms
best 229096 step 10 time 1424 ms
best 226813 step 11 time 1678 ms
best 226304 step 80 time 8560 ms
best 224342 step 81 time 8697 ms
best 223515 step 83 time 8862 ms
best 223411 step 86 time 9310 ms
best 223041 step 98 time 10515 ms
best 222013 step 99 time 10581 ms
best 221588 step 158 time 16313 ms
best 221455 step 159 time 16514 ms
best 219748 step 160 time 16669 ms
best 217987 step 223 time 22820 ms
best 217630 step 322 time 33460 ms
best 217022 step 1530 time 160549 ms
best 217003 step 1627 time 170351 ms
best 215857 step 1628 time 170482 ms
best 214059 step 2550 time 267967 ms
best 214031 step 2552 time 268326 ms
best 213571 step 2553 time 268434 ms
best 212803 step 7728 time 799909 ms
done 0 47 5 26 21 72 53 15 1 25 48 59 69 18 45 3 2 43 77 44 31 80 67 76 30 32 4 55 40 79 73 9 29 12 57 16 63 22 39 28 74 71 50 11 19 75 17 65 62 78 51 14 60 27 70 66 49 68 42 36 24 64 13 7 52 56 46 35 41 6 33 20 10 8 58 34 37 23 38 54 61
best 212803
time 950005 ms
seed 20
