jobs 80
mach 20
init 0 21 36 65 66 20 77 1 25 68 31 74 58 3 4 16 50 27 70 40 11 56 28 33 75 49 57 44 69 6 23 73 22 53 34 5 45 14 30 18 46 51 29 52 79 10 55 8 80 19 7 32 61 12 76 63 78 17 38 64 42 41 37 47 35 43 62 9 48 13 60 26 39 2 24 15 71 72 67 59 54
best 299663
best 299545 step 1 time 280 ms
best 269320 step 2 time 546 ms
best 268119 step 3 time 700 ms
best 268084 step 4 time 770 ms
best 263291 step 5 time 956 ms
best 260663 step 8 time 1297 ms
best 258865 step 10 time 1485 ms
best 257197 step 632 time 72464 ms
best 256586 step 758 time 87588 ms
best 256243 step 1162 time 133206 ms
best 254826 step 1163 time 133326 ms
best 254740 step 4077 time 465400 ms
best 254200 step 4079 time 465516 ms
best 254028 step 4081 time 465694 ms
best 253910 step 4092 time 466704 ms
best 251280 step 4095 time 467165 ms
done 0 21 65 68 1 36 25 58 70 23 4 77 55 66 33 34 16 31 27 69 17 74 3 56 40 11 49 57 20 75 8 44 45 5 80 73 22 53 50 46 6 30 18 51 52 14 19 10 61 79 32 76 62 7 28 12 29 38 41 78 63 64 47 35 48 9 13 37 43 42 60 26 39 71 24 2 72 67 59 15 54
best 251280
time 950043 ms
seed 20
