jobs 80
mach 20
init 0 20 47 79 77 28 80 36 56 23 59 22 38 6 37 7 55 14 11 61 75 69 12 18 48 26 16 53 33 30 54 9 43 42 70 27 45 32 49 58 66 63 5 24 71 52 21 65 8 15 74 4 51 17 60 40 72 64 13 62 10 34 46 50 57 29 67 39 35 2 73 41 76 3 25 1 78 68 19 31 44
best 320655
best 317860 step 3 time 598 ms
best 307838 step 4 time 923 ms
best 306622 step 8 time 1501 ms
best 301445 step 17 time 2356 ms
best 300137 step 19 time 2641 ms
best 297308 step 20 time 2731 ms
best 296594 step 21 time 2829 ms
best 294567 step 22 time 2917 ms
best 290658 step 23 time 3100 ms
best 290142 step 337 time 38421 ms
best 289764 step 2823 time 315053 ms
best 287637 step 2824 time 315232 ms
best 287161 step 8473 time 938659 ms
best 284951 step 8474 time 938764 ms
done 0 47 79 36 59 23 77 28 56 80 37 12 61 58 71 38 6 55 7 40 69 45 11 14 18 33 74 10 70 27 26 54 51 43 16 42 30 49 53 75 60 8 5 63 24 52 32 13 65 21 66 9 62 4 22 34 17 67 57 72 46 50 64 35 15 2 76 48 29 20 39 3 73 25 1 31 41 78 68 44 19
best 284951
time 950067 ms
seed 20
