jobs 90
mach 20
init 0 23 12 27 78 1 55 9 56 80 7 81 75 16 61 44 65 17 66 57 26 82 37 11 6 43 42 85 84 76 10 60 36 49 83 63 35 45 33 59 2 64 58 77 50 18 3 48 14 52 71 53 32 70 8 47 31 90 19 62 39 28 4 24 46 67 13 5 25 68 51 73 15 74 87 38 34 86 21 88 89 69 30 29 20 41 22 54 72 79 40
best 355292
best 348643 step 1 time 581 ms
best 347923 step 6 time 1378 ms
best 347467 step 8 time 1770 ms
best 344839 step 13 time 2385 ms
best 344428 step 17 time 3122 ms
best 344067 step 20 time 3687 ms
best 344007 step 21 time 3844 ms
best 341890 step 22 time 3999 ms
best 338238 step 29 time 4954 ms
best 334925 step 30 time 5123 ms
best 333519 step 32 time 5483 ms
best 333112 step 34 time 5632 ms
best 332243 step 41 time 6675 ms
best 332097 step 102 time 17185 ms
best 329900 step 105 time 17549 ms
best 329470 step 182 time 28535 ms
best 329118 step 183 time 28677 ms
best 329018 step 677 time 109447 ms
best 327990 step 879 time 141463 ms
best 327666 step 2723 time 440600 ms
best 325546 step 5282 time 860776 ms
done 0 23 12 66 78 16 1 55 9 7 81 11 53 65 61 44 56 80 17 82 64 57 76 43 85 6 37 27 42 84 10 60 49 2 36 83 63 26 58 35 45 33 77 3 39 50 32 52 24 71 70 47 67 73 31 90 8 59 19 48 62 18 13 75 51 46 28 4 14 25 68 87 88 89 5 29 86 30 74 69 15 38 34 21 79 41 54 72 20 40 22
best 325546
time 950027 ms
seed 20
