jobs 90
mach 20
init 0 26 9 75 53 1 49 55 28 83 20 40 73 70 39 68 35 8 72 45 30 60 64 87 77 59 52 74 29 25 32 14 86 42 13 63 21 17 7 44 6 50 4 48 43 67 62 89 54 18 57 65 82 69 22 36 23 66 88 16 31 19 38 41 10 34 33 47 79 27 3 12 80 61 85 24 81 78 84 2 51 5 11 15 76 90 46 37 71 58 56
best 415913
best 410780 step 1 time 472 ms
best 407811 step 2 time 679 ms
best 401891 step 4 time 1072 ms
best 399530 step 6 time 1415 ms
best 398219 step 16 time 3173 ms
best 397456 step 18 time 3480 ms
best 396225 step 43 time 7810 ms
best 394502 step 52 time 9130 ms
best 393225 step 57 time 10136 ms
best 392781 step 118 time 20053 ms
best 390588 step 148 time 25424 ms
best 390429 step 149 time 25533 ms
best 389521 step 256 time 43008 ms
best 388835 step 257 time 43139 ms
best 387504 step 262 time 44132 ms
best 387281 step 263 time 44292 ms
best 385810 step 415 time 69822 ms
best 382563 step 742 time 122800 ms
best 381916 step 1137 time 189244 ms
best 381712 step 1139 time 189490 ms
done 0 47 26 75 20 53 83 59 73 18 64 28 1 70 55 49 68 35 72 39 30 8 44 40 43 77 52 29 25 42 7 32 63 36 21 45 89 13 54 17 16 86 14 57 6 19 9 4 74 50 67 65 62 48 31 66 82 23 87 69 41 84 85 22 38 33 60 10 34 27 88 12 79 37 80 78 81 5 3 24 61 11 15 51 2 76 90 46 56 71 58
best 381712
time 950123 ms
seed 20
