jobs 90
mach 20
init 0 52 73 65 13 5 30 57 2 44 63 75 53 67 81 32 61 42 20 4 66 55 60 76 1 43 16 8 64 7 77 51 3 50 24 88 87 80 22 39 31 46 90 27 19 68 70 47 17 25 86 40 69 37 72 10 49 82 79 85 56 38 26 89 21 34 15 58 33 71 11 78 83 36 12 14 48 28 23 74 59 6 62 9 84 54 35 18 29 41 45
best 304904
best 302508 step 15 time 2684 ms
best 300716 step 16 time 2886 ms
best 300420 step 17 time 3067 ms
best 300396 step 20 time 3456 ms
best 295018 step 43 time 7194 ms
best 294502 step 44 time 7343 ms
best 293866 step 45 time 7394 ms
best 292664 step 51 time 8455 ms
best 291119 step 57 time 9321 ms
best 291091 step 938 time 151093 ms
best 291065 step 1313 time 210918 ms
best 290847 step 1912 time 309990 ms
best 290766 step 1921 time 311309 ms
best 290737 step 1922 time 311408 ms
best 290042 step 1927 time 311916 ms
done 0 52 65 13 5 30 88 66 57 44 42 64 81 75 53 1 61 20 4 76 7 77 67 60 43 2 51 3 63 55 8 87 39 50 24 70 73 22 68 80 31 46 19 32 90 27 49 26 10 25 86 40 69 47 37 12 21 82 56 38 79 89 85 14 11 71 83 72 28 78 17 48 74 16 36 33 58 34 15 23 29 35 62 59 6 84 54 9 41 18 45
best 290042
time 950036 ms
seed 20
