jobs 90
mach 20
init 0 45 89 53 30 35 25 4 46 27 42 76 73 62 88 31 33 55 52 69 44 80 57 58 37 32 5 14 81 36 77 28 65 9 54 67 72 17 12 6 64 43 90 79 66 83 1 50 26 70 85 78 39 29 2 87 3 60 13 15 48 61 41 10 84 24 34 74 7 63 59 21 75 71 20 8 51 11 47 23 68 19 40 16 38 82 86 18 22 49 56
best 385153
best 378907 step 1 time 604 ms
best 364012 step 3 time 996 ms
best 361530 step 7 time 1693 ms
best 361386 step 8 time 1837 ms
best 360547 step 9 time 1958 ms
best 358520 step 12 time 2374 ms
best 356996 step 14 time 2651 ms
best 356787 step 22 time 3700 ms
best 356271 step 23 time 3795 ms
best 354924 step 24 time 3949 ms
best 354184 step 44 time 7372 ms
best 352458 step 47 time 7961 ms
best 351717 step 48 time 8088 ms
best 351477 step 57 time 9512 ms
best 351054 step 58 time 9731 ms
best 350845 step 60 time 9963 ms
best 350442 step 64 time 10567 ms
best 350336 step 65 time 10715 ms
best 349857 step 80 time 13040 ms
best 347868 step 81 time 13281 ms
best 347207 step 187 time 30624 ms
best 345791 step 190 time 31039 ms
best 341177 step 198 time 32715 ms
best 340546 step 454 time 76136 ms
best 339279 step 456 time 76452 ms
best 338852 step 457 time 76575 ms
done 0 42 69 35 4 89 12 31 62 53 76 46 65 30 5 58 25 54 9 55 33 80 27 77 32 17 44 36 57 37 52 28 88 45 6 64 48 26 66 83 1 67 72 79 14 81 70 13 78 85 29 90 50 73 39 2 43 87 3 60 15 61 7 41 24 34 74 20 8 84 51 10 59 75 71 11 21 63 38 22 19 47 82 56 18 68 49 40 16 86 23
best 338852
time 950019 ms
seed 20
