jobs 90
mach 20
init 0 20 52 85 12 31 57 2 33 90 14 42 46 24 39 48 81 5 34 71 32 25 37 43 75 59 17 45 69 88 87 63 23 21 54 26 78 82 4 22 18 79 27 86 10 1 29 6 70 61 55 77 11 68 28 15 40 49 67 53 80 19 58 76 50 56 73 35 13 41 47 65 66 83 72 8 3 36 44 89 64 7 62 60 74 16 38 51 30 9 84
best 402803
best 394799 step 1 time 696 ms
best 393646 step 2 time 856 ms
best 392298 step 3 time 1066 ms
best 392242 step 4 time 1255 ms
best 392146 step 5 time 1388 ms
best 390798 step 7 time 1731 ms
best 387584 step 8 time 1942 ms
best 386484 step 12 time 2749 ms
best 385717 step 14 time 3149 ms
best 385159 step 42 time 9098 ms
best 382771 step 59 time 12846 ms
best 379506 step 61 time 13154 ms
best 377671 step 68 time 14317 ms
best 377587 step 97 time 21047 ms
best 375027 step 108 time 23576 ms
best 372766 step 109 time 23748 ms
best 372661 step 111 time 24148 ms
best 370897 step 578 time 121825 ms
best 370494 step 948 time 200224 ms
best 369319 step 1984 time 411918 ms
done 0 52 85 12 57 31 33 2 20 78 21 42 14 43 81 27 54 24 46 88 48 32 10 18 71 45 34 28 79 87 17 5 69 75 25 37 23 26 68 11 40 22 1 15 82 86 70 4 61 19 59 6 39 90 50 29 49 63 58 80 53 67 55 76 56 73 35 72 13 77 47 65 83 8 89 3 41 62 44 64 7 36 60 66 74 38 84 51 9 16 30
best 369319
time 950278 ms
seed 20
