jobs 90
mach 20
init 0 70 51 55 69 27 30 42 28 78 54 36 90 47 60 8 10 71 81 1 73 64 52 39 53 41 2 49 68 12 34 11 37 14 32 31 63 7 57 5 29 25 40 80 13 83 3 48 86 9 26 77 35 88 89 4 45 82 23 66 24 58 19 17 62 74 87 33 16 56 61 46 65 76 59 21 67 18 44 22 79 85 43 72 15 20 84 6 38 50 75
best 432984
best 431731 step 1 time 442 ms
best 426987 step 2 time 708 ms
best 423264 step 3 time 956 ms
best 421866 step 4 time 1222 ms
best 419429 step 5 time 1433 ms
best 418604 step 6 time 1589 ms
best 415713 step 7 time 1773 ms
best 413221 step 13 time 3053 ms
best 411965 step 28 time 6182 ms
best 407770 step 30 time 6654 ms
best 405172 step 92 time 19069 ms
best 401752 step 93 time 19238 ms
best 401394 step 124 time 25206 ms
best 399133 step 206 time 41623 ms
best 395510 step 208 time 41901 ms
done 0 55 16 47 64 51 8 42 28 78 90 54 60 10 73 1 71 81 39 53 27 36 89 30 52 63 34 32 2 37 49 68 41 12 31 14 11 48 40 88 9 69 70 5 83 13 80 25 86 26 23 77 29 4 82 24 35 58 67 59 62 65 87 57 46 76 3 66 7 74 56 33 19 21 61 79 45 44 20 18 17 43 84 15 85 22 6 72 38 50 75
best 395510
time 950061 ms
seed 20
