jobs 90
mach 20
init 0 3 58 36 85 7 74 71 49 66 6 54 12 38 21 18 48 31 11 34 90 20 46 79 84 28 88 27 76 44 81 83 43 70 22 37 87 17 60 47 68 35 62 41 2 25 15 23 51 75 5 72 45 26 33 57 67 29 61 50 63 19 89 69 59 53 56 39 80 24 30 10 42 13 78 16 73 14 4 8 55 77 1 64 82 65 32 52 40 9 86
best 444462
best 443216 step 1 time 398 ms
best 436717 step 2 time 669 ms
best 428608 step 3 time 949 ms
best 424547 step 5 time 1299 ms
best 424027 step 6 time 1409 ms
best 422777 step 8 time 2023 ms
best 422776 step 10 time 2618 ms
best 422331 step 11 time 2746 ms
best 419758 step 38 time 8187 ms
best 418583 step 39 time 8387 ms
best 418442 step 41 time 8720 ms
best 418257 step 46 time 9673 ms
best 418100 step 64 time 13438 ms
best 413758 step 65 time 14020 ms
best 413740 step 66 time 14248 ms
best 409098 step 67 time 14506 ms
best 408290 step 103 time 22592 ms
best 407045 step 583 time 112123 ms
best 406803 step 584 time 112232 ms
best 405104 step 585 time 112516 ms
best 404981 step 587 time 112905 ms
best 404955 step 686 time 132432 ms
best 404250 step 709 time 136525 ms
best 402971 step 860 time 164716 ms
best 402629 step 1840 time 351236 ms
best 400166 step 2330 time 443448 ms
done 0 48 49 54 11 58 36 7 71 74 90 85 12 24 21 6 70 79 41 29 46 20 84 28 38 27 31 76 17 44 15 57 3 68 43 22 37 87 75 83 60 81 62 61 45 51 18 2 23 26 72 88 33 80 50 63 19 25 89 53 66 67 73 69 59 35 56 5 13 10 47 34 39 30 42 8 78 16 55 77 1 14 4 65 9 52 82 64 86 32 40
best 400166
time 950201 ms
seed 20
