jobs 90
mach 20
init 0 66 52 78 34 60 72 15 6 71 83 11 12 56 61 20 39 8 67 35 51 86 57 21 13 31 2 46 55 10 50 48 58 90 44 28 53 33 75 26 65 29 22 69 37 4 54 88 3 77 27 16 80 82 32 63 89 87 49 14 17 42 23 62 36 25 84 85 30 73 76 81 5 41 7 24 43 68 79 74 45 64 18 1 47 59 9 19 38 70 40
best 348079
best 328452 step 1 time 617 ms
best 323675 step 17 time 3499 ms
best 320906 step 18 time 3705 ms
best 320524 step 23 time 4434 ms
best 318460 step 29 time 5560 ms
best 318414 step 31 time 5881 ms
best 317812 step 32 time 6111 ms
best 317713 step 33 time 6184 ms
best 317207 step 34 time 6315 ms
best 316959 step 35 time 6440 ms
best 316837 step 36 time 6524 ms
best 316492 step 73 time 12374 ms
best 314911 step 80 time 13451 ms
best 314427 step 135 time 22525 ms
best 313012 step 136 time 22722 ms
best 312563 step 244 time 40281 ms
best 310249 step 310 time 50450 ms
best 310050 step 2439 time 399736 ms
best 309656 step 3038 time 498957 ms
best 306808 step 5585 time 916010 ms
best 306191 step 5586 time 916198 ms
best 306157 step 5587 time 916243 ms
best 306150 step 5589 time 916669 ms
best 305143 step 5590 time 916993 ms
done 0 12 60 66 78 72 15 8 6 71 11 83 56 34 88 61 87 82 46 2 20 51 10 57 52 67 35 50 21 13 39 31 32 55 58 90 33 26 53 48 28 4 44 65 75 69 77 54 29 37 3 84 22 89 80 14 27 16 17 86 30 42 63 49 36 25 85 73 23 76 62 5 41 7 81 68 79 43 47 59 18 38 45 64 24 9 19 1 40 70 74
best 305143
time 950060 ms
seed 20
