jobs 90
mach 20
init 0 35 71 88 45 32 27 79 90 43 26 80 34 63 70 64 24 13 61 2 29 39 41 25 33 51 20 50 76 17 66 75 49 44 52 56 87 47 82 23 57 58 8 48 46 62 85 37 19 77 3 15 36 7 84 30 86 55 89 73 1 16 53 74 38 60 9 72 83 28 5 14 68 18 11 10 78 42 6 65 40 69 54 4 67 21 31 59 22 12 81
best 395016
best 392561 step 1 time 515 ms
best 391370 step 2 time 705 ms
best 390316 step 3 time 936 ms
best 390119 step 4 time 1190 ms
best 382542 step 5 time 1398 ms
best 382462 step 6 time 1488 ms
best 378571 step 8 time 1969 ms
best 376317 step 9 time 2229 ms
best 368730 step 19 time 4236 ms
best 368727 step 20 time 4393 ms
best 368710 step 22 time 4652 ms
best 366156 step 23 time 4881 ms
best 362652 step 25 time 5339 ms
best 359275 step 99 time 20337 ms
best 358972 step 172 time 33554 ms
best 358840 step 173 time 33662 ms
best 356928 step 175 time 33907 ms
best 356165 step 445 time 83300 ms
best 349972 step 465 time 86485 ms
best 348790 step 466 time 86640 ms
best 348098 step 1670 time 304946 ms
done 0 35 46 13 32 71 45 26 50 75 49 90 89 79 43 61 80 66 70 29 1 64 63 39 88 24 41 44 20 17 5 25 2 76 56 47 8 51 52 87 23 57 62 58 48 37 82 7 27 3 19 77 15 36 30 72 84 60 16 28 34 73 74 10 85 83 86 53 21 11 68 38 55 14 78 33 9 67 18 42 40 6 69 65 54 4 59 22 31 12 81
best 348098
time 950407 ms
seed 20
