jobs 90
mach 20
init 0 12 51 34 45 65 11 35 42 6 27 19 7 70 61 15 60 32 52 40 39 17 58 59 56 78 75 43 2 77 10 8 88 76 69 55 84 50 9 1 37 74 44 29 26 22 66 13 30 67 90 24 48 49 71 72 85 41 73 14 16 81 54 87 80 31 89 63 68 20 46 5 25 23 53 86 79 3 57 4 62 21 36 18 82 33 38 64 47 28 83
best 419885
best 411457 step 1 time 715 ms
best 408286 step 69 time 13445 ms
best 407908 step 70 time 13618 ms
best 407814 step 290 time 50715 ms
best 406948 step 366 time 63746 ms
best 405122 step 489 time 85983 ms
best 404844 step 490 time 86087 ms
best 404539 step 3880 time 684978 ms
best 404399 step 3883 time 685517 ms
best 404222 step 3885 time 685621 ms
done 0 12 51 10 34 70 45 65 11 7 22 19 35 42 61 6 27 15 75 43 84 17 58 60 52 56 32 2 77 69 59 40 55 71 67 87 8 24 1 80 73 78 39 29 26 72 30 74 37 9 50 88 76 54 16 81 49 48 90 41 14 20 46 13 89 63 4 23 85 86 79 53 66 31 44 57 68 5 3 25 18 21 36 64 33 82 62 83 38 47 28
best 404222
time 950113 ms
seed 20
