jobs 100
mach 20
init 0 98 22 21 25 26 89 36 99 35 15 55 61 11 80 95 30 50 29 69 83 16 96 85 1 38 32 17 8 53 94 14 2 75 31 40 47 23 4 63 51 65 44 87 13 92 72 18 3 10 37 27 19 81 68 86 24 91 56 41 28 54 79 59 100 66 33 90 45 7 46 58 43 57 48 74 34 5 67 78 77 97 70 93 62 20 49 6 84 73 42 60 64 52 9 82 39 88 12 76 71
best 456255
best 452840 step 1 time 839 ms
best 449290 step 7 time 2952 ms
best 447184 step 10 time 4003 ms
best 446639 step 12 time 4727 ms
best 444381 step 36 time 13822 ms
best 442306 step 37 time 14428 ms
best 436558 step 44 time 16976 ms
best 435796 step 168 time 58958 ms
best 435648 step 170 time 59377 ms
best 434630 step 171 time 59710 ms
best 434565 step 2117 time 730884 ms
best 434392 step 2120 time 731762 ms
done 0 98 22 30 2 21 25 26 29 61 36 38 35 85 15 95 69 1 16 81 80 17 83 11 96 55 86 8 13 89 14 32 50 44 53 18 40 99 24 91 75 92 23 47 37 31 3 72 27 59 79 63 90 68 87 54 94 56 41 10 28 66 19 51 100 33 58 48 45 7 34 65 67 57 73 43 70 78 77 97 49 46 93 4 74 20 62 5 6 88 42 60 84 39 82 71 9 64 52 76 12
best 434392
time 950264 ms
seed 3
