jobs 100
mach 20
init 0 6 22 87 72 26 27 63 97 80 68 67 50 16 37 88 99 34 41 70 12 23 86 91 24 47 5 55 1 93 98 25 61 33 71 100 32 69 51 30 54 89 96 39 94 17 36 18 84 13 10 45 20 52 75 92 46 43 83 2 73 21 82 15 79 85 42 35 4 29 90 3 11 95 7 53 49 62 60 76 9 56 57 40 31 64 78 74 19 59 48 28 66 81 65 44 58 77 38 8 14
best 395807
best 388167 step 1 time 693 ms
best 388037 step 2 time 891 ms
best 386496 step 3 time 1106 ms
best 376999 step 4 time 1542 ms
best 374810 step 5 time 1846 ms
best 372992 step 21 time 5430 ms
best 372237 step 22 time 5672 ms
best 369734 step 37 time 10155 ms
best 362225 step 40 time 11177 ms
best 361675 step 41 time 11397 ms
best 360483 step 104 time 26641 ms
best 359367 step 135 time 33980 ms
best 355409 step 136 time 34635 ms
best 355278 step 145 time 36846 ms
best 355248 step 379 time 98050 ms
best 355059 step 383 time 99155 ms
best 353104 step 1475 time 387318 ms
best 350303 step 2092 time 548505 ms
done 0 72 22 26 92 80 97 27 63 67 71 13 87 50 16 41 5 88 68 47 70 99 86 61 93 23 12 91 25 55 34 96 6 33 30 89 39 98 21 94 17 24 100 51 37 32 69 43 84 54 20 36 18 45 75 95 83 82 1 2 73 35 52 10 15 79 46 42 53 49 62 3 9 76 4 29 90 74 31 7 60 78 85 64 19 11 56 40 81 57 48 58 66 28 65 44 14 59 77 38 8
best 350303
time 950190 ms
seed 3
