jobs 100
mach 20
init 0 63 16 23 53 73 24 18 10 8 51 54 19 70 52 35 1 88 38 31 100 91 2 99 96 33 74 85 45 34 58 3 79 65 75 44 21 43 69 37 98 36 80 92 93 82 20 81 17 76 56 71 46 67 60 15 89 90 29 86 83 50 61 41 26 22 84 48 40 13 97 32 11 47 12 30 72 28 68 64 59 42 27 6 62 57 95 66 55 14 25 94 7 4 87 39 78 5 77 49 9
best 495447
best 487937 step 2 time 1392 ms
best 473226 step 3 time 1642 ms
best 469681 step 13 time 4530 ms
best 464960 step 28 time 8628 ms
best 463333 step 134 time 37299 ms
best 462256 step 187 time 50531 ms
best 461824 step 205 time 54785 ms
best 461646 step 217 time 57582 ms
best 460001 step 219 time 58058 ms
best 458826 step 225 time 59594 ms
best 458644 step 229 time 60658 ms
best 458203 step 434 time 114054 ms
best 457163 step 437 time 114736 ms
best 452855 step 438 time 115227 ms
best 450890 step 756 time 198354 ms
best 448647 step 1563 time 401162 ms
best 448114 step 1564 time 401378 ms
done 0 52 73 100 18 24 16 8 51 23 53 58 35 19 70 1 98 54 38 88 34 31 37 67 81 96 3 45 65 10 79 74 59 20 2 63 17 21 91 89 33 99 85 75 69 80 76 83 82 86 44 36 56 60 61 41 46 15 93 28 43 90 71 22 48 50 29 32 40 11 92 26 13 72 42 6 97 84 62 94 87 47 12 68 64 30 57 27 66 95 7 14 5 55 77 25 4 39 49 9 78
best 448114
time 950042 ms
seed 3
