jobs 100
mach 20
init 0 56 62 55 39 3 57 10 14 80 29 16 74 81 83 38 52 75 64 91 97 68 11 23 21 15 46 96 100 25 27 84 33 66 54 71 30 12 49 24 19 92 63 6 70 9 18 41 69 76 94 26 98 13 82 95 43 34 51 61 67 93 1 42 36 77 17 4 78 31 2 58 73 88 32 37 50 59 86 48 79 72 5 35 45 8 28 60 7 53 44 87 90 65 85 89 20 22 99 40 47
best 608317
best 600435 step 4 time 1675 ms
best 598241 step 7 time 3035 ms
best 596596 step 11 time 4169 ms
best 589690 step 12 time 4525 ms
best 585629 step 14 time 5128 ms
best 583770 step 59 time 19487 ms
best 580412 step 88 time 28636 ms
best 580307 step 89 time 28807 ms
best 578232 step 191 time 60733 ms
best 577189 step 192 time 60978 ms
best 572609 step 232 time 74530 ms
best 572197 step 560 time 185301 ms
best 570639 step 892 time 290708 ms
best 569932 step 893 time 291074 ms
best 569355 step 894 time 291377 ms
best 567621 step 900 time 293637 ms
done 0 56 62 55 24 39 57 14 3 66 74 16 81 83 46 10 71 91 29 64 96 68 97 11 15 94 38 75 12 21 23 27 26 93 52 98 41 54 80 100 25 19 33 70 92 18 6 49 36 51 69 13 84 4 30 9 34 1 63 77 2 50 73 76 43 88 82 17 35 95 42 79 32 61 78 31 58 37 67 45 59 7 87 72 89 5 8 44 86 60 48 99 90 65 85 28 40 53 20 22 47
best 567621
time 950177 ms
seed 3
