jobs 100
mach 20
init 0 23 62 37 34 1 17 52 21 45 75 80 32 44 71 25 29 98 86 42 68 79 16 12 88 66 61 27 51 87 81 18 11 84 89 9 50 69 70 90 85 55 65 64 53 40 97 19 59 82 73 26 58 60 56 77 5 49 94 95 83 63 24 33 39 22 2 47 67 91 36 76 54 20 3 99 10 41 78 6 35 100 14 13 30 92 15 96 8 28 46 31 74 7 38 72 4 93 57 48 43
best 567842
best 567064 step 1 time 940 ms
best 563202 step 3 time 1755 ms
best 559773 step 6 time 2743 ms
best 559728 step 7 time 2922 ms
best 554956 step 22 time 7370 ms
best 553958 step 23 time 7689 ms
best 546970 step 25 time 8315 ms
best 546662 step 26 time 8581 ms
best 545568 step 28 time 9219 ms
best 543852 step 60 time 17136 ms
best 543007 step 297 time 82043 ms
best 538900 step 298 time 82327 ms
best 537553 step 823 time 228070 ms
best 535726 step 824 time 228313 ms
best 535165 step 2069 time 568837 ms
best 534298 step 3307 time 906591 ms
done 0 23 62 1 45 80 17 75 37 88 21 52 32 16 25 34 71 98 19 12 44 60 61 77 27 84 68 29 42 79 81 55 40 11 85 66 22 50 51 39 18 69 64 87 53 9 5 26 59 70 65 82 83 97 49 2 10 86 90 76 58 78 24 95 73 94 89 47 6 99 30 8 56 36 41 63 31 20 33 54 67 13 92 35 91 74 14 100 15 7 96 46 48 3 28 4 93 72 43 57 38
best 534298
time 950017 ms
seed 3
