jobs 100
mach 20
init 0 67 75 60 86 4 92 94 53 56 54 2 11 16 71 20 39 100 65 76 59 23 89 47 17 33 25 83 58 10 91 82 21 46 64 32 95 69 43 81 73 36 13 49 84 55 52 42 97 37 99 15 6 41 96 1 38 74 12 44 78 98 63 45 30 70 35 29 40 26 34 62 57 18 19 80 3 8 27 85 66 14 31 90 50 51 7 68 28 48 87 93 22 9 24 79 72 5 61 88 77
best 483153
best 480448 step 1 time 741 ms
best 479044 step 2 time 927 ms
best 473782 step 8 time 2612 ms
best 472977 step 9 time 2952 ms
best 468137 step 15 time 4428 ms
best 465865 step 16 time 4744 ms
best 465854 step 17 time 5078 ms
best 462620 step 20 time 5655 ms
best 461790 step 22 time 5940 ms
best 460884 step 70 time 18041 ms
best 456291 step 74 time 19155 ms
best 455258 step 134 time 35328 ms
best 455071 step 1105 time 290269 ms
best 454993 step 1107 time 290778 ms
best 454850 step 1108 time 291138 ms
best 454801 step 1715 time 451843 ms
best 454127 step 2061 time 541813 ms
best 453865 step 2067 time 542969 ms
done 0 67 75 71 11 54 86 94 4 60 92 91 56 2 83 20 16 17 10 65 53 100 76 33 44 82 59 58 23 41 46 36 64 39 21 89 25 47 32 95 69 43 49 84 55 52 96 81 37 6 97 30 1 38 62 78 99 15 12 73 13 40 98 34 74 45 29 3 57 70 42 26 50 19 8 35 63 18 51 27 7 14 31 66 28 85 90 80 22 9 24 79 68 5 87 48 61 93 72 88 77
best 453865
time 950276 ms
seed 3
