jobs 100
mach 20
init 0 14 37 16 45 27 30 61 54 68 92 80 40 95 8 17 2 33 87 25 71 34 24 5 81 63 44 79 42 41 38 32 97 78 1 55 64 39 62 47 53 82 77 19 50 65 73 67 70 6 76 10 11 35 69 83 3 43 75 94 60 98 15 100 21 4 46 28 49 31 84 86 90 72 48 88 26 58 93 52 56 20 18 29 74 23 13 51 7 22 96 99 85 89 12 36 66 59 57 91 9
best 547847
best 545454 step 1 time 799 ms
best 540758 step 3 time 1262 ms
best 540685 step 6 time 1732 ms
best 537381 step 11 time 3311 ms
best 537275 step 12 time 3661 ms
best 535834 step 13 time 3800 ms
best 530691 step 15 time 4246 ms
best 526584 step 23 time 5893 ms
best 526382 step 198 time 51252 ms
best 523532 step 199 time 51574 ms
best 521978 step 233 time 59368 ms
best 521702 step 870 time 219635 ms
best 519956 step 1079 time 272038 ms
best 516705 step 1081 time 272467 ms
best 516565 step 1604 time 403510 ms
done 0 16 61 14 80 17 40 95 54 37 25 71 45 68 27 78 2 24 94 19 62 63 44 8 79 42 41 55 33 73 1 5 97 39 47 70 38 81 64 53 82 65 92 32 77 67 50 83 34 3 10 87 43 6 69 48 76 86 35 75 98 31 90 100 30 11 20 46 88 60 58 15 84 72 21 52 7 4 49 28 74 51 56 29 23 93 26 18 85 89 12 13 22 96 99 36 57 91 59 66 9
best 516565
time 950127 ms
seed 3
