jobs 100
mach 20
init 0 69 86 92 48 25 21 38 1 24 19 75 65 4 97 63 51 9 64 50 23 6 68 79 52 22 89 39 87 29 96 77 32 91 83 100 95 35 99 70 59 66 60 94 16 45 82 37 17 71 98 2 36 42 93 49 73 40 85 44 13 62 41 11 31 3 34 30 14 47 18 88 90 80 53 61 56 84 7 78 72 46 67 20 54 8 33 55 10 27 76 15 12 26 5 58 43 28 81 74 57
best 516366
best 489542 step 1 time 971 ms
best 488922 step 2 time 1058 ms
best 488470 step 4 time 1441 ms
best 488279 step 5 time 1796 ms
best 487808 step 6 time 2074 ms
best 486586 step 8 time 2475 ms
best 485068 step 9 time 2831 ms
best 484782 step 12 time 3441 ms
best 483077 step 13 time 3860 ms
best 482639 step 14 time 3954 ms
best 477890 step 17 time 4733 ms
best 476270 step 20 time 5839 ms
best 473039 step 21 time 6097 ms
best 470776 step 22 time 6208 ms
best 469473 step 23 time 6518 ms
best 469446 step 116 time 31371 ms
best 469236 step 117 time 31694 ms
best 465216 step 118 time 32199 ms
best 464574 step 191 time 50655 ms
done 0 69 25 48 31 92 4 38 97 82 75 99 45 21 23 19 51 64 63 9 100 73 65 77 89 49 16 52 22 35 29 39 96 71 1 24 32 95 70 86 60 68 87 50 66 79 83 59 6 98 94 85 44 37 36 42 17 91 3 34 14 41 54 11 93 40 80 47 62 18 88 7 2 15 13 72 78 84 53 55 61 28 27 90 30 56 8 67 26 20 10 12 76 58 46 5 43 33 81 74 57
best 464574
time 950089 ms
seed 3
