jobs 100
mach 20
init 0 61 48 51 79 38 17 37 67 70 80 77 23 41 74 24 58 13 86 9 69 87 91 12 54 35 63 16 82 88 94 65 22 34 64 7 92 42 20 60 52 66 4 14 19 72 33 6 76 56 43 27 1 89 47 68 93 96 50 73 28 84 83 29 3 78 31 45 95 39 62 53 100 97 59 49 55 36 30 75 81 85 98 25 99 15 71 2 11 44 46 21 26 32 18 40 57 90 5 8 10
best 505821
best 502488 step 1 time 722 ms
best 496525 step 2 time 1078 ms
best 495391 step 18 time 4728 ms
best 493474 step 22 time 5918 ms
best 487316 step 50 time 13266 ms
best 486872 step 84 time 21651 ms
best 483583 step 96 time 24805 ms
best 482838 step 98 time 25215 ms
best 481448 step 768 time 191091 ms
best 481209 step 1118 time 279664 ms
best 480854 step 1691 time 427521 ms
best 480214 step 2539 time 643288 ms
best 479618 step 3627 time 919304 ms
best 479443 step 3628 time 919516 ms
best 477288 step 3631 time 919914 ms
done 0 61 48 77 79 13 41 17 37 67 58 51 92 74 47 38 70 80 86 24 87 54 82 23 35 63 12 91 69 9 52 34 16 94 72 56 65 14 1 64 7 20 33 42 84 89 19 66 4 22 28 6 96 50 60 78 100 43 97 68 31 62 53 27 83 73 93 95 76 88 59 55 49 81 75 45 15 29 99 39 25 3 85 11 71 36 98 44 46 21 32 30 2 90 26 18 40 57 5 8 10
best 477288
time 950370 ms
seed 3
