jobs 100
mach 20
init 0 26 24 52 18 86 72 12 29 33 69 11 80 82 63 54 97 42 89 64 78 14 57 17 20 49 25 7 13 79 77 61 39 99 81 88 40 56 92 5 59 68 1 100 90 84 9 8 45 43 6 73 95 93 27 4 28 44 55 50 37 19 53 85 71 96 87 38 65 3 47 23 58 67 16 30 51 46 60 66 70 10 98 76 94 83 32 15 41 31 75 22 62 2 48 34 36 21 35 91 74
best 547067
best 545438 step 3 time 1234 ms
best 542678 step 7 time 2349 ms
best 540867 step 8 time 2526 ms
best 538853 step 9 time 2791 ms
best 537783 step 10 time 3151 ms
best 530127 step 12 time 3678 ms
best 529622 step 83 time 21298 ms
best 529436 step 84 time 21563 ms
best 526855 step 103 time 27258 ms
best 524361 step 104 time 27578 ms
best 523553 step 635 time 163474 ms
best 523421 step 636 time 163634 ms
best 523177 step 654 time 168328 ms
best 522873 step 655 time 168536 ms
best 519637 step 1201 time 308695 ms
best 518865 step 1202 time 309037 ms
done 0 33 26 24 52 78 86 72 64 29 80 82 12 69 11 61 63 54 89 42 39 90 7 79 43 18 17 56 13 25 49 53 97 57 6 85 77 88 92 5 9 93 59 99 4 28 68 1 100 50 8 40 73 84 95 45 44 55 71 46 30 37 81 58 96 19 67 38 15 65 51 47 66 87 20 3 60 14 94 23 76 83 70 10 98 32 41 27 16 62 75 31 74 48 34 36 21 35 91 2 22
best 518865
time 950084 ms
seed 3
