jobs 50
mach 20
init 0 46 16 38 35 47 32 42 20 21 31 43 12 26 11 36 48 33 45 28 6 44 40 23 10 9 17 25 15 2 7 14 18 8 50 13 1 39 41 49 27 4 37 3 29 22 19 5 24 34 30
best 27686
best 26116 step 1 time 51 ms
best 24939 step 3 time 100 ms
best 24240 step 5 time 142 ms
best 24185 step 9 time 189 ms
best 24102 step 233 time 4470 ms
best 23985 step 969 time 19289 ms
best 23951 step 2669 time 53612 ms
best 23770 step 2834 time 56841 ms
done 0 46 43 16 35 38 47 32 42 20 31 48 21 33 12 26 11 36 45 28 6 44 17 10 9 14 23 19 25 7 40 15 2 8 18 50 13 41 49 39 22 27 1 4 29 37 3 24 34 30 5
best 23770
time 950021 ms
seed 3
