jobs 50
mach 20
init 0 32 36 15 35 2 22 30 47 43 39 7 19 14 4 11 17 1 21 6 28 49 48 13 8 5 27 42 31 46 3 29 50 9 37 38 45 34 10 40 20 23 44 26 33 25 18 41 12 24 16
best 34199
best 33972 step 1 time 86 ms
best 33817 step 2 time 111 ms
best 33634 step 5 time 146 ms
best 33147 step 143 time 2468 ms
best 32589 step 144 time 2492 ms
best 32314 step 197 time 3384 ms
best 31999 step 299 time 4958 ms
best 31904 step 723 time 11987 ms
best 31606 step 2001 time 32785 ms
done 0 32 36 15 35 2 22 7 39 47 30 43 31 19 14 11 4 1 21 17 6 49 28 13 8 5 27 46 3 29 42 44 48 20 9 38 25 45 34 50 37 40 23 10 26 33 18 12 41 24 16
best 31606
time 950001 ms
seed 3
