jobs 60
mach 20
init 0 49 22 7 34 40 6 11 26 12 20 17 9 39 60 56 38 52 29 1 53 47 16 19 23 58 27 4 14 46 35 30 45 15 33 8 36 28 31 55 18 10 2 37 57 54 59 5 13 43 3 44 25 32 51 21 42 24 41 50 48
best 144793
best 143468 step 1 time 123 ms
best 141530 step 3 time 240 ms
best 139534 step 7 time 347 ms
best 135956 step 9 time 463 ms
best 135279 step 11 time 523 ms
best 134678 step 28 time 1086 ms
best 134007 step 30 time 1156 ms
best 131751 step 38 time 1574 ms
best 131647 step 44 time 1729 ms
best 131460 step 50 time 1887 ms
best 130995 step 58 time 2044 ms
best 130532 step 1589 time 55448 ms
best 129764 step 1591 time 55524 ms
best 129540 step 3306 time 115071 ms
done 0 39 49 22 6 34 27 40 7 12 20 17 9 26 60 11 30 29 1 53 47 19 16 56 23 55 38 36 14 4 58 33 35 45 46 25 2 8 15 28 31 10 18 54 59 5 57 32 13 52 37 43 3 44 21 51 42 24 41 50 48
best 129540
time 950017 ms
seed 3
