jobs 60
mach 20
init 0 36 60 50 32 5 8 51 47 11 42 3 28 46 4 33 34 59 52 40 55 45 48 43 53 31 20 49 44 7 57 18 30 1 10 24 22 19 12 54 21 58 37 26 25 15 6 17 16 29 41 56 14 9 39 35 27 38 13 23 2
best 60286
best 56768 step 1 time 170 ms
best 56308 step 7 time 434 ms
best 55225 step 11 time 638 ms
best 55195 step 12 time 661 ms
best 54985 step 18 time 934 ms
best 54631 step 22 time 1050 ms
best 54354 step 23 time 1077 ms
best 53442 step 158 time 6642 ms
best 53435 step 159 time 6717 ms
best 53348 step 161 time 6822 ms
best 52539 step 291 time 12491 ms
best 52463 step 8319 time 371754 ms
best 52395 step 8325 time 371977 ms
best 52107 step 8326 time 372032 ms
best 51996 step 8327 time 372061 ms
done 0 47 32 20 33 8 60 7 50 11 3 42 28 46 34 59 4 52 18 51 40 43 45 53 5 48 1 44 31 55 25 30 54 57 24 49 10 19 21 37 12 22 36 26 58 41 56 15 16 17 29 38 14 6 9 39 35 13 27 23 2
best 51996
time 950036 ms
seed 3
