jobs 60
mach 20
init 0 5 52 9 16 34 31 2 56 7 47 39 17 55 59 48 33 26 22 41 29 36 35 28 38 32 14 11 1 30 20 8 4 13 15 57 6 42 60 40 24 27 51 37 25 21 19 12 3 46 10 23 58 18 54 49 45 50 43 53 44
best 76661
best 75692 step 1 time 138 ms
best 74688 step 13 time 643 ms
best 73205 step 24 time 1026 ms
best 72783 step 99 time 4678 ms
best 72303 step 101 time 4774 ms
best 71965 step 420 time 19416 ms
best 71113 step 445 time 20763 ms
best 71068 step 446 time 20783 ms
best 70687 step 448 time 20877 ms
best 70174 step 716 time 32176 ms
best 69957 step 2701 time 120287 ms
best 69954 step 2705 time 120398 ms
best 69944 step 2706 time 120431 ms
best 69908 step 21236 time 938042 ms
done 0 47 37 16 34 56 9 26 7 38 31 59 33 17 2 48 55 21 52 39 22 41 29 36 35 1 32 14 11 30 8 13 15 5 60 4 40 51 20 57 24 28 6 42 27 19 25 3 46 58 10 23 49 45 12 43 54 53 18 50 44
best 69908
time 950025 ms
seed 3
