jobs 60
mach 20
init 0 41 25 4 58 26 11 48 3 33 43 17 30 12 37 21 24 60 57 9 22 2 59 34 7 38 35 18 19 56 27 6 5 15 51 23 52 39 13 1 47 36 14 50 28 46 31 10 40 44 49 32 53 54 16 8 29 45 55 42 20
best 129075
best 125140 step 1 time 179 ms
best 124991 step 3 time 233 ms
best 124082 step 6 time 340 ms
best 121723 step 11 time 514 ms
best 121567 step 38 time 1423 ms
best 121029 step 41 time 1530 ms
best 120285 step 44 time 1635 ms
best 120062 step 144 time 5168 ms
best 120046 step 172 time 6206 ms
best 119175 step 178 time 6402 ms
best 118806 step 378 time 13698 ms
best 118148 step 792 time 27649 ms
best 117512 step 1700 time 59417 ms
best 116791 step 1705 time 59559 ms
best 116586 step 7200 time 247456 ms
best 116472 step 27126 time 924920 ms
done 0 37 41 9 26 25 48 11 4 3 58 24 12 33 43 57 21 2 30 22 60 34 17 5 7 18 19 38 35 59 56 27 6 51 23 15 46 31 8 52 13 39 47 1 50 16 28 36 10 40 29 49 32 54 53 44 45 55 14 42 20
best 116472
time 950028 ms
seed 3
