jobs 70
mach 20
init 0 6 11 22 3 60 9 18 35 62 57 14 43 55 5 21 69 58 38 64 50 70 42 13 56 15 1 41 53 44 52 54 30 17 63 2 67 40 31 65 32 26 28 68 19 34 47 46 20 29 59 8 45 16 10 4 27 51 66 36 24 61 39 25 33 12 48 23 49 37 7
best 132945
best 132319 step 1 time 189 ms
best 132265 step 27 time 1677 ms
best 130360 step 30 time 1828 ms
best 130084 step 31 time 1896 ms
best 129698 step 32 time 1954 ms
best 128782 step 48 time 3014 ms
best 128461 step 570 time 36156 ms
best 128157 step 695 time 43498 ms
best 127853 step 729 time 45522 ms
best 127660 step 737 time 46068 ms
best 127490 step 3984 time 253767 ms
best 127271 step 3986 time 253893 ms
best 126965 step 10015 time 635507 ms
done 0 6 54 60 18 35 14 9 3 43 57 62 55 5 11 69 58 21 38 64 50 70 42 13 56 8 17 30 15 52 1 44 63 2 53 41 22 32 26 29 28 40 31 67 68 19 34 47 59 20 65 46 45 4 39 27 16 10 24 51 66 36 25 61 33 12 48 23 49 37 7
best 126965
time 950039 ms
seed 3
