jobs 70
mach 20
init 0 39 61 64 63 38 11 13 14 9 46 69 25 23 59 58 20 44 68 7 40 54 29 70 17 12 24 66 60 3 22 41 15 10 51 47 36 34 57 8 67 4 18 32 65 27 42 55 1 6 52 16 21 5 31 33 53 48 56 26 50 35 45 37 2 30 28 49 62 19 43
best 225707
best 223500 step 2 time 415 ms
best 223400 step 3 time 469 ms
best 215952 step 5 time 660 ms
best 214610 step 9 time 962 ms
best 213302 step 16 time 1524 ms
best 209237 step 17 time 1641 ms
best 208047 step 18 time 1699 ms
best 206706 step 19 time 1743 ms
best 205974 step 22 time 1986 ms
best 202419 step 57 time 4347 ms
best 201605 step 60 time 4462 ms
best 200890 step 262 time 18440 ms
best 200880 step 263 time 18530 ms
best 199427 step 264 time 18621 ms
best 198048 step 265 time 18689 ms
best 196255 step 1234 time 83403 ms
best 196157 step 3137 time 209544 ms
best 195738 step 3146 time 210113 ms
best 194664 step 3440 time 228932 ms
best 194546 step 3442 time 229021 ms
done 0 38 11 69 61 29 14 12 17 68 64 25 63 44 13 60 66 59 22 46 15 20 58 40 54 24 7 67 23 70 55 34 9 10 41 33 51 3 36 47 65 18 6 4 52 42 27 8 57 53 5 31 50 1 32 37 16 48 56 26 21 35 45 30 39 62 2 28 49 19 43
best 194546
time 950058 ms
seed 3
