jobs 80
mach 20
init 0 47 79 36 23 27 77 80 75 12 55 59 37 6 22 38 7 40 28 11 14 74 18 56 62 26 69 16 33 58 71 43 53 5 70 54 42 30 51 21 52 32 49 63 10 4 61 65 24 45 9 2 50 64 57 72 8 34 17 67 13 66 46 60 35 15 48 39 29 41 76 20 3 25 1 73 78 31 44 68 19
best 321289
best 315395 step 2 time 542 ms
best 314458 step 5 time 795 ms
best 307310 step 6 time 921 ms
best 296689 step 18 time 2091 ms
best 294565 step 23 time 2551 ms
best 294286 step 34 time 3724 ms
best 294198 step 49 time 5558 ms
best 290456 step 54 time 6017 ms
best 289867 step 55 time 6110 ms
best 289851 step 2128 time 230858 ms
best 289743 step 2135 time 231701 ms
best 288782 step 2595 time 280062 ms
best 287399 step 2598 time 280151 ms
best 286726 step 2599 time 280281 ms
best 286570 step 2600 time 280373 ms
done 0 47 79 36 59 23 77 28 74 56 37 6 80 12 61 75 7 55 14 45 38 70 27 11 16 69 51 26 18 62 54 43 71 9 40 42 53 30 33 8 66 21 24 52 32 5 58 13 65 4 72 49 63 10 34 17 60 57 50 67 48 22 64 35 15 2 76 46 29 41 39 25 20 3 31 73 1 78 68 44 19
best 286570
time 950042 ms
seed 3
