jobs 80
mach 20
init 0 19 45 78 46 24 42 1 63 75 14 7 61 20 56 29 12 22 10 11 49 44 31 27 17 33 38 57 41 69 71 72 51 34 79 3 53 4 66 48 30 60 77 26 32 21 62 15 73 35 39 67 9 28 8 76 74 16 70 80 2 40 5 59 50 23 68 64 18 25 54 47 58 43 36 6 13 55 37 65 52
best 191665
best 184433 step 1 time 476 ms
best 183991 step 2 time 544 ms
best 183592 step 3 time 715 ms
best 183441 step 5 time 877 ms
best 182114 step 6 time 1033 ms
best 182108 step 22 time 2494 ms
best 181923 step 23 time 2639 ms
best 180428 step 63 time 7390 ms
best 178698 step 71 time 8467 ms
best 175840 step 567 time 69788 ms
done 0 19 3 24 45 78 42 1 56 63 75 14 22 61 7 20 59 46 12 76 31 10 44 49 41 17 60 33 66 57 27 71 69 79 72 34 53 4 11 30 29 48 26 32 21 77 62 15 73 35 28 51 50 39 9 16 74 8 67 80 40 2 5 68 70 25 64 38 23 37 55 54 18 13 58 43 36 6 47 52 65
best 175840
time 950017 ms
seed 3
