jobs 80
mach 20
init 0 55 2 70 45 1 13 43 68 71 7 8 34 6 74 47 54 52 37 26 50 22 48 67 72 15 78 39 27 53 17 51 25 40 23 33 61 32 64 65 35 49 16 66 75 9 29 4 38 60 46 21 42 57 3 36 58 73 18 80 63 14 59 56 62 20 79 5 19 41 76 11 10 77 28 24 69 30 44 31 12
best 200812
best 186325 step 3 time 816 ms
best 185476 step 24 time 3655 ms
best 182408 step 25 time 3766 ms
best 181044 step 27 time 4061 ms
best 180311 step 28 time 4263 ms
best 175259 step 32 time 4756 ms
best 173815 step 34 time 5029 ms
best 173740 step 37 time 5303 ms
best 173306 step 38 time 5434 ms
best 173016 step 1380 time 183399 ms
best 172961 step 1386 time 184044 ms
done 0 55 2 1 45 13 43 68 67 71 70 34 54 6 7 8 72 74 47 22 48 46 37 36 26 32 50 4 23 27 53 17 51 65 33 29 40 35 9 39 25 15 52 49 61 66 75 38 3 78 60 16 21 18 42 57 14 5 58 73 64 56 41 79 20 19 80 63 76 28 30 77 59 31 69 62 24 11 44 12 10
best 172961
time 950004 ms
seed 3
