jobs 80
mach 20
init 0 66 25 58 53 18 41 57 71 29 14 2 47 17 42 50 11 62 19 4 38 23 22 76 63 15 79 55 37 12 21 70 13 6 52 59 72 3 77 75 30 33 74 28 73 39 35 54 20 60 26 78 1 61 65 40 27 34 10 7 67 24 9 36 31 64 44 43 46 49 8 32 80 68 5 69 16 56 51 45 48
best 263410
best 259107 step 1 time 383 ms
best 254772 step 2 time 584 ms
best 254407 step 3 time 664 ms
best 252334 step 13 time 1880 ms
best 250317 step 38 time 4771 ms
best 250118 step 39 time 4931 ms
best 250037 step 40 time 4991 ms
best 247587 step 108 time 13259 ms
best 247306 step 109 time 13346 ms
best 247127 step 150 time 18179 ms
best 246395 step 549 time 65454 ms
best 245612 step 564 time 66876 ms
best 245374 step 565 time 67070 ms
best 244848 step 1257 time 146397 ms
best 244771 step 1258 time 146471 ms
best 244635 step 1259 time 146573 ms
best 244280 step 1260 time 146765 ms
best 243648 step 4284 time 502073 ms
done 0 66 25 19 29 2 18 57 14 53 47 17 62 12 42 58 71 50 65 11 52 4 63 76 20 38 21 15 73 41 79 55 70 37 22 59 13 23 6 75 74 72 28 61 30 39 35 7 78 1 77 54 60 26 67 24 34 40 33 3 10 44 8 36 64 46 31 9 49 5 32 69 43 80 27 56 45 51 16 68 48
best 243648
time 950013 ms
seed 3
