jobs 80
mach 20
init 0 67 22 23 75 54 14 7 42 64 39 5 18 19 58 16 66 63 80 77 40 26 38 34 33 72 51 69 60 50 47 35 11 46 48 1 56 6 45 49 29 3 15 8 27 61 4 74 78 25 62 36 21 31 65 53 41 52 9 73 79 68 17 43 28 57 37 59 20 13 71 10 12 70 76 2 24 44 55 32 30
best 238652
best 237822 step 1 time 322 ms
best 236668 step 4 time 698 ms
best 236514 step 5 time 852 ms
best 231490 step 7 time 1106 ms
best 228825 step 8 time 1221 ms
best 227236 step 10 time 1456 ms
best 226707 step 18 time 2369 ms
best 226697 step 21 time 2551 ms
best 225741 step 22 time 2724 ms
best 225201 step 23 time 2852 ms
best 224218 step 31 time 3643 ms
best 223016 step 35 time 4084 ms
best 222976 step 36 time 4161 ms
best 222905 step 37 time 4254 ms
best 222381 step 46 time 5354 ms
best 221202 step 49 time 5574 ms
best 220762 step 82 time 9159 ms
best 218773 step 488 time 54779 ms
best 218138 step 493 time 55286 ms
best 216968 step 5836 time 640144 ms
best 216953 step 5838 time 640276 ms
done 0 67 22 54 7 39 77 18 64 5 23 16 27 42 14 19 58 66 63 80 72 75 33 49 38 51 3 34 69 40 26 11 6 50 47 48 74 25 56 46 61 35 21 79 68 45 1 53 41 4 62 78 29 37 52 9 60 31 8 36 65 15 12 71 73 17 43 28 57 59 20 70 76 13 2 55 10 30 24 32 44
best 216953
time 950072 ms
seed 3
