jobs 80
mach 20
init 0 21 36 25 58 65 17 66 74 1 68 31 23 4 70 16 3 40 69 8 77 33 20 18 73 75 27 44 34 49 56 50 22 5 11 46 14 6 30 61 10 38 19 52 12 29 45 7 28 76 80 32 9 79 78 57 37 41 63 48 62 55 53 60 43 64 51 47 26 42 35 39 13 2 59 24 72 67 15 71 54
best 290532
best 274590 step 1 time 412 ms
best 273089 step 3 time 737 ms
best 270016 step 10 time 1592 ms
best 265702 step 13 time 1981 ms
best 264994 step 46 time 5388 ms
best 261795 step 49 time 5866 ms
best 259281 step 68 time 8445 ms
best 258865 step 435 time 50891 ms
best 256123 step 551 time 64762 ms
best 255865 step 552 time 64944 ms
best 254856 step 4180 time 491490 ms
best 254454 step 4183 time 491750 ms
done 0 21 36 58 70 23 66 1 25 74 68 4 65 34 16 31 20 28 33 11 40 3 8 56 27 69 17 73 49 57 44 75 22 53 5 45 14 50 46 6 80 30 18 19 10 61 52 79 32 12 77 62 7 76 29 55 60 38 64 41 63 51 78 47 35 48 9 26 42 37 13 2 43 24 72 67 39 15 54 71 59
best 254454
time 950048 ms
seed 3
