jobs 80
mach 20
init 0 9 63 28 48 74 75 44 64 35 39 7 49 25 21 11 10 18 68 4 69 34 31 1 13 32 33 60 24 5 52 73 36 14 12 43 23 17 6 45 57 70 16 8 26 59 46 66 2 51 50 30 61 56 15 42 80 76 29 62 58 37 72 20 55 38 71 22 79 41 78 65 27 3 77 53 47 19 54 40 67
best 218614
best 204809 step 1 time 417 ms
best 204001 step 2 time 486 ms
best 202884 step 4 time 761 ms
best 202211 step 8 time 1167 ms
best 202069 step 9 time 1267 ms
best 196583 step 10 time 1427 ms
best 192730 step 11 time 1593 ms
best 192623 step 17 time 1988 ms
best 191610 step 117 time 12623 ms
best 190903 step 237 time 24908 ms
best 190386 step 251 time 26274 ms
best 190274 step 255 time 26780 ms
best 190210 step 373 time 38579 ms
best 189742 step 384 time 39862 ms
best 189730 step 386 time 39996 ms
best 189653 step 404 time 41943 ms
best 189140 step 920 time 94306 ms
best 189059 step 922 time 94462 ms
best 188735 step 993 time 101549 ms
best 188680 step 994 time 101654 ms
best 188290 step 1213 time 122849 ms
best 187887 step 5560 time 561707 ms
done 0 5 9 52 75 28 32 49 60 48 35 39 74 21 18 44 59 11 10 23 64 4 31 13 24 61 70 1 68 25 36 33 12 7 34 62 43 69 14 73 2 46 45 57 26 8 17 16 51 66 20 6 37 55 80 22 50 15 30 76 29 58 42 56 38 19 78 65 72 41 63 54 71 3 79 53 27 77 47 40 67
best 187887
time 950044 ms
seed 3
