jobs 80
mach 20
init 0 39 47 57 56 64 32 54 31 21 59 50 60 3 72 38 15 67 71 4 62 74 7 28 17 34 43 66 19 29 52 49 36 23 13 41 14 8 44 73 48 30 2 76 42 22 45 68 75 11 20 27 18 40 46 69 33 53 63 55 58 35 78 24 6 16 10 77 61 25 12 80 1 51 65 79 26 5 9 37 70
best 310499
best 309951 step 2 time 488 ms
best 308584 step 4 time 756 ms
best 308260 step 6 time 922 ms
best 307404 step 7 time 1031 ms
best 307052 step 8 time 1142 ms
best 300019 step 10 time 1423 ms
best 297990 step 11 time 1528 ms
best 297328 step 14 time 2007 ms
best 292225 step 16 time 2214 ms
best 291649 step 21 time 2682 ms
best 288945 step 151 time 16327 ms
best 288128 step 163 time 17587 ms
best 287495 step 164 time 17694 ms
best 284707 step 283 time 31139 ms
best 284399 step 339 time 37259 ms
best 284313 step 340 time 37370 ms
best 284277 step 4377 time 486253 ms
best 283400 step 5514 time 612336 ms
done 0 38 56 47 57 59 17 50 31 21 32 15 3 60 29 18 67 64 72 54 66 71 34 11 41 69 4 62 43 74 49 2 8 52 23 7 13 44 73 36 48 30 14 19 20 39 22 45 76 75 46 25 63 58 55 40 53 35 42 78 27 28 33 77 61 16 68 10 80 79 26 24 1 51 6 65 12 9 5 70 37
best 283400
time 950068 ms
seed 3
