jobs 90
mach 20
init 0 52 85 12 57 77 33 22 2 43 21 81 42 54 45 24 46 14 48 71 39 5 34 37 75 31 4 69 26 78 18 79 87 17 28 27 20 32 68 19 82 86 88 76 23 40 11 61 63 29 70 10 1 90 6 50 55 56 41 47 25 59 72 80 49 53 73 67 65 15 83 58 35 89 13 8 3 36 74 7 66 44 64 38 51 84 9 62 60 16 30
best 415549
best 398251 step 1 time 693 ms
best 398065 step 2 time 885 ms
best 394810 step 3 time 996 ms
best 389589 step 5 time 1356 ms
best 387903 step 6 time 1634 ms
best 386946 step 7 time 1836 ms
best 383836 step 10 time 2370 ms
best 381095 step 11 time 2547 ms
best 373030 step 12 time 2691 ms
best 372768 step 13 time 2832 ms
best 371122 step 15 time 3223 ms
best 369706 step 40 time 7935 ms
best 369218 step 41 time 8116 ms
best 368566 step 750 time 132318 ms
best 367973 step 788 time 138664 ms
best 367092 step 5001 time 878919 ms
best 366536 step 5004 time 879368 ms
best 362646 step 5006 time 879939 ms
done 0 52 85 12 57 43 2 33 21 24 20 67 81 27 54 42 22 14 39 5 46 88 48 32 31 71 87 45 34 69 68 19 75 23 79 90 37 63 10 26 18 11 78 40 82 86 61 17 29 28 15 70 4 1 59 6 65 25 50 49 80 58 55 76 72 13 73 77 56 53 47 35 89 8 41 16 3 83 36 44 64 7 66 38 84 62 60 9 74 51 30
best 362646
time 950088 ms
seed 3
