jobs 90
mach 20
init 0 23 12 1 46 55 7 9 53 64 81 85 44 60 57 17 82 56 26 65 78 27 42 43 16 76 10 61 36 2 49 83 63 58 37 48 35 52 84 50 45 33 59 32 11 6 18 3 67 70 80 77 47 8 39 24 66 75 71 68 62 25 31 14 28 4 19 88 13 5 73 90 51 34 86 87 29 15 38 21 69 30 74 41 89 72 20 40 22 54 79
best 384018
best 366107 step 1 time 841 ms
best 356132 step 2 time 1092 ms
best 355035 step 3 time 1334 ms
best 347430 step 4 time 1728 ms
best 342535 step 14 time 4002 ms
best 340679 step 15 time 4130 ms
best 339824 step 21 time 5457 ms
best 338215 step 22 time 5599 ms
best 338084 step 23 time 5816 ms
best 336828 step 44 time 10795 ms
best 336469 step 45 time 10890 ms
best 335605 step 63 time 14494 ms
best 329072 step 67 time 15344 ms
best 328876 step 68 time 15489 ms
best 327845 step 313 time 66260 ms
best 325758 step 618 time 130051 ms
best 325395 step 619 time 130230 ms
done 0 23 12 66 78 16 1 55 9 7 81 61 44 82 11 65 53 57 17 56 27 42 10 43 6 60 80 63 37 49 8 85 58 76 36 84 31 2 83 48 35 45 33 77 3 14 39 50 32 52 24 71 70 47 67 73 64 28 18 75 4 26 59 62 19 13 90 51 46 74 25 68 87 21 88 5 29 38 34 15 86 89 69 30 20 41 22 54 72 79 40
best 325395
time 950035 ms
seed 3
