jobs 90
mach 20
init 0 60 78 34 55 72 11 6 71 66 51 83 46 56 39 61 88 15 12 82 10 86 57 35 32 58 13 21 77 20 2 42 50 67 31 90 33 48 4 26 28 29 63 52 65 54 44 37 17 69 49 53 27 30 75 89 16 8 23 80 36 87 84 14 62 3 7 22 76 79 41 81 18 25 85 73 64 68 24 5 47 43 45 70 1 9 19 74 38 59 40
best 352701
best 321394 step 1 time 781 ms
best 317902 step 4 time 1302 ms
best 315128 step 17 time 3295 ms
best 311491 step 115 time 19096 ms
best 311130 step 346 time 58103 ms
best 310791 step 356 time 59893 ms
best 310363 step 358 time 60216 ms
best 310084 step 359 time 60414 ms
best 308962 step 615 time 104004 ms
best 307203 step 697 time 119359 ms
done 0 12 60 66 78 72 34 15 8 71 11 82 31 6 61 87 83 52 56 67 57 51 21 35 39 13 88 46 55 2 20 50 10 48 28 58 44 90 4 75 26 33 42 53 22 69 32 77 29 65 54 86 30 27 89 3 14 80 84 63 16 37 17 36 85 49 7 23 76 79 25 41 73 81 19 62 68 47 5 43 45 24 1 74 9 18 64 38 59 70 40
best 307203
time 950052 ms
seed 3
