jobs 90
mach 20
init 0 85 7 71 49 58 11 74 54 36 21 6 12 79 41 48 46 66 44 38 20 15 29 28 3 76 68 84 27 83 43 22 31 26 90 17 33 70 60 81 75 5 34 63 87 2 23 62 25 37 45 18 61 57 73 47 50 67 88 72 51 19 69 59 35 53 56 13 39 10 89 24 42 80 16 55 77 30 64 78 8 82 32 65 9 86 14 4 1 52 40
best 432004
best 430764 step 3 time 749 ms
best 425395 step 4 time 909 ms
best 423815 step 8 time 1707 ms
best 423454 step 9 time 1869 ms
best 420528 step 12 time 2379 ms
best 410165 step 14 time 2605 ms
best 407984 step 39 time 6734 ms
best 407477 step 253 time 40281 ms
best 407365 step 254 time 40377 ms
best 406936 step 255 time 40671 ms
best 406245 step 256 time 40840 ms
best 404982 step 360 time 56723 ms
best 404365 step 362 time 56976 ms
best 402900 step 364 time 57342 ms
best 402428 step 367 time 57812 ms
best 402056 step 368 time 57952 ms
best 401900 step 370 time 58226 ms
best 400681 step 1432 time 233941 ms
best 400570 step 1435 time 234449 ms
best 399239 step 2892 time 468677 ms
best 398915 step 2893 time 468844 ms
done 0 48 49 54 36 85 74 58 12 24 11 7 71 15 21 6 70 18 79 41 46 3 43 38 20 28 90 31 76 37 27 44 68 83 81 26 22 29 17 62 87 34 84 45 63 61 33 75 60 72 23 25 2 80 5 57 51 19 47 50 53 66 73 69 59 88 56 35 30 13 67 10 39 42 78 8 89 16 55 77 1 14 4 65 9 52 82 64 86 32 40
best 398915
time 950129 ms
seed 3
