jobs 90
mach 20
init 0 26 75 20 53 55 83 18 39 28 30 64 73 1 49 70 35 44 40 68 72 8 32 17 45 42 87 43 77 9 85 21 25 13 52 54 63 29 86 6 57 4 74 59 14 50 7 67 36 65 48 31 89 66 88 62 23 38 10 60 27 41 82 69 22 5 79 16 19 78 34 33 84 90 46 37 80 51 12 81 47 71 3 61 11 15 76 24 58 2 56
best 416060
best 404815 step 1 time 458 ms
best 404658 step 2 time 539 ms
best 402976 step 3 time 677 ms
best 402505 step 5 time 1025 ms
best 399607 step 6 time 1138 ms
best 398264 step 8 time 1433 ms
best 398259 step 9 time 1544 ms
best 393642 step 10 time 1719 ms
best 392100 step 12 time 2127 ms
best 388011 step 13 time 2327 ms
best 387913 step 259 time 43423 ms
best 385215 step 478 time 80799 ms
best 384890 step 790 time 134940 ms
best 384389 step 796 time 135878 ms
best 382798 step 798 time 136344 ms
best 382716 step 4548 time 756673 ms
best 382133 step 4750 time 789002 ms
done 0 26 9 53 55 73 75 1 20 39 83 64 40 68 49 28 35 72 70 8 59 45 32 42 85 43 77 44 69 13 7 36 89 29 25 21 14 52 54 63 17 86 57 16 6 50 74 87 4 48 65 31 66 5 88 67 62 23 18 41 82 30 84 33 34 27 38 19 60 10 22 3 12 61 37 80 81 47 24 78 79 11 15 51 2 71 76 90 46 56 58
best 382133
time 950142 ms
seed 3
