jobs 90
mach 20
init 0 5 52 13 88 65 64 2 73 67 57 66 30 75 53 1 42 44 60 20 77 51 4 76 7 81 63 80 43 39 55 22 68 61 3 86 87 8 50 24 19 70 90 31 46 47 32 27 40 69 25 71 12 85 14 82 79 36 89 49 78 58 37 21 72 38 56 26 23 17 11 10 15 33 28 48 74 16 34 84 35 62 83 29 6 54 9 41 18 59 45
best 314105
best 313120 step 1 time 515 ms
best 312004 step 2 time 805 ms
best 307081 step 3 time 913 ms
best 303550 step 4 time 1110 ms
best 302296 step 5 time 1343 ms
best 298417 step 6 time 1529 ms
best 297526 step 7 time 1747 ms
best 295698 step 14 time 2869 ms
best 293357 step 21 time 4470 ms
best 291157 step 310 time 51241 ms
best 290948 step 1068 time 172536 ms
best 290663 step 1171 time 189190 ms
best 290595 step 1172 time 189343 ms
best 289942 step 1176 time 189832 ms
best 289690 step 1177 time 190043 ms
done 0 5 52 13 88 64 65 66 57 81 30 75 44 53 42 1 61 20 76 77 7 67 55 60 51 4 2 43 63 68 80 39 32 73 3 50 24 22 8 70 90 87 86 31 27 46 26 10 40 25 69 47 83 21 19 38 71 82 79 12 85 72 89 49 11 78 58 33 37 17 56 48 74 16 36 14 34 23 15 28 84 54 9 29 59 6 62 35 41 18 45
best 289690
time 950026 ms
seed 3
