jobs 90
mach 20
init 0 55 16 68 28 47 71 42 51 1 54 60 78 10 73 39 81 64 36 27 30 8 52 89 2 90 53 63 9 41 48 14 31 49 74 11 12 34 37 40 83 13 86 32 25 26 24 70 59 5 29 4 82 88 77 80 35 23 7 3 66 76 19 58 17 87 57 56 44 69 62 46 21 67 43 72 65 61 33 79 45 18 84 15 85 22 20 6 38 50 75
best 442277
best 440604 step 1 time 450 ms
best 436170 step 4 time 907 ms
best 425893 step 5 time 1055 ms
best 423924 step 6 time 1140 ms
best 417227 step 11 time 2171 ms
best 414612 step 16 time 3267 ms
best 414606 step 17 time 3479 ms
best 410746 step 30 time 5381 ms
best 410686 step 31 time 5510 ms
best 406944 step 37 time 6548 ms
best 406218 step 42 time 7407 ms
best 403294 step 43 time 7550 ms
best 402448 step 874 time 151459 ms
best 399816 step 875 time 151765 ms
best 398492 step 876 time 152039 ms
done 0 55 16 47 64 51 42 28 78 89 90 54 36 60 8 10 73 1 81 39 53 27 30 52 63 34 32 2 37 62 48 49 74 12 41 68 14 11 31 70 71 40 88 9 69 83 13 80 25 86 26 58 23 77 5 29 4 82 24 46 35 3 7 57 56 33 66 76 45 43 17 87 67 59 65 44 84 19 61 18 21 79 20 6 72 15 85 22 50 38 75
best 398492
time 950106 ms
seed 3
