jobs 90
mach 20
init 0 69 31 76 30 53 89 35 4 5 77 12 65 46 25 9 55 33 27 44 42 32 80 36 57 17 52 73 62 58 28 54 14 78 45 64 6 29 72 83 1 26 66 79 37 85 81 70 50 88 2 67 87 43 90 13 3 60 15 48 61 39 34 74 7 75 20 41 84 24 10 63 8 21 51 47 59 71 11 68 19 82 16 38 40 18 22 86 49 23 56
best 366186
best 365903 step 1 time 485 ms
best 363309 step 3 time 858 ms
best 363293 step 4 time 1001 ms
best 361929 step 5 time 1201 ms
best 361106 step 6 time 1302 ms
best 357829 step 7 time 1645 ms
best 354916 step 8 time 1996 ms
best 353754 step 10 time 2265 ms
best 351694 step 11 time 2423 ms
best 351287 step 28 time 5838 ms
best 349901 step 29 time 6118 ms
best 348354 step 40 time 7525 ms
best 347024 step 77 time 13787 ms
best 346642 step 78 time 14078 ms
best 346593 step 83 time 14952 ms
best 345478 step 84 time 15107 ms
best 345067 step 86 time 15378 ms
best 344802 step 129 time 22484 ms
best 344092 step 179 time 31458 ms
best 342552 step 209 time 36728 ms
best 342477 step 210 time 36901 ms
best 341477 step 358 time 62936 ms
best 341239 step 359 time 63120 ms
best 340869 step 360 time 63368 ms
best 340850 step 361 time 63539 ms
best 340060 step 362 time 63677 ms
done 0 42 69 46 35 76 12 31 30 58 62 53 4 65 89 25 54 9 33 55 80 27 77 32 17 44 36 57 37 52 48 28 6 5 14 26 45 64 29 66 83 1 79 72 81 70 13 78 87 3 90 85 75 43 73 39 2 67 60 50 88 15 59 34 74 7 20 61 41 24 71 8 84 51 11 10 63 19 21 47 38 40 82 23 18 16 49 68 86 22 56
best 340060
time 950108 ms
seed 3
