jobs 90
mach 20
init 0 35 81 45 26 32 75 90 79 43 61 60 24 50 13 70 64 63 80 1 44 66 39 29 15 88 41 20 17 76 56 25 87 49 82 51 8 23 57 58 37 7 62 46 72 27 48 52 3 84 83 77 19 16 28 36 89 10 85 47 74 73 34 86 2 5 71 55 21 9 38 14 42 53 30 67 11 40 69 6 78 33 68 18 59 4 54 65 22 31 12
best 378206
best 371513 step 1 time 542 ms
best 367155 step 3 time 990 ms
best 366616 step 16 time 3500 ms
best 364749 step 50 time 9960 ms
best 364695 step 63 time 12130 ms
best 363077 step 64 time 12304 ms
best 362242 step 70 time 13521 ms
best 358900 step 73 time 14164 ms
best 358884 step 74 time 14258 ms
best 357268 step 75 time 14368 ms
best 357013 step 157 time 29152 ms
best 356973 step 158 time 29413 ms
best 356555 step 159 time 29546 ms
best 354469 step 254 time 47976 ms
best 354465 step 256 time 48198 ms
best 352834 step 442 time 83036 ms
best 352485 step 443 time 83231 ms
best 350458 step 621 time 115980 ms
best 349980 step 623 time 116367 ms
best 349840 step 1800 time 328179 ms
best 349771 step 2070 time 378295 ms
best 349736 step 2071 time 378436 ms
best 349171 step 3906 time 718616 ms
best 348017 step 3907 time 718829 ms
done 0 35 46 13 32 75 90 27 50 45 43 26 80 79 29 1 64 61 41 89 63 39 24 20 70 44 17 5 88 76 56 66 25 82 47 51 8 52 87 49 23 57 62 48 58 37 3 19 85 77 7 15 36 84 60 72 28 73 16 2 83 30 86 74 53 14 21 9 71 38 11 34 67 78 42 10 55 40 6 69 65 33 68 18 81 4 54 22 12 31 59
best 348017
time 950061 ms
seed 3
