jobs 90
mach 20
init 0 12 51 61 19 35 6 65 11 7 50 42 45 80 88 59 15 32 27 39 52 17 56 84 58 75 43 16 2 77 73 34 8 71 63 40 55 1 69 9 67 87 26 10 70 78 60 54 37 72 30 76 74 49 29 20 81 41 24 48 85 44 89 66 90 14 22 31 68 57 23 53 13 79 4 46 82 5 86 33 25 18 21 36 3 64 47 62 38 83 28
best 431678
best 424331 step 3 time 914 ms
best 417795 step 4 time 1173 ms
best 417008 step 21 time 3937 ms
best 415180 step 23 time 4338 ms
best 414261 step 24 time 4479 ms
best 413656 step 25 time 4762 ms
best 410522 step 27 time 5127 ms
best 409805 step 28 time 5345 ms
best 407737 step 32 time 6015 ms
best 407492 step 34 time 6228 ms
best 406998 step 35 time 6365 ms
best 406720 step 36 time 6446 ms
best 406483 step 37 time 6536 ms
best 404688 step 39 time 6834 ms
best 404543 step 522 time 89002 ms
best 403142 step 3651 time 638667 ms
best 402061 step 3654 time 638983 ms
best 401278 step 3655 time 639168 ms
done 0 12 51 10 61 45 65 7 19 11 76 42 6 27 52 70 15 22 35 43 84 40 17 58 59 56 34 75 16 77 32 2 69 50 24 9 71 88 73 8 1 80 74 78 55 30 39 67 54 81 29 87 72 37 48 60 90 49 26 89 85 66 14 20 79 53 44 63 4 41 13 46 31 68 57 23 5 3 33 25 86 18 21 36 64 82 62 38 47 28 83
best 401278
time 950231 ms
seed 3
