jobs 100
mach 20
init 0 14 37 92 61 80 63 45 17 27 16 71 25 82 54 68 24 62 40 95 8 73 79 81 64 1 47 42 41 19 38 44 5 34 70 87 33 48 97 78 2 39 65 6 53 32 75 35 50 77 31 43 67 83 55 76 69 3 10 49 94 15 60 100 58 46 11 84 28 72 74 21 98 30 86 4 52 88 20 90 93 29 56 23 26 13 22 51 89 18 7 96 99 85 12 36 57 91 66 9 59
best 554368
best 546358 step 1 time 709 ms
best 542645 step 2 time 1072 ms
best 539248 step 5 time 2245 ms
best 537530 step 14 time 4158 ms
best 534983 step 21 time 6392 ms
best 534431 step 23 time 6918 ms
best 533883 step 26 time 7482 ms
best 533623 step 27 time 7652 ms
best 531384 step 28 time 7906 ms
best 530511 step 30 time 8253 ms
best 529775 step 32 time 9008 ms
best 525080 step 67 time 18123 ms
best 524520 step 323 time 83658 ms
best 524013 step 326 time 84465 ms
best 523217 step 454 time 116424 ms
best 520438 step 482 time 123095 ms
best 520428 step 484 time 123404 ms
best 519488 step 1980 time 490303 ms
best 519127 step 1981 time 490496 ms
best 518292 step 1983 time 491111 ms
best 517023 step 2858 time 712429 ms
best 516789 step 3596 time 896987 ms
best 515743 step 3597 time 897278 ms
best 515427 step 3600 time 897940 ms
best 514850 step 3601 time 898169 ms
best 514384 step 3605 time 899267 ms
best 514034 step 3606 time 899451 ms
done 0 16 33 27 17 61 25 37 95 54 78 71 68 80 40 2 45 94 24 19 62 63 44 8 79 5 73 42 41 1 81 97 38 32 70 92 55 64 39 47 53 82 76 67 50 65 77 34 87 69 10 43 6 75 83 14 3 46 35 84 15 60 100 11 86 48 58 31 49 52 90 28 88 98 30 7 56 4 72 21 29 74 20 99 93 26 51 89 85 23 18 22 96 12 13 36 57 59 66 9 91
best 514034
time 950240 ms
seed 13
