jobs 100
mach 20
init 0 56 3 39 94 66 62 74 15 16 57 81 55 24 14 80 64 83 10 33 38 91 29 75 71 26 11 96 97 23 68 30 19 100 12 49 84 27 21 41 92 63 6 70 25 95 36 18 9 42 54 82 77 34 46 88 52 4 98 13 51 61 76 67 1 93 35 2 50 73 79 78 5 32 69 17 53 48 43 87 60 59 86 72 7 58 37 8 31 28 44 45 40 90 65 85 89 20 22 99 47
best 610890
best 610107 step 2 time 1345 ms
best 603040 step 3 time 1540 ms
best 600880 step 5 time 2074 ms
best 594061 step 8 time 3214 ms
best 588322 step 11 time 3944 ms
best 579003 step 34 time 9631 ms
best 578840 step 71 time 19400 ms
best 577257 step 77 time 21474 ms
best 576794 step 147 time 39284 ms
best 570917 step 779 time 224285 ms
best 569418 step 782 time 225084 ms
best 565950 step 783 time 225377 ms
best 564133 step 2981 time 844929 ms
best 563642 step 2982 time 845109 ms
best 563239 step 2983 time 845376 ms
best 562774 step 2986 time 845894 ms
done 0 56 62 55 3 16 94 24 74 66 57 14 10 80 83 46 81 15 64 71 29 75 96 91 68 11 23 38 21 97 33 84 27 93 26 98 52 54 63 41 25 19 100 92 70 30 6 12 18 51 49 4 36 9 61 77 69 34 13 76 67 1 43 88 82 2 50 73 95 31 78 17 42 79 5 39 32 59 58 37 60 7 8 86 48 35 87 72 53 44 20 45 90 40 65 85 28 89 99 22 47
best 562774
time 950058 ms
seed 13
