jobs 100
mach 20
init 0 78 17 66 79 41 51 70 37 58 54 74 80 86 13 24 89 87 67 91 82 9 12 35 61 77 92 23 69 34 7 63 64 4 19 84 83 28 27 68 65 20 42 33 38 16 6 1 72 31 60 22 93 56 43 52 50 100 94 96 14 76 53 95 62 59 73 97 48 47 45 81 29 15 55 49 39 36 98 99 88 75 85 11 25 3 26 44 21 71 2 30 46 32 40 57 90 5 8 10 18
best 549976
best 526872 step 1 time 888 ms
best 526138 step 3 time 1217 ms
best 520599 step 4 time 1443 ms
best 516805 step 5 time 1681 ms
best 515008 step 6 time 1935 ms
best 512050 step 7 time 2312 ms
best 510278 step 9 time 2726 ms
best 507985 step 10 time 3029 ms
best 503952 step 14 time 4087 ms
best 503626 step 16 time 4550 ms
best 498939 step 21 time 5883 ms
best 498857 step 22 time 6250 ms
best 497324 step 24 time 7023 ms
best 496006 step 26 time 7385 ms
best 490148 step 28 time 7800 ms
best 485596 step 30 time 8367 ms
best 482313 step 61 time 16662 ms
best 479066 step 1201 time 308553 ms
done 0 61 48 77 79 13 41 17 67 51 58 70 80 37 92 66 83 38 22 74 23 54 24 12 35 63 87 86 9 91 69 14 94 34 16 65 82 64 1 7 28 52 4 19 93 56 20 33 6 84 96 42 78 31 60 72 100 43 27 68 50 73 89 47 55 76 95 88 39 59 97 62 81 45 53 49 29 3 75 36 26 15 85 98 25 99 46 44 21 32 30 2 11 71 40 57 90 5 8 10 18
best 479066
time 950046 ms
seed 13
