jobs 100
mach 20
init 0 23 62 1 45 52 71 21 75 60 37 16 9 27 25 17 32 34 29 88 98 87 81 42 44 84 68 61 79 12 18 50 40 19 11 85 77 89 70 55 65 69 80 82 64 73 66 59 22 86 53 83 39 5 51 10 58 76 49 95 24 99 2 90 36 26 33 78 94 56 63 97 67 6 31 47 14 30 20 13 92 91 100 74 54 8 41 15 96 46 35 7 72 3 28 4 93 43 57 38 48
best 566176
best 560290 step 2 time 1040 ms
best 559574 step 3 time 1495 ms
best 559334 step 6 time 2284 ms
best 557419 step 9 time 2991 ms
best 556580 step 10 time 3391 ms
best 550165 step 11 time 3627 ms
best 546611 step 12 time 4017 ms
best 545913 step 96 time 25697 ms
best 543982 step 109 time 29145 ms
best 542099 step 113 time 30108 ms
best 540664 step 173 time 44495 ms
best 537297 step 290 time 76001 ms
best 533771 step 291 time 76539 ms
best 533714 step 1018 time 262132 ms
best 530608 step 1705 time 439600 ms
best 529811 step 2172 time 559032 ms
best 529766 step 2173 time 559277 ms
done 0 23 62 1 45 17 75 37 21 80 52 32 55 16 25 34 71 66 12 88 44 27 60 61 77 84 68 29 42 79 40 98 19 81 50 11 87 82 26 70 51 69 18 39 22 95 85 94 64 53 97 89 86 59 58 2 90 73 9 83 5 49 47 6 10 65 33 56 36 20 15 67 76 63 24 99 41 78 8 30 54 92 35 91 100 14 13 7 3 74 96 46 28 4 31 38 93 72 57 48 43
best 529766
time 950230 ms
seed 13
