jobs 100
mach 20
init 0 75 71 11 67 4 92 60 83 94 54 56 2 46 16 53 41 20 100 65 76 47 59 23 58 96 82 64 21 17 33 25 10 32 95 43 86 69 81 36 73 52 44 55 6 49 84 37 38 1 34 89 97 39 13 78 99 15 91 12 19 74 57 30 98 29 42 8 26 70 40 31 45 35 63 14 3 7 62 18 28 85 50 51 66 27 24 80 22 90 79 72 68 87 9 61 93 88 5 48 77
best 485819
best 481176 step 2 time 1048 ms
best 470464 step 4 time 1661 ms
best 469911 step 7 time 2678 ms
best 468266 step 9 time 3084 ms
best 467322 step 27 time 8103 ms
best 461511 step 36 time 10692 ms
best 457513 step 49 time 13825 ms
best 456270 step 505 time 133826 ms
best 456233 step 506 time 134071 ms
best 455400 step 2381 time 626077 ms
best 453919 step 2382 time 626242 ms
best 453193 step 2383 time 626460 ms
best 453182 step 2387 time 627496 ms
done 0 67 75 71 86 54 94 60 4 92 53 2 11 41 83 20 16 56 100 65 76 33 17 10 32 91 58 59 23 82 64 21 36 89 47 25 95 46 69 43 44 49 52 84 96 81 55 97 6 37 38 57 1 30 98 99 78 15 39 12 73 13 70 42 19 8 63 74 35 62 26 29 40 51 34 80 3 45 7 14 27 22 90 50 31 28 61 18 24 66 85 68 87 93 88 79 9 5 72 48 77
best 453182
time 950133 ms
seed 13
