jobs 100
mach 20
init 0 69 25 48 31 100 38 82 21 19 63 64 4 75 65 99 68 50 9 35 23 92 49 91 89 22 24 29 16 45 52 32 86 1 95 70 6 73 39 66 87 44 71 83 59 60 77 51 94 37 36 79 85 96 17 98 47 93 18 2 53 11 7 34 3 13 42 97 62 8 88 14 41 72 67 54 90 15 80 61 40 78 30 84 56 10 20 26 55 76 27 46 12 5 28 58 43 33 81 74 57
best 501155
best 496355 step 1 time 1097 ms
best 495941 step 2 time 1633 ms
best 492348 step 4 time 2134 ms
best 490435 step 6 time 3151 ms
best 490082 step 8 time 3615 ms
best 487841 step 9 time 4092 ms
best 485554 step 10 time 4295 ms
best 485440 step 12 time 4728 ms
best 483385 step 14 time 5113 ms
best 483349 step 21 time 7151 ms
best 482426 step 30 time 9280 ms
best 480418 step 32 time 9556 ms
best 474138 step 33 time 9969 ms
best 473721 step 34 time 10094 ms
best 470218 step 94 time 26587 ms
best 469187 step 95 time 26762 ms
best 469068 step 125 time 34313 ms
best 468679 step 126 time 34527 ms
best 464324 step 128 time 35216 ms
best 463437 step 1336 time 351932 ms
best 462609 step 1337 time 352289 ms
done 0 48 31 75 25 1 92 4 38 97 82 64 23 19 73 65 24 99 68 77 21 87 63 100 35 9 45 32 96 39 95 29 6 89 86 16 49 83 17 79 52 22 51 66 62 44 2 94 98 37 70 36 85 59 71 50 41 14 60 47 42 11 7 34 91 3 13 15 93 72 78 18 88 90 30 84 53 12 80 67 27 56 26 55 10 61 8 76 40 20 46 43 5 54 33 81 58 28 69 74 57
best 462609
time 950004 ms
seed 13
