jobs 100
mach 20
init 0 33 26 39 90 86 14 72 69 80 82 12 61 29 64 52 11 42 97 63 7 54 89 49 43 53 93 17 9 78 25 13 68 77 57 88 56 79 23 100 59 40 19 92 5 20 6 55 50 8 85 81 28 24 84 95 1 37 73 44 45 30 3 71 58 87 46 99 4 15 65 18 62 96 27 67 38 83 51 47 94 32 16 98 60 66 76 31 70 41 10 75 48 34 22 36 21 35 91 74 2
best 551920
best 549201 step 1 time 594 ms
best 543146 step 2 time 1043 ms
best 539186 step 3 time 1361 ms
best 535515 step 7 time 2793 ms
best 534206 step 15 time 5050 ms
best 534118 step 21 time 7166 ms
best 530850 step 22 time 7551 ms
best 527836 step 47 time 13260 ms
best 527619 step 60 time 16737 ms
best 527253 step 61 time 16997 ms
best 526742 step 305 time 76320 ms
best 526053 step 319 time 79413 ms
best 524990 step 321 time 80009 ms
best 523658 step 488 time 124045 ms
best 521675 step 489 time 124263 ms
best 520798 step 943 time 237998 ms
best 520417 step 2117 time 539698 ms
done 0 26 24 52 64 29 18 72 14 12 69 11 43 33 79 63 54 82 97 42 80 86 61 17 53 93 25 49 7 99 56 13 89 39 77 68 81 88 57 15 59 78 100 9 8 40 92 5 28 73 84 6 95 85 44 55 50 37 1 30 71 90 20 58 19 45 65 38 3 87 4 67 27 16 83 51 47 66 46 23 60 96 70 10 98 32 94 76 62 75 22 41 35 31 48 34 36 21 91 74 2
best 520417
time 950174 ms
seed 13
