jobs 100
mach 20
init 0 98 22 21 25 26 89 61 55 16 29 36 35 30 2 83 38 95 79 15 80 69 96 85 11 81 17 8 13 31 14 32 50 53 23 47 94 91 40 75 92 44 59 63 65 19 10 28 3 24 57 99 1 27 68 87 56 72 45 66 90 41 51 48 100 18 7 37 54 86 93 33 58 4 67 70 74 20 78 43 34 97 77 62 49 46 5 73 42 60 64 52 9 82 6 84 39 88 12 76 71
best 462045
best 455666 step 1 time 860 ms
best 454940 step 2 time 1183 ms
best 450778 step 3 time 1556 ms
best 444334 step 4 time 2215 ms
best 444302 step 6 time 2890 ms
best 439778 step 73 time 24184 ms
best 439222 step 85 time 28051 ms
best 436650 step 89 time 29272 ms
best 434184 step 92 time 30039 ms
best 431050 step 95 time 31038 ms
best 430646 step 96 time 31346 ms
done 0 98 22 30 21 26 29 61 36 25 38 80 79 95 35 15 17 24 55 89 2 69 96 85 16 83 11 37 1 99 8 66 32 53 94 50 91 40 75 14 86 13 23 47 87 72 92 19 10 63 31 3 59 90 41 68 56 28 51 27 48 81 45 65 67 78 57 44 54 4 7 18 97 70 100 33 93 46 58 74 77 43 49 34 5 73 6 60 20 88 42 62 64 71 9 84 82 39 12 76 52
best 430646
time 950324 ms
seed 13
