jobs 100
mach 20
init 0 47 51 100 16 23 36 53 24 52 58 18 1 10 79 54 19 38 17 35 31 88 2 67 34 45 3 33 37 96 56 73 74 21 98 99 8 85 81 63 43 82 65 86 75 44 76 70 91 69 90 80 46 15 89 29 92 60 61 94 71 83 13 93 20 41 50 28 72 11 84 97 22 30 48 57 59 32 40 26 64 6 62 12 42 14 68 25 27 95 4 66 87 39 7 55 77 5 78 9 49
best 492523
best 492522 step 1 time 780 ms
best 481408 step 2 time 1028 ms
best 475674 step 3 time 1306 ms
best 474986 step 5 time 1816 ms
best 472758 step 6 time 2106 ms
best 468134 step 7 time 2536 ms
best 467497 step 13 time 4291 ms
best 466654 step 37 time 10578 ms
best 463737 step 38 time 10878 ms
best 461498 step 40 time 11365 ms
best 460246 step 42 time 11793 ms
best 457461 step 92 time 24476 ms
best 456517 step 114 time 30704 ms
best 451710 step 132 time 35370 ms
best 451674 step 271 time 71949 ms
best 450485 step 277 time 73280 ms
best 450060 step 280 time 73839 ms
best 449340 step 281 time 74100 ms
done 0 88 18 73 100 16 52 51 53 24 23 8 58 35 1 19 70 98 54 34 31 37 67 38 3 56 96 74 81 2 45 20 65 10 79 36 63 17 91 89 21 33 99 80 85 75 44 69 90 43 82 61 86 41 46 15 71 57 50 76 83 29 92 60 93 28 11 84 42 97 59 48 26 66 6 47 12 68 22 72 32 40 13 62 64 14 94 7 27 5 30 25 95 87 4 39 49 55 77 78 9
best 449340
time 950033 ms
seed 13
