jobs 100
mach 20
init 0 5 92 22 86 63 80 91 27 26 97 67 87 88 50 68 16 41 99 12 34 47 23 72 24 70 6 37 93 25 61 52 89 33 17 30 51 96 1 54 55 100 39 94 71 32 13 36 84 18 69 46 20 45 35 83 43 2 73 98 75 21 82 3 10 60 15 78 95 62 42 9 7 29 79 4 85 90 76 49 56 53 48 40 81 74 59 11 31 64 19 66 57 77 65 44 28 38 8 14 58
best 379909
best 379195 step 1 time 860 ms
best 374208 step 2 time 1108 ms
best 367756 step 4 time 1507 ms
best 367409 step 5 time 1676 ms
best 367031 step 16 time 4214 ms
best 364987 step 17 time 4486 ms
best 363945 step 48 time 12402 ms
best 363606 step 50 time 13174 ms
best 363126 step 54 time 14643 ms
best 362222 step 62 time 16608 ms
best 362178 step 63 time 17023 ms
best 359610 step 68 time 18108 ms
best 356511 step 255 time 66986 ms
best 355367 step 257 time 67239 ms
best 354824 step 600 time 156875 ms
best 353976 step 601 time 157130 ms
best 353686 step 1285 time 333804 ms
best 351254 step 1286 time 334242 ms
done 0 72 22 26 92 63 80 97 27 67 87 50 16 5 88 41 99 37 70 68 12 91 93 47 23 34 86 25 61 52 6 13 33 96 98 30 89 100 51 39 69 55 71 32 43 54 17 36 24 20 84 18 45 75 95 21 94 10 1 2 73 35 83 82 15 29 46 76 3 74 79 42 49 62 4 85 90 7 53 60 78 9 56 40 31 64 11 19 57 59 48 28 44 66 65 38 81 14 8 58 77
best 351254
time 950005 ms
seed 13
