jobs 50
mach 20
init 0 47 17 1 24 27 34 29 30 8 26 2 45 39 23 32 41 20 43 33 37 11 4 42 13 36 5 44 14 12 22 50 6 19 16 15 25 10 31 18 48 9 38 21 35 28 46 40 49 3 7
best 66778
best 66148 step 16 time 322 ms
best 65023 step 19 time 375 ms
best 64591 step 1123 time 19625 ms
best 64135 step 1189 time 20758 ms
best 63664 step 1360 time 23778 ms
best 63645 step 1361 time 23802 ms
best 63559 step 12899 time 226300 ms
best 63549 step 26854 time 468901 ms
done 0 6 47 17 31 1 24 27 29 34 8 30 43 20 2 45 39 41 42 37 11 4 32 26 23 12 44 36 14 33 5 22 13 15 16 19 25 50 18 48 10 9 35 49 38 21 28 46 40 3 7
best 63549
time 950018 ms
seed 13
