jobs 50
mach 20
init 0 36 10 3 25 39 22 46 6 42 24 17 33 12 31 4 44 21 14 26 40 28 32 20 8 2 15 19 50 23 45 9 34 13 1 47 5 30 11 48 35 38 7 37 29 49 18 43 27 16 41
best 39521
best 38247 step 2 time 93 ms
best 37716 step 77 time 1624 ms
best 37705 step 315 time 5680 ms
best 36970 step 329 time 5939 ms
best 36845 step 333 time 5976 ms
best 36794 step 334 time 5998 ms
best 36576 step 551 time 9792 ms
best 36519 step 7377 time 131045 ms
best 36416 step 7379 time 131091 ms
best 36336 step 38586 time 700201 ms
done 0 12 36 3 10 25 22 46 6 42 39 24 17 14 31 4 44 21 33 26 28 32 20 15 40 23 45 2 50 35 19 8 9 34 47 1 5 13 30 48 27 38 7 49 18 37 11 43 29 16 41
best 36336
time 950013 ms
seed 13
