jobs 50
mach 20
init 0 50 33 10 8 18 11 1 29 12 45 20 3 48 17 6 31 35 4 41 39 43 44 2 13 34 46 9 22 19 47 32 37 36 26 24 38 14 25 21 30 7 15 42 16 23 49 40 28 5 27
best 17149
best 14572 step 7 time 236 ms
best 14511 step 11 time 298 ms
best 14381 step 13 time 335 ms
best 13642 step 34 time 784 ms
best 13633 step 35 time 805 ms
best 12862 step 42 time 950 ms
best 12418 step 126 time 2435 ms
best 12081 step 127 time 2460 ms
best 12069 step 391 time 7281 ms
done 0 33 18 10 45 8 29 11 50 1 37 9 20 3 48 17 6 31 41 39 35 43 44 2 4 13 46 34 22 19 14 47 32 36 12 5 26 24 38 25 21 7 30 15 42 16 23 49 40 27 28
best 12069
time 950004 ms
seed 13
