jobs 50
mach 20
init 0 34 20 44 38 16 17 46 1 13 24 28 3 48 2 50 25 21 23 42 40 29 36 12 33 19 7 14 5 43 22 4 15 32 41 49 37 30 27 26 10 8 18 6 31 11 39 9 45 35 47
best 44471
best 44097 step 1 time 72 ms
best 41809 step 2 time 98 ms
best 41756 step 4 time 130 ms
best 41609 step 5 time 163 ms
best 41497 step 16 time 329 ms
best 41262 step 17 time 345 ms
best 38192 step 21 time 461 ms
best 38154 step 630 time 11001 ms
best 38115 step 1692 time 28726 ms
best 38103 step 1693 time 28749 ms
best 37906 step 2343 time 40241 ms
best 37871 step 20011 time 345027 ms
best 37844 step 27108 time 467797 ms
done 0 34 16 44 20 17 46 1 13 24 3 38 19 21 28 22 2 48 25 40 42 29 36 33 12 23 7 14 41 5 4 50 15 32 37 30 43 27 49 6 26 10 8 18 31 11 9 39 45 35 47
best 37844
time 950004 ms
seed 13
