jobs 50
mach 20
init 0 46 43 16 38 47 32 35 42 20 31 21 33 48 11 12 26 36 45 28 6 44 17 10 9 14 50 23 19 25 7 40 15 2 8 18 24 13 22 37 41 49 4 27 1 3 29 39 5 34 30
best 25189
best 25025 step 1 time 100 ms
best 24277 step 8 time 252 ms
best 24083 step 11 time 318 ms
best 23948 step 36 time 800 ms
best 23946 step 305 time 6200 ms
best 23936 step 1709 time 34878 ms
best 23770 step 2357 time 47901 ms
done 0 46 43 16 35 38 47 32 42 20 31 48 21 33 12 26 11 36 45 28 6 44 17 10 9 14 23 19 25 7 40 15 2 8 18 50 13 41 49 39 22 27 1 4 29 37 3 24 34 30 5
best 23770
time 950012 ms
seed 13
