jobs 60
mach 20
init 0 36 50 32 11 33 5 47 8 60 59 3 28 46 34 4 52 42 40 20 45 48 51 43 31 25 53 18 44 1 49 30 10 7 57 24 22 21 19 37 12 55 26 58 41 54 29 15 16 56 17 14 39 35 9 6 13 23 38 27 2
best 61774
best 58230 step 17 time 720 ms
best 57499 step 18 time 755 ms
best 54197 step 23 time 935 ms
best 54112 step 141 time 5103 ms
best 53698 step 333 time 12453 ms
best 53180 step 378 time 14007 ms
best 53170 step 1386 time 49439 ms
best 53049 step 3990 time 140889 ms
best 52916 step 5242 time 186322 ms
best 52750 step 5243 time 186376 ms
best 51759 step 5245 time 186466 ms
best 51637 step 5248 time 186565 ms
best 51626 step 5251 time 186655 ms
done 0 47 32 20 33 8 60 7 50 11 3 42 28 46 34 59 4 52 18 51 53 40 43 45 5 48 1 44 31 57 55 25 30 54 49 10 24 22 19 21 37 12 26 15 58 41 56 16 17 36 29 14 9 6 39 35 27 13 23 38 2
best 51626
time 950028 ms
seed 13
