jobs 60
mach 20
init 0 47 30 5 34 56 16 31 21 26 33 17 2 38 48 55 9 52 28 39 41 36 35 1 59 11 14 22 29 32 8 7 4 57 13 20 6 40 60 15 42 24 51 25 27 19 23 3 37 10 46 12 49 45 53 18 54 58 50 43 44
best 76547
best 76350 step 2 time 226 ms
best 75699 step 6 time 375 ms
best 75250 step 7 time 428 ms
best 74548 step 12 time 699 ms
best 74240 step 13 time 764 ms
best 74230 step 14 time 809 ms
best 73873 step 15 time 854 ms
best 72780 step 19 time 1058 ms
best 72628 step 147 time 6587 ms
best 70506 step 148 time 6646 ms
best 70105 step 869 time 38966 ms
best 69747 step 3126 time 140323 ms
done 0 47 31 16 34 56 9 2 21 59 33 26 17 48 7 38 55 28 52 39 22 41 29 36 35 1 32 14 11 30 8 13 15 57 5 60 4 40 51 20 24 42 6 25 27 19 54 3 46 37 10 43 23 58 18 49 45 12 50 44 53
best 69747
time 950025 ms
seed 13
