jobs 70
mach 20
init 0 53 59 22 28 15 43 9 41 10 51 58 3 47 49 32 25 61 14 21 6 52 13 4 16 20 37 46 55 36 11 29 57 35 68 48 12 1 67 54 42 31 65 2 30 66 27 26 70 39 40 62 24 19 63 56 18 44 60 38 23 45 69 7 34 64 17 33 50 5 8
best 136352
best 131509 step 1 time 235 ms
best 129524 step 6 time 699 ms
best 127798 step 17 time 1586 ms
best 127615 step 611 time 41025 ms
best 127302 step 615 time 41250 ms
best 125248 step 1061 time 70050 ms
best 124843 step 6637 time 435844 ms
done 0 53 59 41 22 28 15 25 43 51 21 3 14 61 58 52 49 9 47 10 32 62 6 16 37 13 4 46 66 57 20 36 35 31 11 29 68 48 12 65 54 42 1 67 38 70 27 40 55 26 30 39 18 24 19 2 63 56 34 33 44 69 23 7 45 60 50 64 17 5 8
best 124843
time 950019 ms
seed 13
