jobs 80
mach 20
init 0 20 68 26 54 46 65 60 27 76 70 71 22 24 14 12 43 39 9 10 66 34 11 2 75 56 64 41 35 61 47 51 25 38 31 5 17 18 50 57 72 52 80 59 40 4 33 53 49 1 23 13 69 62 16 42 37 74 45 30 15 44 28 6 48 3 78 36 77 19 67 32 55 8 21 63 58 29 73 79 7
best 262273
best 249731 step 1 time 605 ms
best 249719 step 2 time 768 ms
best 248586 step 3 time 890 ms
best 246967 step 6 time 1207 ms
best 241034 step 7 time 1397 ms
best 238615 step 8 time 1526 ms
best 237465 step 17 time 2808 ms
best 237373 step 21 time 3264 ms
best 235856 step 32 time 4909 ms
best 233442 step 36 time 5379 ms
best 231403 step 37 time 5559 ms
best 230984 step 115 time 15349 ms
best 230086 step 117 time 15524 ms
best 229462 step 118 time 15607 ms
best 229299 step 124 time 16277 ms
best 229259 step 125 time 16366 ms
best 228629 step 127 time 16610 ms
best 227992 step 398 time 53893 ms
best 227151 step 821 time 111245 ms
best 226442 step 1629 time 219625 ms
best 224875 step 1639 time 221005 ms
best 223889 step 6795 time 917506 ms
best 223858 step 6796 time 917602 ms
done 0 68 20 71 26 46 54 9 24 75 65 25 76 60 27 22 39 70 43 72 10 14 66 35 42 2 41 61 64 34 56 47 50 38 51 18 31 5 59 11 17 57 53 33 49 15 52 69 40 12 80 1 45 23 62 16 37 44 4 13 48 30 78 3 28 74 55 32 6 77 36 67 58 19 8 21 63 73 29 79 7
best 223858
time 950045 ms
seed 13
