jobs 80
mach 20
init 0 70 66 25 47 18 71 29 2 57 53 17 42 62 58 14 19 1 4 63 55 33 50 11 15 65 21 22 76 38 41 37 23 79 6 12 13 30 52 73 59 39 46 28 3 26 61 35 54 60 78 75 77 74 72 40 7 20 49 10 67 24 34 80 36 64 31 27 43 44 9 8 32 69 48 68 5 16 56 51 45
best 274693
best 271839 step 1 time 483 ms
best 259183 step 2 time 648 ms
best 258899 step 7 time 1255 ms
best 258475 step 9 time 1456 ms
best 258139 step 16 time 2164 ms
best 256826 step 17 time 2257 ms
best 254812 step 29 time 3789 ms
best 250751 step 48 time 5960 ms
best 249136 step 49 time 6165 ms
best 247273 step 51 time 6417 ms
best 246728 step 140 time 16732 ms
best 246431 step 146 time 17376 ms
best 244678 step 563 time 66869 ms
best 242759 step 2241 time 264507 ms
best 242679 step 8002 time 945814 ms
done 0 66 25 47 19 29 62 18 57 14 53 17 42 58 71 2 50 4 38 41 11 65 52 22 63 76 20 21 15 73 79 55 70 37 59 6 75 74 72 28 61 30 12 39 26 77 35 13 1 54 23 33 24 3 60 78 40 27 67 34 10 7 36 64 46 31 44 9 49 8 80 69 43 5 32 48 68 56 16 51 45
best 242679
time 950082 ms
seed 13
