jobs 80
mach 20
init 0 21 36 58 23 68 77 66 25 1 31 4 65 20 27 70 74 11 40 3 8 33 56 28 69 17 49 57 16 50 73 14 44 34 5 45 75 53 22 30 80 18 19 46 10 6 52 79 7 32 61 12 29 76 48 78 55 37 51 47 38 41 64 35 63 9 43 42 60 62 26 39 2 13 54 71 67 24 72 15 59
best 264078
best 262546 step 18 time 2434 ms
best 261619 step 20 time 2673 ms
best 260318 step 223 time 25030 ms
best 259889 step 258 time 28733 ms
best 259713 step 871 time 98071 ms
best 259155 step 1111 time 125225 ms
best 259045 step 1202 time 135665 ms
best 255464 step 1428 time 160383 ms
best 255163 step 6626 time 756683 ms
done 0 21 36 58 23 77 66 25 1 68 31 4 20 70 74 28 33 11 40 3 8 56 27 69 17 73 49 57 44 16 34 75 22 53 5 45 14 50 46 6 30 18 80 10 52 79 7 32 76 61 19 12 29 55 41 51 78 2 62 48 64 47 37 35 63 65 9 43 42 60 24 13 38 26 39 15 71 72 67 54 59
best 255163
time 950129 ms
seed 13
