jobs 80
mach 20
init 0 45 24 29 78 42 75 1 41 49 63 19 14 61 12 20 59 46 7 11 56 31 33 10 4 57 27 44 17 60 3 69 71 34 16 72 30 53 22 28 76 48 26 15 77 62 73 32 5 67 9 8 66 51 39 74 21 80 2 40 35 68 25 38 58 79 50 64 55 18 70 47 23 36 54 43 6 13 37 65 52
best 204998
best 196268 step 1 time 328 ms
best 194871 step 5 time 744 ms
best 193288 step 6 time 900 ms
best 189470 step 7 time 1014 ms
best 188074 step 18 time 2228 ms
best 182360 step 19 time 2415 ms
best 182306 step 21 time 2602 ms
best 180788 step 22 time 2758 ms
best 179577 step 72 time 9094 ms
best 178799 step 94 time 11805 ms
best 178119 step 95 time 11908 ms
best 177564 step 96 time 12029 ms
best 176986 step 2878 time 356182 ms
best 176754 step 2887 time 357307 ms
best 175976 step 6334 time 786466 ms
done 0 19 3 24 45 78 42 46 75 1 76 63 14 61 27 56 20 12 7 49 44 41 31 10 71 22 11 69 60 17 33 79 72 29 57 34 53 4 66 30 48 25 5 77 21 15 26 32 73 35 28 51 50 39 9 16 74 8 59 67 70 80 2 40 64 62 18 54 38 36 23 68 6 13 58 43 55 37 47 52 65
best 175976
time 950051 ms
seed 13
