jobs 80
mach 20
init 0 5 9 49 60 75 28 48 74 35 39 23 32 21 73 7 18 24 11 4 31 10 69 59 68 33 44 13 64 25 70 34 52 12 1 43 22 14 8 36 57 61 62 26 6 17 45 76 16 20 46 2 66 51 55 37 50 29 30 72 80 15 42 38 19 71 58 78 63 56 79 53 41 54 47 65 77 40 67 27 3
best 205514
best 202798 step 2 time 376 ms
best 202460 step 3 time 455 ms
best 201049 step 4 time 546 ms
best 200411 step 5 time 623 ms
best 200247 step 6 time 703 ms
best 199050 step 15 time 1602 ms
best 196955 step 18 time 1851 ms
best 195370 step 20 time 2095 ms
best 189349 step 26 time 3010 ms
best 188113 step 103 time 10698 ms
best 188035 step 4415 time 458803 ms
best 188031 step 4416 time 458943 ms
best 187913 step 6033 time 627036 ms
best 187700 step 6035 time 627251 ms
best 187291 step 7595 time 790042 ms
best 186733 step 7597 time 790276 ms
done 0 5 9 52 75 28 48 74 49 60 35 39 36 21 18 44 59 11 10 32 33 31 68 4 23 64 13 1 24 61 70 34 7 25 12 43 69 14 73 2 45 20 46 8 26 57 66 17 16 6 62 29 51 37 22 30 15 76 50 55 38 56 80 58 42 72 41 78 47 63 71 77 3 65 79 53 27 19 54 67 40
best 186733
time 950133 ms
seed 13
