jobs 80
mach 20
init 0 2 1 45 13 43 68 70 55 34 71 54 6 7 8 72 74 47 78 9 50 22 37 46 26 27 23 48 67 32 39 29 35 40 25 17 53 33 61 49 65 52 15 75 66 51 16 4 38 3 80 60 57 42 21 36 18 56 20 14 58 73 30 5 19 41 64 63 76 28 79 31 62 59 24 11 69 12 77 10 44
best 190532
best 180515 step 1 time 439 ms
best 179380 step 9 time 1309 ms
best 179262 step 56 time 6993 ms
best 179221 step 66 time 8401 ms
best 178280 step 67 time 8532 ms
best 177549 step 94 time 11211 ms
best 176910 step 95 time 11310 ms
best 176228 step 390 time 44816 ms
best 174241 step 432 time 49817 ms
best 173734 step 743 time 86210 ms
best 173508 step 744 time 86384 ms
best 173286 step 1659 time 191451 ms
best 173057 step 5242 time 602011 ms
done 0 55 1 2 45 13 68 67 71 70 43 34 54 6 8 7 72 74 47 36 22 37 50 46 26 27 51 48 23 16 17 32 29 25 40 53 35 33 61 65 9 39 4 49 52 15 5 66 75 38 3 78 60 57 21 42 18 73 80 11 14 58 64 56 41 79 20 19 59 63 76 24 77 28 62 30 44 31 69 10 12
best 173057
time 950068 ms
seed 13
