jobs 80
mach 20
init 0 38 56 47 31 59 17 29 54 21 3 64 72 50 7 32 43 15 18 67 62 66 69 27 41 34 71 4 57 49 60 36 23 74 52 8 13 44 14 73 35 48 42 30 22 45 75 46 2 76 25 11 39 58 55 53 19 40 68 10 79 77 20 63 28 78 61 80 33 16 65 12 5 24 1 51 6 9 26 37 70
best 299639
best 295586 step 4 time 925 ms
best 292996 step 6 time 1316 ms
best 292702 step 7 time 1486 ms
best 291825 step 8 time 1721 ms
best 290014 step 14 time 2473 ms
best 289459 step 36 time 5358 ms
best 288576 step 37 time 5537 ms
best 287291 step 62 time 9445 ms
best 287148 step 228 time 33927 ms
best 287088 step 337 time 50404 ms
best 286390 step 650 time 96905 ms
best 286335 step 654 time 97337 ms
best 285943 step 655 time 97449 ms
best 285898 step 656 time 97595 ms
best 285824 step 1007 time 147833 ms
best 283933 step 1010 time 148414 ms
best 283872 step 1011 time 148581 ms
best 283034 step 1041 time 153010 ms
best 282995 step 3980 time 575626 ms
best 282829 step 3981 time 575765 ms
best 281881 step 3983 time 576113 ms
done 0 38 56 47 31 59 17 55 57 29 50 7 3 32 60 15 18 67 64 72 54 21 71 4 62 2 41 34 43 74 66 49 11 23 14 69 13 44 73 36 48 52 30 8 20 39 22 45 76 75 42 46 25 40 19 58 28 33 68 53 63 35 78 65 77 10 61 80 16 27 79 51 24 6 1 26 12 5 9 37 70
best 281881
time 950023 ms
seed 13
