jobs 90
mach 20
init 0 52 85 75 2 12 43 31 33 21 42 24 57 81 77 14 67 27 46 88 28 15 48 32 45 10 71 5 87 34 69 37 68 54 17 18 78 86 19 82 22 79 23 40 26 6 25 39 70 61 63 90 11 1 29 50 59 80 58 49 76 72 13 4 55 56 41 53 73 47 35 89 65 20 8 7 66 3 36 60 44 83 64 74 16 38 84 51 9 62 30
best 403953
best 399446 step 1 time 384 ms
best 396816 step 2 time 576 ms
best 394585 step 4 time 1088 ms
best 389217 step 5 time 1323 ms
best 388147 step 10 time 2286 ms
best 386542 step 14 time 3157 ms
best 385019 step 16 time 3523 ms
best 384880 step 17 time 3637 ms
best 384175 step 23 time 4737 ms
best 383955 step 46 time 9245 ms
best 382233 step 49 time 9936 ms
best 382072 step 50 time 10064 ms
best 380029 step 151 time 29581 ms
best 379893 step 155 time 30339 ms
best 378080 step 157 time 30849 ms
best 377859 step 201 time 40099 ms
best 377501 step 208 time 41160 ms
best 375832 step 209 time 41437 ms
best 375780 step 210 time 41542 ms
best 373557 step 597 time 117000 ms
best 369841 step 615 time 120630 ms
best 369791 step 616 time 120777 ms
best 368278 step 1260 time 243332 ms
best 368096 step 1261 time 243420 ms
done 0 52 85 12 57 31 33 2 20 67 71 81 42 45 10 78 14 27 54 24 46 88 5 48 32 34 69 75 25 39 43 37 23 21 87 26 18 79 68 11 40 82 17 22 86 1 70 61 4 63 29 28 6 50 19 15 90 58 49 76 59 72 13 55 80 8 73 56 53 47 35 77 65 41 66 44 89 64 7 83 16 3 60 36 84 74 38 51 9 62 30
best 368096
time 950080 ms
seed 13
