jobs 90
mach 20
init 0 46 35 32 89 45 75 26 90 43 79 29 13 64 61 80 24 44 63 70 88 66 39 82 25 41 20 17 5 52 1 87 49 47 37 51 77 8 57 62 19 76 85 58 7 3 50 48 2 15 56 72 84 60 16 53 23 27 28 36 73 83 71 34 21 86 68 30 11 10 55 14 74 38 6 65 9 4 67 78 42 40 33 18 81 69 22 54 59 12 31
best 378172
best 370643 step 1 time 814 ms
best 361069 step 2 time 1088 ms
best 360944 step 6 time 1719 ms
best 357240 step 44 time 9104 ms
best 357169 step 258 time 50188 ms
best 354276 step 298 time 57594 ms
best 354237 step 299 time 57668 ms
best 354103 step 300 time 57846 ms
best 354056 step 301 time 58189 ms
best 352846 step 337 time 64515 ms
best 351231 step 340 time 65239 ms
best 350894 step 1773 time 331354 ms
best 350771 step 1776 time 331818 ms
best 348773 step 1871 time 348789 ms
best 348653 step 3646 time 677110 ms
best 347710 step 3649 time 677555 ms
best 347438 step 3650 time 677694 ms
best 347287 step 3651 time 677879 ms
done 0 35 46 13 32 75 90 50 27 45 43 26 80 79 1 64 61 66 70 24 29 44 63 39 88 20 17 76 56 82 25 41 49 89 48 52 47 19 8 51 87 2 23 57 62 77 37 3 85 58 7 15 34 84 30 86 74 36 60 73 16 28 83 53 71 72 14 42 10 55 5 65 21 9 38 11 40 6 78 33 18 68 81 4 67 69 54 22 59 12 31
best 347287
time 950167 ms
seed 13
