jobs 90
mach 20
init 0 66 72 78 6 83 15 34 12 11 56 71 82 60 61 51 88 86 46 57 2 67 31 10 87 13 28 35 55 20 50 21 48 58 44 90 4 53 39 33 52 8 54 84 75 26 65 69 77 80 32 22 29 89 3 37 27 30 17 14 42 62 36 25 85 49 16 63 23 73 79 41 7 76 81 18 47 68 5 64 24 38 45 19 43 40 1 59 9 74 70
best 335770
best 329884 step 2 time 767 ms
best 326842 step 3 time 916 ms
best 326166 step 4 time 1080 ms
best 325116 step 5 time 1198 ms
best 324986 step 10 time 1952 ms
best 324812 step 12 time 2378 ms
best 320765 step 13 time 2613 ms
best 318808 step 25 time 4595 ms
best 318597 step 26 time 4738 ms
best 318189 step 31 time 5578 ms
best 315255 step 32 time 5743 ms
best 313291 step 80 time 12973 ms
best 312929 step 81 time 13071 ms
best 311619 step 88 time 14290 ms
best 308886 step 339 time 55097 ms
best 308856 step 340 time 55344 ms
best 308793 step 402 time 65498 ms
best 308123 step 5434 time 891702 ms
done 0 12 60 66 78 72 15 34 55 6 11 56 71 82 61 87 83 46 75 52 39 57 51 21 35 67 31 13 8 2 20 10 50 32 58 44 90 42 28 4 33 48 26 65 69 77 29 54 53 17 86 30 27 89 88 14 3 80 22 49 84 37 16 63 36 79 85 76 7 25 23 73 81 62 68 5 41 19 43 64 59 18 47 38 45 24 1 40 9 74 70
best 308123
time 950079 ms
seed 13
