jobs 90
mach 20
init 0 55 16 37 30 42 28 60 73 1 51 78 89 8 10 39 54 68 52 47 81 64 36 63 27 32 2 29 49 41 48 12 31 14 69 53 11 56 13 70 5 25 80 57 83 34 26 90 77 88 9 4 40 71 82 23 24 67 86 59 61 58 66 76 17 62 87 35 7 3 74 33 45 44 20 79 46 21 15 65 43 18 19 6 85 72 22 84 38 50 75
best 438964
best 426846 step 1 time 789 ms
best 425537 step 3 time 1099 ms
best 420187 step 4 time 1295 ms
best 419364 step 5 time 1488 ms
best 417699 step 11 time 2766 ms
best 415918 step 50 time 10041 ms
best 415171 step 51 time 10123 ms
best 414210 step 52 time 10319 ms
best 411443 step 67 time 13034 ms
best 409817 step 68 time 13208 ms
best 406483 step 69 time 13349 ms
best 405683 step 70 time 13542 ms
best 403817 step 152 time 28268 ms
best 402679 step 638 time 116474 ms
best 402399 step 639 time 116601 ms
done 0 55 16 39 51 27 89 42 90 28 8 54 60 78 64 10 73 1 30 36 74 81 34 32 2 29 49 12 52 63 69 14 68 41 11 48 53 31 88 9 40 47 71 70 17 13 80 25 26 86 5 3 4 37 77 83 23 24 35 58 66 7 56 57 87 33 44 59 61 67 45 62 82 65 46 76 19 6 85 43 18 21 79 22 84 72 15 20 38 50 75
best 402399
time 950013 ms
seed 13
