jobs 90
mach 20
init 0 76 42 69 35 4 5 12 89 58 25 62 46 37 53 77 55 52 31 33 27 80 88 36 81 9 65 72 17 44 30 67 73 57 28 6 48 14 79 26 43 90 83 70 13 54 29 85 78 1 32 66 3 64 50 45 39 2 60 15 74 7 34 87 24 20 61 71 8 84 41 75 51 10 59 11 21 63 19 47 16 38 82 40 86 18 22 49 68 23 56
best 361687
best 359084 step 2 time 970 ms
best 355875 step 3 time 1323 ms
best 355809 step 4 time 1461 ms
best 354306 step 20 time 4361 ms
best 354154 step 26 time 5647 ms
best 350882 step 34 time 6876 ms
best 350570 step 54 time 10137 ms
best 350394 step 57 time 10506 ms
best 349128 step 61 time 11336 ms
best 348887 step 117 time 21220 ms
best 348558 step 118 time 21315 ms
best 348414 step 119 time 21432 ms
best 347703 step 124 time 22568 ms
best 346440 step 165 time 29134 ms
best 345553 step 168 time 29572 ms
best 342849 step 282 time 48847 ms
best 342001 step 606 time 104802 ms
best 340439 step 1376 time 237525 ms
best 340317 step 1378 time 237676 ms
best 339853 step 1457 time 251672 ms
best 339600 step 1466 time 252940 ms
done 0 69 35 12 76 42 4 89 53 30 58 31 62 65 25 54 9 55 33 80 27 77 17 46 44 36 57 37 13 32 52 28 6 45 1 14 81 26 66 64 83 88 67 79 5 72 90 73 50 70 85 78 87 41 24 39 29 2 43 3 60 15 75 48 61 34 74 10 7 20 8 71 59 84 11 19 21 82 63 51 47 40 49 68 56 18 22 38 16 86 23
best 339600
time 950197 ms
seed 13
