jobs 90
mach 20
init 0 12 11 7 65 51 42 45 27 76 61 6 70 15 37 69 19 35 77 59 17 34 58 75 56 16 84 43 2 40 60 8 88 55 9 29 10 30 74 52 50 32 1 71 78 22 73 54 79 68 49 67 81 72 63 90 14 24 87 41 20 48 4 86 26 89 80 39 53 3 85 31 82 5 25 23 66 44 46 13 57 64 62 21 18 38 36 33 83 47 28
best 451459
best 448299 step 1 time 508 ms
best 435650 step 2 time 703 ms
best 434588 step 3 time 845 ms
best 431636 step 4 time 939 ms
best 424711 step 6 time 1356 ms
best 424029 step 7 time 1514 ms
best 419834 step 8 time 1882 ms
best 415990 step 9 time 2052 ms
best 415469 step 11 time 2245 ms
best 415463 step 12 time 2401 ms
best 413914 step 13 time 2597 ms
best 412395 step 15 time 2882 ms
best 407702 step 63 time 11952 ms
best 405490 step 67 time 12464 ms
best 403979 step 68 time 12616 ms
best 403678 step 69 time 12787 ms
best 403615 step 70 time 13134 ms
best 403563 step 71 time 13245 ms
best 402955 step 550 time 100784 ms
done 0 12 51 19 70 65 45 11 76 42 61 6 27 7 15 22 35 43 84 40 17 58 59 34 75 16 52 60 56 10 2 77 69 29 8 50 87 32 1 78 30 74 67 55 39 26 71 37 72 66 90 73 54 24 48 9 80 89 49 85 44 46 41 20 88 81 14 63 68 57 23 53 13 79 4 3 31 25 82 5 64 62 21 18 86 36 33 83 47 28 38
best 402955
time 950132 ms
seed 13
