jobs 90
mach 20
init 0 23 12 29 1 55 9 78 85 81 65 61 7 44 53 37 11 64 60 57 82 26 17 43 16 6 27 42 84 10 36 56 76 8 49 2 80 58 35 33 77 63 50 83 66 51 73 45 3 47 75 48 70 71 46 19 62 52 31 18 25 24 39 32 59 67 90 4 74 28 14 13 68 87 88 69 5 20 15 38 34 41 21 30 86 89 72 79 40 22 54
best 355484
best 348871 step 3 time 1050 ms
best 346097 step 4 time 1200 ms
best 341861 step 10 time 2160 ms
best 336612 step 12 time 2503 ms
best 335630 step 47 time 7679 ms
best 333865 step 49 time 8100 ms
best 332286 step 53 time 8770 ms
best 329345 step 58 time 9507 ms
best 329012 step 59 time 9751 ms
best 328212 step 676 time 110736 ms
best 327571 step 2704 time 440526 ms
best 327176 step 5495 time 896129 ms
done 0 23 12 66 78 16 1 55 9 7 81 44 53 11 65 61 80 17 56 64 57 82 26 42 85 27 6 43 10 76 63 60 36 84 37 49 2 46 83 35 45 58 33 3 39 50 77 32 52 8 47 48 70 67 73 31 75 71 59 90 18 62 24 19 28 4 14 13 74 25 68 87 89 88 5 51 34 86 21 30 38 40 69 29 20 41 15 22 54 72 79
best 327176
time 950041 ms
seed 13
