jobs 90
mach 20
init 0 5 52 13 30 57 72 66 65 44 3 55 75 53 42 1 51 81 7 76 88 87 67 60 43 61 20 63 4 2 8 39 32 73 64 22 50 80 24 86 90 77 68 31 46 27 70 25 71 40 69 47 37 56 38 19 10 49 78 82 79 89 83 21 36 33 26 12 85 14 28 11 17 48 23 74 16 58 34 15 35 62 84 54 29 6 18 59 9 45 41
best 313222
best 311918 step 1 time 759 ms
best 310729 step 2 time 1086 ms
best 307760 step 4 time 1532 ms
best 305377 step 5 time 1814 ms
best 304984 step 6 time 2036 ms
best 303800 step 7 time 2137 ms
best 303754 step 12 time 3261 ms
best 301598 step 18 time 4511 ms
best 301085 step 22 time 5162 ms
best 299260 step 24 time 5533 ms
best 299254 step 54 time 11343 ms
best 297943 step 82 time 17298 ms
best 295770 step 85 time 17790 ms
best 295552 step 87 time 18311 ms
best 295314 step 149 time 30650 ms
best 294845 step 150 time 30715 ms
best 293445 step 151 time 30874 ms
best 292693 step 154 time 31377 ms
best 291557 step 158 time 32167 ms
best 291402 step 159 time 32307 ms
best 291083 step 170 time 34054 ms
best 290778 step 1916 time 379402 ms
best 290034 step 3521 time 694414 ms
best 289876 step 4073 time 805517 ms
done 0 52 65 13 88 30 66 57 44 64 81 5 75 53 42 1 61 20 55 76 7 77 67 60 43 2 51 63 32 4 80 39 3 50 24 73 22 8 90 87 27 19 70 68 31 46 47 40 38 69 37 56 25 10 15 49 86 82 78 58 79 12 85 72 26 89 21 33 17 11 71 83 16 36 34 23 74 14 48 28 62 9 6 84 54 29 35 18 59 41 45
best 289876
time 950169 ms
seed 13
