jobs 90
mach 20
init 0 36 43 7 71 58 49 54 70 21 41 74 6 12 24 11 85 15 48 38 20 28 53 34 37 27 76 44 3 83 31 88 81 68 46 84 26 23 62 22 75 87 79 61 29 33 2 72 63 90 25 17 89 60 10 59 80 51 18 57 5 45 69 56 47 50 13 35 19 66 30 67 65 77 73 39 42 78 82 14 4 16 55 52 8 9 86 32 1 64 40
best 449604
best 439608 step 1 time 496 ms
best 438188 step 3 time 849 ms
best 433450 step 6 time 1161 ms
best 420901 step 7 time 1460 ms
best 416157 step 8 time 1665 ms
best 413853 step 9 time 1840 ms
best 412748 step 10 time 2056 ms
best 412542 step 23 time 4415 ms
best 412257 step 60 time 11059 ms
best 409305 step 102 time 18822 ms
best 407522 step 150 time 27270 ms
best 406184 step 153 time 27655 ms
best 405621 step 157 time 28493 ms
best 405522 step 165 time 29545 ms
best 404166 step 309 time 54297 ms
best 403590 step 313 time 54773 ms
best 403335 step 991 time 170228 ms
best 403232 step 992 time 170348 ms
best 399122 step 1097 time 187148 ms
done 0 48 49 54 11 58 36 15 71 7 85 74 12 24 21 6 70 79 41 29 46 20 84 43 28 38 34 27 44 3 76 90 31 83 88 87 81 17 57 62 22 51 75 68 45 33 18 37 2 23 72 61 60 25 63 19 26 50 66 30 53 56 5 13 69 59 35 73 80 39 10 42 78 47 67 8 89 16 55 77 52 1 14 4 82 65 64 86 32 40 9
best 399122
time 950001 ms
seed 13
