jobs 90
mach 20
init 0 47 53 1 73 75 20 83 59 55 32 72 28 30 70 39 68 35 45 44 18 22 9 77 25 8 49 64 87 13 7 40 26 36 16 42 48 50 29 14 6 63 21 57 54 17 4 74 31 88 19 82 43 67 62 23 38 65 86 81 69 66 52 85 80 34 41 89 33 60 10 27 61 5 51 12 79 11 78 84 3 24 37 90 15 76 71 56 46 58 2
best 413973
best 406415 step 1 time 661 ms
best 406165 step 2 time 786 ms
best 404374 step 6 time 1560 ms
best 404138 step 8 time 1885 ms
best 401385 step 10 time 2575 ms
best 401021 step 11 time 2785 ms
best 397674 step 20 time 4958 ms
best 394584 step 23 time 5675 ms
best 394384 step 28 time 6710 ms
best 393967 step 31 time 7437 ms
best 393510 step 32 time 7567 ms
best 391307 step 33 time 7740 ms
best 388426 step 34 time 7925 ms
best 388380 step 710 time 148590 ms
best 385639 step 956 time 198634 ms
best 385345 step 957 time 198901 ms
best 385129 step 962 time 200080 ms
best 385050 step 1281 time 266156 ms
best 383488 step 1282 time 266254 ms
best 383445 step 1283 time 266429 ms
best 381856 step 4378 time 877180 ms
done 0 26 9 53 1 73 75 20 83 59 64 55 18 28 49 35 70 72 39 45 30 40 68 44 8 43 77 32 42 29 21 25 7 87 69 89 13 17 54 52 63 6 86 57 81 14 50 62 67 36 74 4 48 65 31 66 85 88 22 23 38 33 19 82 16 60 34 27 41 78 51 47 12 79 5 84 3 15 80 61 10 24 76 37 2 71 11 90 46 56 58
best 381856
time 950096 ms
seed 13
