jobs 100
mach 20
init 0 26 64 39 86 14 12 72 82 69 29 33 65 63 52 80 54 42 11 53 61 43 24 79 56 49 7 18 89 93 17 9 88 25 99 38 77 57 92 59 4 68 84 78 100 95 8 45 5 50 90 6 19 40 28 67 85 44 71 1 81 13 73 30 37 97 87 58 23 20 15 3 83 55 47 46 66 70 96 27 98 10 51 60 94 76 32 62 41 16 75 31 48 34 36 21 22 35 91 74 2
best 561843
best 547231 step 1 time 813 ms
best 542011 step 2 time 1067 ms
best 540697 step 7 time 2357 ms
best 538036 step 13 time 4001 ms
best 536845 step 36 time 9900 ms
best 529203 step 37 time 10229 ms
best 527120 step 45 time 12299 ms
best 525181 step 52 time 13838 ms
best 524591 step 104 time 28187 ms
best 522612 step 212 time 56902 ms
best 522593 step 213 time 57047 ms
best 522579 step 377 time 98348 ms
best 521803 step 383 time 100074 ms
best 520985 step 1316 time 340042 ms
best 520335 step 3147 time 808099 ms
best 520022 step 3151 time 808966 ms
best 519825 step 3261 time 837113 ms
best 519587 step 3262 time 837339 ms
done 0 33 26 24 52 78 86 14 72 12 69 29 64 11 80 82 61 63 97 42 54 90 43 79 57 17 7 13 89 39 56 49 18 25 85 81 88 53 40 46 92 59 99 68 9 4 93 1 100 50 77 73 84 95 45 44 30 55 8 37 5 3 6 87 71 58 19 20 60 28 23 96 27 65 67 38 83 15 51 47 66 70 10 98 32 16 76 94 62 75 31 41 2 48 34 36 21 22 35 91 74
best 519587
time 950112 ms
seed 24
