jobs 100
mach 20
init 0 56 62 55 24 46 74 66 57 10 14 16 83 3 76 39 81 68 91 75 11 26 64 23 71 73 38 33 29 54 96 70 80 21 97 19 94 41 15 63 98 25 52 49 82 27 100 92 9 84 30 6 69 95 34 13 77 17 43 18 51 4 93 36 88 50 78 79 42 5 32 61 1 35 12 2 58 37 67 59 87 8 31 72 7 53 48 86 90 65 60 20 28 45 89 40 44 85 99 47 22
best 609136
best 608556 step 1 time 574 ms
best 595178 step 4 time 1248 ms
best 594124 step 5 time 1389 ms
best 588992 step 6 time 1765 ms
best 584357 step 9 time 2757 ms
best 581071 step 16 time 4230 ms
best 579091 step 37 time 9254 ms
best 578465 step 38 time 9446 ms
best 578179 step 96 time 24390 ms
best 578090 step 97 time 24533 ms
best 574646 step 104 time 26685 ms
best 568994 step 157 time 40090 ms
best 566365 step 159 time 40700 ms
done 0 56 62 55 3 94 24 74 66 57 14 16 81 83 46 15 38 10 80 75 64 71 96 29 23 68 11 91 26 21 98 52 97 33 41 54 63 25 19 12 49 92 84 27 30 100 36 6 18 9 69 34 70 76 43 13 82 2 77 93 1 88 51 17 4 78 73 59 95 50 42 5 39 79 32 61 44 58 37 67 31 7 86 48 35 87 60 72 53 28 8 20 45 89 90 40 65 85 99 47 22
best 566365
time 950098 ms
seed 24
