jobs 100
mach 20
init 0 48 69 25 100 75 4 38 82 99 45 96 19 21 63 65 92 97 23 68 51 64 35 50 9 79 52 22 29 24 89 39 37 86 49 95 31 87 70 32 1 66 71 94 73 60 77 59 6 85 47 16 83 17 91 72 14 34 18 11 44 13 41 36 30 42 2 98 93 67 62 88 8 7 84 53 26 3 55 61 20 10 12 76 90 40 80 78 46 56 33 15 5 27 43 28 54 58 81 74 57
best 494565
best 492248 step 1 time 945 ms
best 491093 step 2 time 1223 ms
best 488538 step 3 time 1579 ms
best 487445 step 4 time 1779 ms
best 483371 step 5 time 2112 ms
best 480872 step 7 time 2667 ms
best 477528 step 8 time 2942 ms
best 476492 step 34 time 10163 ms
best 473842 step 37 time 10766 ms
best 468934 step 104 time 30197 ms
best 467552 step 142 time 39919 ms
best 466652 step 801 time 214464 ms
best 466544 step 1700 time 457260 ms
best 465901 step 1941 time 520903 ms
best 462673 step 2519 time 674220 ms
best 460757 step 2522 time 674895 ms
best 458566 step 2523 time 675079 ms
done 0 48 31 75 25 38 23 92 97 82 21 65 99 9 45 19 63 64 4 24 51 96 100 35 1 6 73 39 29 16 49 77 32 95 83 68 87 86 70 22 60 50 66 79 71 36 2 52 94 89 59 85 44 37 42 17 91 41 14 18 11 7 34 3 13 93 62 55 72 47 15 88 26 98 40 30 84 20 53 61 78 8 76 90 80 56 67 27 43 69 10 54 46 12 28 5 58 33 81 74 57
best 458566
time 950050 ms
seed 24
