jobs 100
mach 20
init 0 23 62 1 52 45 37 90 32 21 55 80 25 34 71 98 75 16 60 29 9 12 44 17 66 27 40 88 77 19 84 50 61 11 79 42 81 86 69 85 5 18 83 70 22 64 97 68 89 59 87 2 82 10 65 33 49 51 53 39 56 94 95 91 73 24 20 99 6 58 36 47 78 26 76 30 35 67 92 41 15 3 8 31 13 63 46 100 54 4 74 7 14 72 57 96 28 48 93 43 38
best 556038
best 552042 step 3 time 1046 ms
best 543390 step 5 time 1534 ms
best 543183 step 8 time 2287 ms
best 541770 step 35 time 9269 ms
best 539870 step 36 time 9441 ms
best 536181 step 87 time 22199 ms
best 536088 step 88 time 22349 ms
best 535869 step 90 time 22716 ms
best 534692 step 569 time 146317 ms
best 533986 step 1050 time 270880 ms
best 531681 step 1052 time 271315 ms
best 529788 step 1055 time 272002 ms
done 0 23 62 1 45 80 17 75 37 55 21 52 32 16 25 34 71 66 12 44 60 61 29 98 77 87 27 42 68 79 88 19 81 84 50 11 82 69 18 85 5 49 95 51 70 83 40 59 26 73 10 64 97 58 53 39 22 86 65 90 2 76 89 9 20 56 36 94 33 78 67 6 91 63 24 15 99 46 92 47 54 41 100 8 30 31 13 35 14 7 3 74 96 28 4 93 57 72 38 48 43
best 529788
time 950338 ms
seed 24
