jobs 100
mach 20
init 0 88 73 100 16 18 34 23 51 53 19 35 70 17 98 54 52 58 56 38 79 31 8 24 37 2 96 67 81 74 21 45 3 10 33 36 63 75 44 65 99 80 69 93 83 61 82 91 76 86 1 60 43 46 15 89 85 13 90 72 71 29 20 41 50 59 11 28 22 84 48 92 97 42 40 26 32 27 62 94 87 64 6 47 12 68 57 7 30 25 95 14 66 55 77 5 4 39 49 9 78
best 481827
best 481644 step 1 time 1084 ms
best 472960 step 3 time 1964 ms
best 467494 step 8 time 3593 ms
best 463977 step 35 time 13067 ms
best 462409 step 37 time 14204 ms
best 460359 step 40 time 15362 ms
best 460001 step 384 time 129051 ms
best 459142 step 505 time 167318 ms
best 456500 step 507 time 167855 ms
best 455006 step 512 time 169315 ms
best 454705 step 777 time 254715 ms
best 454552 step 1807 time 592607 ms
best 451957 step 2722 time 878611 ms
done 0 88 52 23 18 24 16 34 53 58 19 100 10 8 35 1 51 70 38 37 54 31 2 45 81 96 3 63 17 56 65 33 73 74 21 91 98 20 99 80 69 79 83 75 44 67 90 82 43 61 71 46 60 76 85 29 86 15 36 93 89 92 28 72 11 41 22 84 50 64 59 48 42 40 26 6 97 32 47 12 68 57 13 62 27 66 94 55 87 14 5 30 25 95 4 7 77 39 49 9 78
best 451957
time 950034 ms
seed 24
