jobs 100
mach 20
init 0 52 22 99 21 26 25 2 29 61 36 38 95 30 16 55 89 80 83 96 17 69 15 13 75 85 11 31 37 8 23 14 35 86 57 32 1 19 40 47 90 53 94 50 87 59 41 72 92 44 54 66 91 68 63 56 28 51 24 45 27 10 18 3 77 81 100 7 33 58 79 48 46 65 67 97 78 34 74 5 43 93 4 70 73 6 20 98 49 88 42 62 64 60 71 9 84 82 39 12 76
best 470820
best 465738 step 1 time 709 ms
best 464649 step 2 time 926 ms
best 457247 step 3 time 1305 ms
best 440778 step 5 time 2353 ms
best 439276 step 32 time 9880 ms
best 438112 step 33 time 10054 ms
best 436126 step 180 time 47561 ms
best 436064 step 183 time 48319 ms
best 436031 step 185 time 48780 ms
best 434621 step 186 time 49031 ms
done 0 98 22 30 21 26 29 25 36 2 69 61 38 18 55 95 79 85 15 1 80 83 11 96 8 50 35 17 89 16 40 32 53 14 86 24 91 75 37 13 31 44 92 47 19 10 27 87 72 94 3 81 63 65 41 68 56 28 51 59 7 90 99 48 54 23 67 66 78 58 45 77 43 57 97 33 34 100 46 4 74 70 93 49 5 73 42 60 20 62 6 84 88 64 39 71 9 82 52 76 12
best 434621
time 950171 ms
seed 24
