jobs 100
mach 20
init 0 75 27 16 17 61 37 95 54 25 80 71 68 44 87 40 45 94 82 24 33 73 8 19 42 79 2 5 81 41 1 92 70 47 62 64 55 97 38 32 77 65 63 6 76 39 53 78 50 67 35 14 43 69 60 83 11 3 98 15 46 49 58 34 31 10 86 90 100 30 72 28 84 21 52 51 88 4 56 26 93 7 48 89 29 74 85 23 20 18 13 22 36 96 99 57 12 66 91 59 9
best 554936
best 552335 step 2 time 1373 ms
best 550298 step 4 time 2092 ms
best 537162 step 11 time 4459 ms
best 534544 step 13 time 4969 ms
best 525960 step 24 time 9187 ms
best 524859 step 38 time 13156 ms
best 523575 step 421 time 138616 ms
best 522439 step 463 time 152031 ms
best 521868 step 853 time 275256 ms
best 520783 step 953 time 306102 ms
best 518953 step 996 time 319304 ms
best 518783 step 999 time 320215 ms
best 516697 step 1541 time 490193 ms
best 516403 step 1542 time 490360 ms
best 516219 step 1543 time 490488 ms
best 515221 step 1552 time 493268 ms
done 0 16 33 30 27 17 61 80 40 37 25 71 95 54 68 45 78 94 24 19 62 63 44 8 79 73 2 5 42 41 1 55 81 64 38 32 97 70 47 92 39 53 50 65 77 82 76 34 10 43 6 75 83 14 46 86 69 98 3 67 60 35 11 100 58 87 31 48 84 72 21 52 15 90 49 88 26 4 28 51 56 23 93 29 74 20 18 7 96 99 85 89 12 36 22 13 57 91 59 66 9
best 515221
time 950035 ms
seed 24
