jobs 100
mach 20
init 0 72 22 26 92 80 63 27 97 67 99 87 88 50 68 16 12 41 34 86 93 47 91 52 23 70 61 6 98 37 13 1 25 33 30 89 39 96 100 17 51 54 45 55 43 75 32 84 18 69 20 36 24 71 83 15 2 21 94 10 5 42 95 3 35 49 29 46 82 85 73 79 7 40 62 90 4 56 76 31 53 11 9 74 78 60 57 59 48 64 58 81 19 77 44 66 28 65 8 38 14
best 374567
best 373428 step 1 time 954 ms
best 372295 step 2 time 1168 ms
best 372001 step 5 time 1935 ms
best 369168 step 6 time 2218 ms
best 368241 step 7 time 2443 ms
best 367946 step 8 time 2676 ms
best 367697 step 20 time 5946 ms
best 361511 step 21 time 6317 ms
best 361477 step 22 time 6518 ms
best 361143 step 24 time 6838 ms
best 360117 step 25 time 6999 ms
best 360004 step 123 time 34249 ms
best 356337 step 130 time 36084 ms
best 355306 step 230 time 61054 ms
best 354072 step 909 time 242057 ms
best 353284 step 920 time 244692 ms
best 353032 step 921 time 244916 ms
best 352013 step 3350 time 881077 ms
best 352000 step 3351 time 881333 ms
done 0 87 22 86 26 63 27 72 97 92 80 67 99 37 33 50 68 16 5 88 34 41 70 91 13 47 12 94 98 93 61 25 23 96 1 30 89 6 55 71 100 51 69 95 43 84 54 39 17 24 32 36 20 46 45 83 82 52 10 15 79 4 2 18 42 75 21 60 73 3 29 35 7 49 85 53 62 9 76 40 56 90 78 74 11 31 64 19 81 57 59 48 44 28 65 38 14 58 66 77 8
best 352000
time 950215 ms
seed 24
