jobs 100
mach 20
init 0 67 92 75 71 11 54 2 16 94 53 83 86 4 65 56 76 17 59 10 100 64 47 81 23 20 60 82 58 39 43 25 33 41 21 46 73 44 36 32 95 55 97 49 96 6 37 84 52 69 38 1 99 42 15 78 98 12 19 91 13 29 40 26 34 8 30 70 74 51 89 63 31 62 3 57 45 35 18 7 50 27 85 80 14 90 93 22 28 66 24 68 72 88 79 5 87 9 48 61 77
best 493580
best 492511 step 1 time 639 ms
best 485399 step 2 time 861 ms
best 479839 step 3 time 1545 ms
best 476173 step 7 time 2456 ms
best 473497 step 10 time 3414 ms
best 472543 step 13 time 4423 ms
best 470711 step 15 time 5023 ms
best 470132 step 16 time 5413 ms
best 465889 step 18 time 5989 ms
best 462065 step 24 time 7512 ms
best 462025 step 25 time 7716 ms
best 459382 step 109 time 30070 ms
best 457437 step 323 time 84156 ms
best 456884 step 324 time 84345 ms
best 455354 step 533 time 140915 ms
done 0 67 92 71 11 16 94 75 53 4 56 2 83 54 86 65 10 20 60 91 76 17 13 59 23 33 58 100 39 96 82 21 36 64 47 25 32 95 43 81 69 84 55 46 49 41 30 6 52 89 37 38 34 97 1 12 73 44 78 15 98 57 99 42 74 3 45 29 40 19 8 26 63 70 90 35 62 18 27 14 51 7 50 28 85 66 31 24 80 22 68 5 87 93 9 72 79 48 61 88 77
best 455354
time 950316 ms
seed 24
