jobs 100
mach 20
init 0 61 66 13 41 17 79 37 51 70 80 67 58 74 38 22 24 89 23 87 54 82 91 12 35 63 34 16 69 9 77 92 7 14 94 65 52 100 64 78 4 19 86 42 20 73 72 33 1 60 84 28 6 96 50 93 27 68 53 43 83 3 31 76 55 47 49 56 95 39 88 59 97 75 29 62 36 99 45 15 11 85 48 81 25 44 46 30 98 32 71 40 57 21 26 2 90 8 5 18 10
best 505836
best 497072 step 2 time 1185 ms
best 497040 step 3 time 1395 ms
best 490124 step 7 time 2553 ms
best 486132 step 36 time 10672 ms
best 485219 step 266 time 68818 ms
best 481980 step 267 time 69116 ms
best 479081 step 1482 time 375180 ms
best 477896 step 1544 time 390364 ms
done 0 61 48 77 79 51 58 17 67 13 41 74 38 37 92 23 70 54 80 24 87 86 9 12 91 82 35 69 42 22 47 34 16 7 63 56 94 65 14 64 19 52 84 4 66 20 6 72 100 33 60 76 89 43 1 28 27 68 62 96 50 73 93 78 83 31 49 55 39 53 88 95 59 29 97 75 36 81 45 98 25 11 30 3 71 99 32 2 44 26 15 85 90 46 40 57 21 5 8 18 10
best 477896
time 950151 ms
seed 24
