jobs 50
mach 20
init 0 33 18 10 45 8 11 50 9 1 37 20 29 3 48 43 17 31 39 2 35 41 4 6 44 13 34 46 19 22 47 32 24 28 26 36 38 14 25 21 30 7 15 42 12 23 49 40 27 16 5
best 18195
best 18080 step 2 time 87 ms
best 16011 step 3 time 117 ms
best 13746 step 5 time 169 ms
best 12876 step 10 time 239 ms
best 12699 step 75 time 1366 ms
best 12081 step 77 time 1385 ms
best 12069 step 108 time 1999 ms
done 0 33 18 10 45 8 29 11 50 1 37 9 20 3 48 17 6 31 41 39 35 43 44 2 4 13 46 34 22 19 14 47 32 36 12 5 26 24 38 25 21 7 30 15 42 16 23 49 40 27 28
best 12069
time 950018 ms
seed 24
