jobs 60
mach 20
init 0 3 43 49 46 8 54 11 1 35 15 48 20 38 16 7 37 55 57 26 24 31 29 36 50 13 5 53 12 9 25 58 32 4 17 41 18 28 27 44 14 30 33 42 40 59 2 22 52 47 45 34 10 56 39 23 21 60 6 51 19
best 74071
best 74026 step 1 time 93 ms
best 67257 step 4 time 281 ms
best 67124 step 9 time 475 ms
best 66620 step 59 time 2210 ms
best 65675 step 79 time 3165 ms
best 64960 step 80 time 3200 ms
best 64678 step 350 time 12595 ms
best 64386 step 1733 time 62075 ms
best 64361 step 14249 time 506989 ms
best 64225 step 15129 time 538543 ms
best 64201 step 18695 time 667782 ms
best 64145 step 19209 time 686314 ms
done 0 3 43 46 49 54 11 1 36 35 48 20 38 7 37 8 57 16 55 18 28 13 24 29 5 31 50 26 45 53 12 25 32 58 41 17 14 9 27 44 15 33 4 30 42 40 6 2 59 47 22 21 19 10 56 23 39 52 60 34 51
best 64145
time 950021 ms
seed 24
