jobs 60
mach 20
init 0 20 25 32 46 59 42 12 40 17 57 21 16 53 50 38 31 55 24 3 29 2 9 13 49 15 60 23 41 19 39 37 14 52 18 48 5 11 7 10 45 43 33 28 6 58 44 26 54 47 4 35 56 27 36 1 30 22 8 34 51
best 105907
best 105720 step 2 time 192 ms
best 105639 step 12 time 567 ms
best 102835 step 15 time 640 ms
best 101387 step 19 time 722 ms
best 100034 step 22 time 828 ms
best 99462 step 23 time 858 ms
best 98252 step 25 time 909 ms
best 96290 step 58 time 2076 ms
best 95119 step 261 time 9028 ms
best 94258 step 1227 time 42162 ms
best 94219 step 23454 time 800691 ms
done 0 20 46 25 32 38 12 40 9 17 21 59 45 42 57 53 60 16 29 31 49 15 3 2 55 14 24 43 13 39 23 41 19 37 50 52 48 47 18 5 10 33 28 6 58 26 44 54 35 4 11 7 36 56 27 1 30 22 8 34 51
best 94219
time 950012 ms
seed 24
