jobs 70
mach 20
init 0 24 27 64 38 15 18 10 20 42 6 41 56 17 65 54 45 59 26 62 50 13 14 11 8 53 57 12 30 31 34 25 63 58 23 16 55 9 69 36 44 47 66 29 43 22 19 1 7 39 28 33 49 68 4 52 60 67 5 2 32 21 35 70 48 61 51 37 40 3 46
best 155510
best 153080 step 1 time 198 ms
best 151648 step 3 time 350 ms
best 148907 step 4 time 426 ms
best 148510 step 10 time 860 ms
best 148016 step 12 time 1053 ms
best 147962 step 13 time 1110 ms
best 147186 step 14 time 1186 ms
best 145512 step 53 time 3716 ms
best 145120 step 85 time 5960 ms
best 145101 step 87 time 6040 ms
best 144227 step 114 time 7833 ms
best 144082 step 117 time 8058 ms
best 143162 step 333 time 22292 ms
best 142368 step 337 time 22556 ms
best 141856 step 745 time 49782 ms
best 140654 step 747 time 49938 ms
best 140441 step 752 time 50347 ms
best 140125 step 3014 time 202441 ms
best 139840 step 6129 time 406232 ms
best 139808 step 6130 time 406295 ms
done 0 24 27 64 38 15 18 10 20 6 41 56 26 17 42 13 31 34 54 65 45 62 50 59 52 14 25 53 57 12 69 30 11 63 8 16 55 9 58 36 44 47 66 29 19 7 33 67 68 22 23 4 21 28 43 49 39 1 5 51 32 60 35 2 70 61 3 48 37 40 46
best 139808
time 950008 ms
seed 24
