jobs 70
mach 20
init 0 11 61 29 63 38 25 64 13 52 17 12 69 44 14 15 59 7 58 68 40 31 24 20 54 66 60 34 9 10 3 22 67 51 47 36 46 18 5 70 41 23 42 33 27 4 65 8 57 32 1 6 53 56 48 50 37 16 26 55 35 45 21 39 30 62 28 2 19 49 43
best 231732
best 226706 step 2 time 248 ms
best 220675 step 3 time 343 ms
best 207955 step 4 time 425 ms
best 206640 step 5 time 474 ms
best 203590 step 13 time 893 ms
best 203311 step 121 time 8525 ms
best 201646 step 122 time 8584 ms
best 200464 step 203 time 14303 ms
best 199687 step 215 time 14956 ms
best 198958 step 538 time 35656 ms
best 197102 step 560 time 37266 ms
best 196325 step 970 time 63847 ms
best 196111 step 4413 time 292979 ms
best 195962 step 4416 time 293124 ms
best 194712 step 4586 time 303567 ms
best 194551 step 8752 time 581697 ms
done 0 38 11 13 61 14 69 12 17 68 64 25 63 44 29 55 66 59 22 46 58 15 10 20 40 54 24 34 60 3 7 23 9 70 41 33 51 36 47 65 18 6 4 32 31 27 42 8 57 67 1 5 37 16 26 53 48 50 52 21 35 56 62 45 39 30 28 2 19 49 43
best 194551
time 950007 ms
seed 24
