jobs 70
mach 20
init 0 13 53 68 34 45 56 37 42 15 26 69 44 5 33 60 24 7 11 23 22 52 17 10 12 59 57 55 6 67 30 49 9 32 16 35 14 8 28 47 4 70 63 25 40 58 21 50 61 65 43 19 46 54 41 38 39 27 18 20 31 64 51 1 36 66 62 48 29 3 2
best 162267
best 153589 step 2 time 264 ms
best 151432 step 4 time 423 ms
best 150688 step 5 time 468 ms
best 145109 step 6 time 523 ms
best 143592 step 7 time 593 ms
best 143057 step 8 time 627 ms
best 142858 step 9 time 690 ms
best 142212 step 10 time 754 ms
best 141977 step 586 time 38041 ms
best 141738 step 668 time 43002 ms
best 141640 step 681 time 43889 ms
best 140172 step 682 time 43986 ms
best 139753 step 683 time 44108 ms
best 139731 step 684 time 44179 ms
best 139162 step 12321 time 808898 ms
best 138862 step 12868 time 844188 ms
done 0 23 56 42 5 45 34 53 54 26 17 13 60 57 67 69 49 37 10 7 11 33 44 52 68 24 12 22 16 32 59 55 6 47 35 15 43 30 9 8 4 63 61 40 14 70 28 25 21 65 58 50 19 46 41 38 39 64 27 51 1 18 66 48 20 29 31 36 62 3 2
best 138862
time 950021 ms
seed 24
