jobs 70
mach 20
init 0 27 41 51 35 25 68 46 65 12 4 14 32 9 56 47 53 21 59 31 10 19 39 38 17 2 23 22 7 36 50 64 61 1 8 16 62 6 18 24 52 67 34 69 66 58 30 13 70 43 20 57 54 5 60 29 33 40 15 63 11 37 26 48 49 44 55 3 28 42 45
best 128665
best 127711 step 25 time 2338 ms
best 127604 step 26 time 2403 ms
best 127048 step 27 time 2599 ms
best 122934 step 30 time 2909 ms
best 122212 step 65 time 5747 ms
best 121654 step 88 time 7633 ms
best 121327 step 91 time 7966 ms
best 119378 step 93 time 8162 ms
best 118844 step 94 time 8226 ms
best 118706 step 327 time 26795 ms
best 118698 step 334 time 27186 ms
best 117797 step 3045 time 255840 ms
best 117488 step 3048 time 255992 ms
best 116522 step 3914 time 328140 ms
best 116379 step 8680 time 725026 ms
done 0 8 35 25 31 4 32 9 68 46 12 65 14 53 51 2 21 56 19 10 23 47 39 34 1 17 50 7 36 22 64 59 38 30 41 6 24 62 67 61 58 60 18 16 52 15 69 57 70 43 44 20 54 5 29 33 40 63 66 3 13 27 49 48 11 37 26 55 28 45 42
best 116379
time 950042 ms
seed 24
