jobs 80
mach 20
init 0 55 2 1 45 70 67 43 34 36 68 71 7 6 13 54 50 72 78 47 22 26 32 74 48 23 39 27 29 37 46 53 17 9 35 25 8 49 33 61 65 16 51 40 66 52 18 15 75 64 4 80 60 42 21 57 56 73 30 38 5 3 58 63 14 59 20 19 28 79 41 76 77 62 24 11 31 69 10 44 12
best 191124
best 188771 step 1 time 379 ms
best 187975 step 2 time 466 ms
best 186017 step 3 time 609 ms
best 184368 step 4 time 738 ms
best 180825 step 7 time 1082 ms
best 179700 step 8 time 1201 ms
best 178450 step 21 time 2730 ms
best 176972 step 22 time 2849 ms
best 176105 step 62 time 6918 ms
best 174369 step 324 time 35202 ms
best 173914 step 572 time 62053 ms
best 173818 step 959 time 105897 ms
best 173773 step 1323 time 144965 ms
best 172400 step 1411 time 154590 ms
best 172225 step 1413 time 154732 ms
done 0 55 2 1 45 70 9 71 13 43 68 26 34 6 67 74 7 8 72 47 78 37 36 22 50 32 4 27 54 48 23 17 51 53 40 35 39 25 65 46 29 33 61 5 15 52 49 66 75 38 16 3 60 80 21 18 42 57 56 73 64 63 14 79 11 41 20 58 19 59 69 24 76 77 28 62 30 44 31 12 10
best 172225
time 950169 ms
seed 24
