jobs 80
mach 20
init 0 56 47 3 21 59 17 64 29 60 15 18 32 54 31 67 49 72 38 50 62 43 66 57 4 7 71 34 8 74 75 23 2 36 41 44 78 19 13 39 14 63 48 73 53 52 30 28 45 76 68 25 11 58 69 40 22 77 42 10 46 35 55 61 80 33 27 20 79 51 24 6 16 26 65 12 5 9 1 70 37
best 305127
best 304773 step 1 time 406 ms
best 304575 step 2 time 478 ms
best 303526 step 4 time 687 ms
best 298597 step 9 time 1363 ms
best 296160 step 17 time 2458 ms
best 294338 step 20 time 2736 ms
best 290703 step 24 time 3114 ms
best 289560 step 29 time 3616 ms
best 289395 step 30 time 3666 ms
best 289314 step 33 time 4021 ms
best 287013 step 34 time 4165 ms
best 286980 step 35 time 4220 ms
best 286455 step 36 time 4346 ms
best 285699 step 237 time 25819 ms
best 284435 step 321 time 36120 ms
best 283413 step 509 time 56250 ms
best 282586 step 510 time 56411 ms
best 282427 step 513 time 56745 ms
done 0 38 56 47 31 59 17 55 57 29 50 3 21 32 15 34 18 67 64 72 54 71 4 62 2 43 74 66 52 7 49 60 23 11 41 13 44 69 36 48 30 14 8 20 19 39 22 45 73 76 75 46 25 40 77 42 58 53 63 35 78 33 27 28 68 10 61 80 79 16 51 24 9 65 12 5 6 1 26 37 70
best 282427
time 950011 ms
seed 24
