jobs 80
mach 20
init 0 38 45 24 78 42 75 1 63 76 19 14 61 7 22 29 12 20 46 11 49 31 27 17 41 60 33 10 71 3 69 79 66 30 57 34 56 53 4 44 72 48 26 32 77 73 28 51 5 16 15 39 67 8 74 21 25 59 35 80 64 9 2 40 62 50 18 36 68 54 70 23 58 43 55 13 6 37 47 52 65
best 194878
best 192851 step 1 time 392 ms
best 187208 step 3 time 744 ms
best 187131 step 5 time 886 ms
best 186912 step 6 time 1001 ms
best 186847 step 7 time 1129 ms
best 184657 step 12 time 1697 ms
best 184346 step 13 time 1810 ms
best 183895 step 14 time 1923 ms
best 180349 step 15 time 2066 ms
best 180161 step 16 time 2225 ms
best 179492 step 99 time 12591 ms
best 177701 step 236 time 29426 ms
best 177668 step 288 time 35687 ms
best 174661 step 733 time 87742 ms
done 0 19 3 24 45 42 1 38 78 46 56 63 75 61 20 66 14 12 7 22 49 31 10 71 27 44 33 41 76 11 69 60 17 79 29 57 34 53 59 72 30 4 48 26 32 21 77 62 15 73 35 28 51 50 39 9 74 8 16 67 80 40 2 5 68 64 18 70 25 47 54 58 43 36 6 23 13 55 37 65 52
best 174661
time 950066 ms
seed 24
