jobs 80
mach 20
init 0 21 36 70 58 23 66 77 1 25 74 68 31 55 20 33 16 40 3 4 65 17 8 75 53 27 50 49 57 5 34 11 45 64 44 69 22 56 46 73 14 76 52 51 30 79 18 19 10 80 7 32 6 61 29 63 41 78 12 38 62 28 47 48 9 35 60 42 37 13 43 26 39 71 2 24 72 15 67 59 54
best 269086
best 264536 step 3 time 623 ms
best 262249 step 5 time 952 ms
best 260989 step 6 time 1048 ms
best 260435 step 7 time 1159 ms
best 260114 step 8 time 1240 ms
best 258520 step 37 time 4747 ms
best 258512 step 38 time 4890 ms
best 257135 step 1322 time 150495 ms
best 256882 step 1323 time 150612 ms
best 256119 step 1324 time 150775 ms
best 256118 step 2076 time 237185 ms
best 255985 step 2085 time 237880 ms
best 255234 step 4851 time 555603 ms
best 254680 step 7601 time 867391 ms
done 0 21 65 68 23 1 36 25 58 70 4 77 55 33 34 16 31 74 11 66 69 3 40 56 17 27 49 57 20 75 8 53 45 44 5 80 73 30 18 51 14 50 46 6 52 22 79 19 32 76 62 7 61 10 28 12 63 41 78 29 37 35 38 64 47 13 48 9 2 43 42 60 26 39 71 59 24 72 15 67 54
best 254680
time 950069 ms
seed 24
