jobs 80
mach 20
init 0 20 68 71 65 26 54 9 24 76 42 46 25 22 43 72 10 14 39 70 41 60 38 66 11 27 2 64 34 75 47 61 51 31 56 13 17 5 15 52 57 53 33 49 50 35 40 80 59 45 18 69 48 62 12 44 4 16 30 23 28 74 1 3 78 36 32 55 67 37 21 6 77 19 8 58 29 63 73 79 7
best 254394
best 249747 step 1 time 669 ms
best 249675 step 3 time 957 ms
best 249152 step 4 time 1026 ms
best 248729 step 5 time 1185 ms
best 247303 step 7 time 1439 ms
best 245293 step 8 time 1532 ms
best 241337 step 9 time 1675 ms
best 234773 step 10 time 1837 ms
best 232354 step 27 time 4033 ms
best 232107 step 28 time 4149 ms
best 229155 step 30 time 4322 ms
best 228891 step 31 time 4408 ms
best 228760 step 32 time 4484 ms
best 228058 step 36 time 4908 ms
best 226598 step 1456 time 163913 ms
best 226466 step 1459 time 164115 ms
best 226077 step 7355 time 814288 ms
done 0 68 20 71 26 46 54 24 9 65 25 76 60 27 22 39 70 43 72 10 14 66 48 35 42 2 41 61 64 34 56 47 50 38 51 18 31 5 59 11 17 57 33 53 49 15 52 40 75 69 4 45 23 1 80 62 13 44 12 78 37 16 30 3 74 28 6 55 36 32 67 77 19 8 58 21 29 63 73 79 7
best 226077
time 950022 ms
seed 24
