jobs 80
mach 20
init 0 67 22 54 7 77 42 39 5 23 16 27 14 75 33 66 58 19 80 49 38 51 64 72 26 34 40 69 3 50 11 35 52 9 74 63 47 46 48 56 61 18 21 79 68 45 6 37 41 4 29 78 60 25 15 62 31 8 28 1 73 57 65 53 59 20 36 76 17 43 12 71 10 2 13 70 30 24 32 55 44
best 240230
best 236909 step 1 time 579 ms
best 233209 step 2 time 769 ms
best 233166 step 3 time 871 ms
best 232840 step 7 time 1373 ms
best 229040 step 11 time 1740 ms
best 228764 step 12 time 1904 ms
best 228060 step 13 time 2033 ms
best 227310 step 41 time 5688 ms
best 227293 step 56 time 7607 ms
best 226393 step 57 time 7781 ms
best 224999 step 61 time 8285 ms
best 224071 step 67 time 9291 ms
best 222356 step 71 time 9820 ms
best 221704 step 72 time 9931 ms
best 221348 step 73 time 10063 ms
best 220732 step 260 time 36484 ms
best 218300 step 315 time 44059 ms
best 218244 step 606 time 83478 ms
done 0 67 22 54 7 23 60 16 39 77 5 18 64 42 14 19 58 66 51 80 75 26 63 27 38 34 40 79 72 3 11 35 69 50 47 46 49 48 61 21 33 6 74 68 56 1 45 4 29 62 78 15 65 52 37 41 9 73 8 36 53 31 25 43 17 59 28 57 20 71 10 70 76 2 24 13 12 44 55 32 30
best 218244
time 950127 ms
seed 24
