jobs 80
mach 20
init 0 9 5 47 25 53 18 15 1 48 59 45 43 2 77 44 78 69 21 31 79 3 72 76 62 67 4 55 30 40 80 12 73 32 39 14 29 57 27 74 19 50 17 16 63 22 65 75 71 51 60 11 52 24 66 70 28 42 26 7 68 64 36 56 46 13 35 41 6 20 33 10 58 34 8 49 37 23 38 54 61
best 237487
best 231834 step 3 time 647 ms
best 227155 step 4 time 838 ms
best 226699 step 5 time 982 ms
best 225425 step 7 time 1226 ms
best 225410 step 8 time 1384 ms
best 225100 step 19 time 2651 ms
best 224797 step 20 time 2790 ms
best 224635 step 21 time 2883 ms
best 223863 step 44 time 5236 ms
best 220171 step 70 time 8301 ms
best 219674 step 154 time 17741 ms
best 219532 step 155 time 17838 ms
best 216647 step 277 time 31603 ms
best 216603 step 278 time 31762 ms
best 214526 step 719 time 79171 ms
best 213856 step 4795 time 512263 ms
best 213321 step 4796 time 512394 ms
best 212987 step 5904 time 630320 ms
done 0 47 5 26 21 72 53 1 15 59 48 25 2 18 45 30 3 29 31 43 44 80 67 69 55 77 28 32 76 12 40 79 73 39 9 16 63 57 4 74 71 50 11 22 19 75 27 14 65 51 17 62 70 78 66 36 24 64 68 60 33 42 7 13 52 56 46 35 41 8 20 10 58 34 6 49 23 38 37 54 61
best 212987
time 950034 ms
seed 24
