jobs 80
mach 20
init 0 23 47 28 77 79 80 74 36 27 59 22 12 61 6 55 56 7 37 9 38 14 11 33 18 58 24 26 16 62 54 43 71 42 70 53 21 69 30 49 75 32 4 63 5 52 65 45 8 13 40 60 15 48 64 17 51 57 34 66 50 29 67 72 46 35 2 10 41 76 20 3 25 39 73 78 31 1 44 68 19
best 321250
best 309136 step 1 time 452 ms
best 308750 step 2 time 632 ms
best 308720 step 4 time 841 ms
best 308039 step 7 time 1173 ms
best 305651 step 10 time 1615 ms
best 304096 step 31 time 4253 ms
best 304046 step 37 time 4961 ms
best 299072 step 38 time 5118 ms
best 297681 step 39 time 5189 ms
best 296797 step 87 time 10513 ms
best 294385 step 193 time 22550 ms
best 291677 step 217 time 24737 ms
best 291577 step 218 time 24815 ms
best 290812 step 398 time 45673 ms
best 289362 step 1782 time 203305 ms
best 288649 step 4554 time 508492 ms
best 288030 step 7602 time 847632 ms
done 0 47 79 36 59 23 77 28 74 56 37 6 80 12 61 75 7 55 14 38 26 69 51 45 11 70 27 18 33 42 54 43 71 53 40 22 16 52 21 30 24 5 63 9 8 67 32 62 4 72 65 66 60 49 34 17 13 15 46 50 57 64 58 35 2 10 41 76 48 29 20 39 3 25 31 73 1 78 68 44 19
best 288030
time 950013 ms
seed 24
