jobs 80
mach 20
init 0 66 62 25 53 18 41 47 71 29 19 2 57 17 14 42 50 58 1 11 67 4 21 26 63 76 38 55 70 15 65 37 73 79 75 6 52 13 30 28 22 61 39 72 77 35 59 20 78 54 60 74 12 10 23 33 3 24 40 7 34 36 64 31 8 43 32 49 27 44 9 46 5 69 80 68 56 16 51 45 48
best 265565
best 264082 step 1 time 514 ms
best 259026 step 9 time 1589 ms
best 257121 step 10 time 1771 ms
best 256055 step 12 time 2080 ms
best 255908 step 13 time 2156 ms
best 253136 step 17 time 2970 ms
best 251003 step 21 time 3671 ms
best 249887 step 22 time 3745 ms
best 248933 step 61 time 9766 ms
best 248688 step 62 time 9928 ms
best 248259 step 293 time 45481 ms
best 248145 step 295 time 45852 ms
best 248136 step 296 time 45905 ms
best 247204 step 299 time 46513 ms
best 246459 step 399 time 61647 ms
best 244506 step 756 time 116514 ms
best 241772 step 901 time 138926 ms
best 241705 step 902 time 139052 ms
done 0 66 29 19 25 2 18 47 57 14 53 17 42 62 12 58 71 50 70 21 4 38 41 65 63 11 23 52 22 76 79 20 37 1 15 73 59 6 13 75 74 72 28 61 39 30 35 55 33 54 78 3 60 26 24 34 40 27 7 67 77 10 36 64 31 44 9 49 8 43 46 5 32 69 80 68 56 16 51 45 48
best 241705
time 950066 ms
seed 24
