jobs 90
mach 20
init 0 35 46 45 79 75 32 43 80 26 90 41 48 1 64 13 61 70 63 29 24 44 52 39 88 20 17 82 5 56 47 66 25 49 50 76 51 8 87 23 57 62 58 37 7 3 19 89 36 77 84 85 15 30 86 2 53 60 73 72 16 28 27 34 10 38 74 83 55 71 6 14 21 78 42 68 33 4 11 9 67 18 81 65 40 69 54 22 59 31 12
best 374007
best 368346 step 6 time 1534 ms
best 368185 step 11 time 2726 ms
best 367950 step 12 time 2935 ms
best 364182 step 18 time 4057 ms
best 363892 step 30 time 6558 ms
best 362227 step 31 time 6659 ms
best 357426 step 35 time 7444 ms
best 354090 step 36 time 7704 ms
best 353761 step 649 time 123267 ms
best 352716 step 678 time 128225 ms
best 352711 step 866 time 162800 ms
best 352351 step 867 time 162968 ms
best 351677 step 868 time 163093 ms
best 348045 step 1423 time 265575 ms
best 346571 step 1685 time 313290 ms
done 0 35 46 13 32 79 75 2 45 26 90 80 88 50 43 61 70 66 1 64 52 29 27 63 39 20 24 17 41 44 89 76 56 25 82 47 37 51 8 87 49 23 57 62 48 58 3 7 77 19 85 15 30 86 36 84 60 28 73 16 53 83 71 72 55 10 74 14 5 34 21 42 9 38 11 33 6 40 78 18 81 4 67 68 69 54 65 59 31 22 12
best 346571
time 950269 ms
seed 24
