jobs 90
mach 20
init 0 12 3 87 78 60 72 15 6 83 34 11 56 71 82 31 61 20 66 51 39 21 35 86 13 88 46 55 52 50 57 67 10 58 90 33 26 48 28 44 4 2 75 69 32 17 54 65 27 77 42 53 89 80 23 29 8 63 49 14 22 16 84 30 85 37 73 36 25 76 81 7 62 68 79 41 19 24 1 43 45 64 59 9 18 47 5 74 38 70 40
best 337936
best 336240 step 1 time 417 ms
best 335763 step 3 time 739 ms
best 334623 step 4 time 932 ms
best 324222 step 5 time 1154 ms
best 323392 step 13 time 2368 ms
best 320019 step 15 time 2626 ms
best 318072 step 21 time 3684 ms
best 317392 step 44 time 7642 ms
best 317177 step 45 time 7756 ms
best 317023 step 47 time 8063 ms
best 316822 step 75 time 12648 ms
best 316476 step 94 time 15568 ms
best 316175 step 242 time 40057 ms
best 313907 step 279 time 46377 ms
best 313898 step 285 time 47307 ms
best 312874 step 286 time 47530 ms
best 312210 step 340 time 56488 ms
best 311939 step 342 time 56668 ms
best 310173 step 560 time 92774 ms
best 309430 step 583 time 96871 ms
best 309112 step 594 time 98459 ms
best 308965 step 595 time 98688 ms
best 308151 step 3209 time 529294 ms
best 307963 step 3975 time 658051 ms
best 307580 step 3980 time 658741 ms
done 0 12 60 66 78 72 15 8 6 71 11 83 56 34 88 61 57 87 82 46 2 31 55 50 21 52 67 35 32 20 51 13 39 58 44 10 90 48 28 4 33 42 75 26 65 69 77 29 54 53 86 30 27 89 14 3 37 22 80 16 84 63 17 36 25 49 62 85 73 23 76 79 41 7 43 59 24 68 81 18 47 5 38 45 64 19 1 70 74 9 40
best 307580
time 950037 ms
seed 24
