jobs 90
mach 20
init 0 23 12 78 29 1 55 9 7 81 75 46 11 16 80 64 66 53 57 58 37 85 82 44 17 56 27 42 84 10 65 61 76 36 83 43 60 2 45 35 49 33 50 18 52 63 77 3 67 32 8 47 51 70 6 39 31 4 71 59 90 62 73 48 13 19 28 24 74 14 68 26 25 21 87 88 69 5 34 41 38 15 30 86 89 72 20 40 22 54 79
best 360911
best 351462 step 1 time 802 ms
best 351175 step 5 time 1574 ms
best 339715 step 7 time 2131 ms
best 339594 step 37 time 7482 ms
best 339379 step 45 time 9009 ms
best 336988 step 48 time 9299 ms
best 334912 step 50 time 9770 ms
best 334590 step 84 time 15615 ms
best 332999 step 192 time 34580 ms
best 331664 step 193 time 34709 ms
best 330813 step 194 time 34982 ms
best 330296 step 195 time 35227 ms
best 327609 step 218 time 38702 ms
best 327205 step 1172 time 200209 ms
best 326919 step 4316 time 747983 ms
best 326341 step 4317 time 748146 ms
done 0 23 66 12 85 78 1 65 9 81 55 7 46 11 53 64 57 82 26 17 56 44 16 76 43 6 27 42 84 10 60 80 63 37 49 36 2 83 45 58 35 33 18 3 39 32 50 77 71 52 24 14 70 8 47 31 67 73 75 48 61 62 59 51 25 4 19 28 90 5 86 13 68 87 88 21 29 74 38 41 89 69 30 20 15 34 54 79 22 72 40
best 326341
time 950098 ms
seed 24
