jobs 90
mach 20
init 0 9 75 53 20 60 40 32 55 18 1 73 83 49 68 35 28 54 39 64 17 8 72 70 74 47 45 77 59 87 26 25 29 21 42 69 63 43 57 14 7 6 50 65 81 30 4 86 16 67 31 82 48 13 27 88 62 23 36 33 38 66 89 52 19 44 10 34 41 12 51 5 79 85 80 22 61 37 78 84 3 15 76 71 24 90 11 2 46 56 58
best 428156
best 413062 step 1 time 681 ms
best 408414 step 3 time 1212 ms
best 406746 step 4 time 1608 ms
best 403741 step 5 time 1875 ms
best 403348 step 6 time 2042 ms
best 401712 step 7 time 2243 ms
best 400950 step 9 time 2726 ms
best 399627 step 11 time 3042 ms
best 399370 step 12 time 3171 ms
best 397904 step 18 time 4560 ms
best 393674 step 23 time 5789 ms
best 392956 step 24 time 5910 ms
best 392564 step 25 time 6113 ms
best 391675 step 33 time 7630 ms
best 390255 step 34 time 7804 ms
best 389758 step 36 time 8154 ms
best 386115 step 280 time 60387 ms
best 385952 step 326 time 69566 ms
best 384935 step 351 time 74922 ms
best 384667 step 1625 time 340157 ms
best 382802 step 1627 time 340869 ms
best 382481 step 1628 time 341056 ms
best 382468 step 1629 time 341278 ms
best 381336 step 1631 time 341706 ms
best 380788 step 3687 time 768445 ms
best 378035 step 3692 time 769826 ms
done 0 26 9 53 1 73 75 20 83 59 64 55 18 28 49 35 70 72 39 45 30 40 68 8 43 77 32 89 29 42 13 7 69 21 52 54 25 36 44 17 6 50 74 63 86 57 81 14 67 4 48 65 31 66 88 19 16 62 23 38 85 87 12 60 41 82 34 47 79 27 84 3 33 5 22 46 11 80 61 37 10 24 51 78 90 15 76 71 58 2 56
best 378035
time 950074 ms
seed 24
