jobs 90
mach 20
init 0 5 52 30 13 57 88 65 75 44 72 42 81 66 1 53 67 60 32 61 20 76 77 7 8 64 2 51 63 43 55 4 80 50 3 73 22 24 19 70 90 68 87 86 27 31 39 46 49 56 25 40 69 78 47 11 10 79 82 89 71 26 21 37 38 17 23 15 12 85 16 36 33 58 14 48 28 84 54 74 34 62 83 29 6 35 18 59 45 9 41
best 305058
best 303713 step 6 time 2037 ms
best 303242 step 7 time 2292 ms
best 301363 step 9 time 2693 ms
best 301129 step 12 time 3251 ms
best 300660 step 13 time 3558 ms
best 297500 step 19 time 4932 ms
best 296245 step 20 time 5174 ms
best 295827 step 21 time 5453 ms
best 295535 step 34 time 7879 ms
best 294821 step 98 time 22347 ms
best 293831 step 119 time 26534 ms
best 293200 step 238 time 53501 ms
best 293130 step 239 time 53685 ms
best 292935 step 244 time 54836 ms
best 292875 step 264 time 59794 ms
best 292834 step 267 time 60273 ms
best 292740 step 268 time 60409 ms
best 291989 step 271 time 60956 ms
best 290979 step 437 time 98643 ms
best 290746 step 477 time 108166 ms
best 290218 step 545 time 122215 ms
best 288240 step 2653 time 580976 ms
best 288112 step 2655 time 581354 ms
done 0 5 52 13 30 57 65 44 63 42 75 64 81 53 66 1 61 20 55 76 7 77 67 60 43 2 51 4 39 31 32 80 88 73 3 50 24 22 87 68 8 90 19 27 70 72 46 49 16 37 10 25 40 69 47 12 17 21 86 82 56 38 79 85 14 58 89 33 28 11 78 26 48 71 83 36 34 15 23 74 59 29 6 84 62 45 54 9 41 18 35
best 288112
time 950014 ms
seed 24
