jobs 90
mach 20
init 0 70 37 69 53 78 51 27 28 47 54 10 60 73 1 8 81 39 62 36 89 2 64 52 63 41 71 42 29 90 49 14 11 30 48 45 68 56 32 31 67 24 80 13 34 25 5 83 88 86 9 26 77 87 57 23 40 55 35 66 12 7 33 76 3 4 74 82 46 61 58 18 43 79 65 72 16 59 19 6 21 17 84 15 85 44 22 20 38 50 75
best 448226
best 439252 step 2 time 881 ms
best 436814 step 3 time 1107 ms
best 434017 step 4 time 1273 ms
best 429456 step 6 time 1586 ms
best 428306 step 7 time 1751 ms
best 422251 step 8 time 2023 ms
best 418054 step 9 time 2255 ms
best 415161 step 10 time 2476 ms
best 414878 step 14 time 3281 ms
best 413930 step 48 time 9061 ms
best 412760 step 55 time 10188 ms
best 412111 step 89 time 15610 ms
best 411339 step 90 time 15774 ms
best 410930 step 93 time 16230 ms
best 409599 step 95 time 16606 ms
best 408287 step 249 time 43789 ms
best 408275 step 259 time 45196 ms
best 406719 step 321 time 55401 ms
best 404860 step 334 time 57712 ms
best 403122 step 1249 time 219942 ms
best 401886 step 1255 time 220905 ms
best 401475 step 3809 time 673334 ms
best 399876 step 3811 time 673573 ms
done 0 55 70 51 1 42 90 28 8 54 60 78 64 10 73 39 27 47 53 71 81 89 30 36 52 34 49 2 37 68 12 41 14 11 63 31 32 57 62 48 40 88 9 69 5 83 13 80 25 26 16 24 35 86 23 77 29 4 82 56 65 3 7 76 58 45 66 19 17 61 46 67 74 87 33 43 44 59 18 21 15 79 22 84 85 72 6 38 20 50 75
best 399876
time 950119 ms
seed 24
